Entity,Code,Day,total_vaccinations_per_hundred
Afghanistan,AFG,2021-02-22,0
Afghanistan,AFG,2021-02-28,0.02
Afghanistan,AFG,2021-03-16,0.13
Afghanistan,AFG,2021-04-07,0.3
Afghanistan,AFG,2021-04-22,0.6
Afghanistan,AFG,2021-05-11,1.26
Afghanistan,AFG,2021-05-20,1.37
Afghanistan,AFG,2021-05-24,1.43
Afghanistan,AFG,2021-05-26,1.47
Afghanistan,AFG,2021-05-27,1.48
Afghanistan,AFG,2021-05-30,1.5
Afghanistan,AFG,2021-06-02,1.56
Afghanistan,AFG,2021-06-03,1.57
Afghanistan,AFG,2021-06-08,1.6
Afghanistan,AFG,2021-06-14,1.65
Afghanistan,AFG,2021-06-22,1.91
Afghanistan,AFG,2021-06-27,2.08
Afghanistan,AFG,2021-06-30,2.21
Afghanistan,AFG,2021-07-05,2.28
Afghanistan,AFG,2021-07-07,2.33
Afghanistan,AFG,2021-07-11,2.4
Afghanistan,AFG,2021-07-14,2.55
Afghanistan,AFG,2021-07-18,2.73
Afghanistan,AFG,2021-07-24,2.92
Afghanistan,AFG,2021-08-20,3
Afghanistan,AFG,2021-08-31,4.94
Afghanistan,AFG,2021-09-30,5.91
Afghanistan,AFG,2021-11-14,10.02
Afghanistan,AFG,2021-12-27,11.66
Afghanistan,AFG,2022-01-09,12.23
Afghanistan,AFG,2022-01-11,12.28
Afghanistan,AFG,2022-01-13,12.36
Afghanistan,AFG,2022-01-17,12.43
Afghanistan,AFG,2022-01-19,12.48
Afghanistan,AFG,2022-01-24,12.58
Afghanistan,AFG,2022-01-26,12.65
Afghanistan,AFG,2022-01-27,12.67
Afghanistan,AFG,2022-01-31,12.78
Afghanistan,AFG,2022-02-02,12.85
Afghanistan,AFG,2022-02-07,13.01
Afghanistan,AFG,2022-02-14,13.27
Afghanistan,AFG,2022-02-20,13.5
Afghanistan,AFG,2022-02-27,13.8
Afghanistan,AFG,2022-03-06,13.96
Afghanistan,AFG,2022-03-17,14.29
Afghanistan,AFG,2022-03-22,14.34
Afghanistan,AFG,2022-04-04,14.65
Afghanistan,AFG,2022-04-14,14.81
Afghanistan,AFG,2022-04-18,14.84
Afghanistan,AFG,2022-04-26,14.93
Afghanistan,AFG,2022-04-27,14.93
Afghanistan,AFG,2022-05-05,15.02
Afghanistan,AFG,2022-05-08,15.02
Afghanistan,AFG,2022-05-10,15.04
Afghanistan,AFG,2022-05-15,15.13
Afghanistan,AFG,2022-05-23,15.26
Afghanistan,AFG,2022-06-01,15.39
Afghanistan,AFG,2022-06-15,15.7
Afghanistan,AFG,2022-06-21,15.85
Afghanistan,AFG,2022-06-27,15.98
Afghanistan,AFG,2022-06-30,16.07
Afghanistan,AFG,2022-07-10,16.19
Afghanistan,AFG,2022-07-17,16.73
Afghanistan,AFG,2022-07-19,19.66
Africa,,2021-01-09,0
Africa,,2021-01-10,0
Africa,,2021-01-11,0
Africa,,2021-01-12,0
Africa,,2021-01-13,0
Africa,,2021-01-14,0
Africa,,2021-01-15,0
Africa,,2021-01-16,0
Africa,,2021-01-17,0
Africa,,2021-01-18,0
Africa,,2021-01-19,0
Africa,,2021-01-20,0
Africa,,2021-01-21,0
Africa,,2021-01-22,0
Africa,,2021-01-23,0
Africa,,2021-01-24,0
Africa,,2021-01-25,0
Africa,,2021-01-26,0
Africa,,2021-01-27,0
Africa,,2021-01-28,0
Africa,,2021-01-29,0
Africa,,2021-01-30,0.01
Africa,,2021-01-31,0.01
Africa,,2021-02-01,0.02
Africa,,2021-02-02,0.02
Africa,,2021-02-03,0.02
Africa,,2021-02-04,0.03
Africa,,2021-02-05,0.03
Africa,,2021-02-06,0.04
Africa,,2021-02-07,0.04
Africa,,2021-02-08,0.04
Africa,,2021-02-09,0.05
Africa,,2021-02-10,0.06
Africa,,2021-02-11,0.07
Africa,,2021-02-12,0.08
Africa,,2021-02-13,0.1
Africa,,2021-02-14,0.1
Africa,,2021-02-15,0.13
Africa,,2021-02-16,0.14
Africa,,2021-02-17,0.15
Africa,,2021-02-18,0.17
Africa,,2021-02-19,0.18
Africa,,2021-02-20,0.19
Africa,,2021-02-21,0.19
Africa,,2021-02-22,0.2
Africa,,2021-02-23,0.2
Africa,,2021-02-24,0.23
Africa,,2021-02-25,0.25
Africa,,2021-02-26,0.26
Africa,,2021-02-27,0.28
Africa,,2021-02-28,0.28
Africa,,2021-03-01,0.29
Africa,,2021-03-02,0.31
Africa,,2021-03-03,0.32
Africa,,2021-03-04,0.33
Africa,,2021-03-05,0.35
Africa,,2021-03-06,0.36
Africa,,2021-03-07,0.36
Africa,,2021-03-08,0.39
Africa,,2021-03-09,0.4
Africa,,2021-03-10,0.42
Africa,,2021-03-11,0.44
Africa,,2021-03-12,0.46
Africa,,2021-03-13,0.49
Africa,,2021-03-14,0.49
Africa,,2021-03-15,0.52
Africa,,2021-03-16,0.53
Africa,,2021-03-17,0.55
Africa,,2021-03-18,0.56
Africa,,2021-03-19,0.58
Africa,,2021-03-20,0.59
Africa,,2021-03-21,0.59
Africa,,2021-03-22,0.6
Africa,,2021-03-23,0.61
Africa,,2021-03-24,0.68
Africa,,2021-03-25,0.7
Africa,,2021-03-26,0.72
Africa,,2021-03-27,0.74
Africa,,2021-03-28,0.76
Africa,,2021-03-29,0.77
Africa,,2021-03-30,0.79
Africa,,2021-03-31,0.82
Africa,,2021-04-01,0.84
Africa,,2021-04-02,0.85
Africa,,2021-04-03,0.86
Africa,,2021-04-04,0.87
Africa,,2021-04-05,0.88
Africa,,2021-04-06,0.9
Africa,,2021-04-07,0.93
Africa,,2021-04-08,0.98
Africa,,2021-04-09,0.99
Africa,,2021-04-10,1.01
Africa,,2021-04-11,1.02
Africa,,2021-04-12,1.02
Africa,,2021-04-13,1.03
Africa,,2021-04-14,1.06
Africa,,2021-04-15,1.07
Africa,,2021-04-16,1.08
Africa,,2021-04-17,1.1
Africa,,2021-04-18,1.14
Africa,,2021-04-19,1.16
Africa,,2021-04-20,1.17
Africa,,2021-04-21,1.19
Africa,,2021-04-22,1.19
Africa,,2021-04-23,1.21
Africa,,2021-04-24,1.21
Africa,,2021-04-25,1.22
Africa,,2021-04-26,1.23
Africa,,2021-04-27,1.24
Africa,,2021-04-28,1.31
Africa,,2021-04-29,1.32
Africa,,2021-04-30,1.33
Africa,,2021-05-01,1.34
Africa,,2021-05-02,1.35
Africa,,2021-05-03,1.36
Africa,,2021-05-04,1.38
Africa,,2021-05-05,1.4
Africa,,2021-05-06,1.41
Africa,,2021-05-07,1.45
Africa,,2021-05-08,1.47
Africa,,2021-05-09,1.52
Africa,,2021-05-10,1.56
Africa,,2021-05-11,1.59
Africa,,2021-05-12,1.66
Africa,,2021-05-13,1.68
Africa,,2021-05-14,1.69
Africa,,2021-05-15,1.71
Africa,,2021-05-16,1.72
Africa,,2021-05-17,1.75
Africa,,2021-05-18,1.81
Africa,,2021-05-19,1.85
Africa,,2021-05-20,1.88
Africa,,2021-05-21,1.94
Africa,,2021-05-22,2
Africa,,2021-05-23,2.01
Africa,,2021-05-24,2.05
Africa,,2021-05-25,2.1
Africa,,2021-05-26,2.13
Africa,,2021-05-27,2.15
Africa,,2021-05-28,2.16
Africa,,2021-05-29,2.2
Africa,,2021-05-30,2.23
Africa,,2021-05-31,2.37
Africa,,2021-06-01,2.43
Africa,,2021-06-02,2.46
Africa,,2021-06-03,2.5
Africa,,2021-06-04,2.52
Africa,,2021-06-05,2.53
Africa,,2021-06-06,2.55
Africa,,2021-06-07,2.59
Africa,,2021-06-08,2.67
Africa,,2021-06-09,2.74
Africa,,2021-06-10,2.79
Africa,,2021-06-11,2.82
Africa,,2021-06-12,2.84
Africa,,2021-06-13,2.84
Africa,,2021-06-14,2.91
Africa,,2021-06-15,2.98
Africa,,2021-06-16,3
Africa,,2021-06-17,3.03
Africa,,2021-06-18,3.05
Africa,,2021-06-19,3.06
Africa,,2021-06-20,3.11
Africa,,2021-06-21,3.16
Africa,,2021-06-22,3.17
Africa,,2021-06-23,3.22
Africa,,2021-06-24,3.31
Africa,,2021-06-25,3.34
Africa,,2021-06-26,3.35
Africa,,2021-06-27,3.37
Africa,,2021-06-28,3.44
Africa,,2021-06-29,3.46
Africa,,2021-06-30,3.5
Africa,,2021-07-01,3.53
Africa,,2021-07-02,3.54
Africa,,2021-07-03,3.56
Africa,,2021-07-04,3.58
Africa,,2021-07-05,3.66
Africa,,2021-07-06,3.69
Africa,,2021-07-07,3.71
Africa,,2021-07-08,3.75
Africa,,2021-07-09,3.77
Africa,,2021-07-10,3.78
Africa,,2021-07-11,3.79
Africa,,2021-07-12,3.9
Africa,,2021-07-13,3.95
Africa,,2021-07-14,3.97
Africa,,2021-07-15,4.06
Africa,,2021-07-16,4.07
Africa,,2021-07-17,4.08
Africa,,2021-07-18,4.1
Africa,,2021-07-19,4.19
Africa,,2021-07-20,4.22
Africa,,2021-07-21,4.22
Africa,,2021-07-22,4.3
Africa,,2021-07-23,4.33
Africa,,2021-07-24,4.34
Africa,,2021-07-25,4.39
Africa,,2021-07-26,4.46
Africa,,2021-07-27,4.52
Africa,,2021-07-28,4.58
Africa,,2021-07-29,4.66
Africa,,2021-07-30,4.69
Africa,,2021-07-31,4.7
Africa,,2021-08-01,4.74
Africa,,2021-08-02,4.8
Africa,,2021-08-03,4.96
Africa,,2021-08-04,4.99
Africa,,2021-08-05,5.06
Africa,,2021-08-06,5.09
Africa,,2021-08-07,5.12
Africa,,2021-08-08,5.17
Africa,,2021-08-09,5.3
Africa,,2021-08-10,5.34
Africa,,2021-08-11,5.38
Africa,,2021-08-12,5.5
Africa,,2021-08-13,5.56
Africa,,2021-08-14,5.58
Africa,,2021-08-15,5.61
Africa,,2021-08-16,5.79
Africa,,2021-08-17,5.85
Africa,,2021-08-18,5.95
Africa,,2021-08-19,6.08
Africa,,2021-08-20,6.46
Africa,,2021-08-21,6.49
Africa,,2021-08-22,6.54
Africa,,2021-08-23,6.62
Africa,,2021-08-24,6.69
Africa,,2021-08-25,6.91
Africa,,2021-08-26,6.92
Africa,,2021-08-27,7.15
Africa,,2021-08-28,7.2
Africa,,2021-08-29,7.3
Africa,,2021-08-30,7.34
Africa,,2021-08-31,7.44
Africa,,2021-09-01,7.6
Africa,,2021-09-02,7.63
Africa,,2021-09-03,7.67
Africa,,2021-09-04,7.99
Africa,,2021-09-05,8.16
Africa,,2021-09-06,8.28
Africa,,2021-09-07,8.32
Africa,,2021-09-08,8.37
Africa,,2021-09-09,8.47
Africa,,2021-09-10,8.55
Africa,,2021-09-11,8.68
Africa,,2021-09-12,8.88
Africa,,2021-09-13,8.93
Africa,,2021-09-14,9.13
Africa,,2021-09-15,9.24
Africa,,2021-09-16,9.35
Africa,,2021-09-17,9.38
Africa,,2021-09-18,9.42
Africa,,2021-09-19,9.62
Africa,,2021-09-20,9.69
Africa,,2021-09-21,9.73
Africa,,2021-09-22,9.92
Africa,,2021-09-23,10.13
Africa,,2021-09-24,10.16
Africa,,2021-09-25,10.25
Africa,,2021-09-26,10.32
Africa,,2021-09-27,10.52
Africa,,2021-09-28,10.6
Africa,,2021-09-29,10.62
Africa,,2021-09-30,10.76
Africa,,2021-10-01,10.79
Africa,,2021-10-02,10.87
Africa,,2021-10-03,10.91
Africa,,2021-10-04,10.92
Africa,,2021-10-05,10.96
Africa,,2021-10-06,11.01
Africa,,2021-10-07,11.15
Africa,,2021-10-08,11.48
Africa,,2021-10-09,11.58
Africa,,2021-10-10,11.6
Africa,,2021-10-11,11.64
Africa,,2021-10-12,11.66
Africa,,2021-10-13,11.84
Africa,,2021-10-14,11.98
Africa,,2021-10-15,12.09
Africa,,2021-10-16,12.09
Africa,,2021-10-17,12.4
Africa,,2021-10-18,12.52
Africa,,2021-10-19,12.6
Africa,,2021-10-20,12.67
Africa,,2021-10-21,12.83
Africa,,2021-10-22,12.86
Africa,,2021-10-23,13.09
Africa,,2021-10-24,13.27
Africa,,2021-10-25,13.3
Africa,,2021-10-26,13.42
Africa,,2021-10-27,13.45
Africa,,2021-10-28,13.63
Africa,,2021-10-29,13.88
Africa,,2021-10-30,13.96
Africa,,2021-10-31,14.11
Africa,,2021-11-01,14.21
Africa,,2021-11-02,14.3
Africa,,2021-11-03,14.34
Africa,,2021-11-04,14.53
Africa,,2021-11-05,14.55
Africa,,2021-11-06,14.7
Africa,,2021-11-07,14.76
Africa,,2021-11-08,14.8
Africa,,2021-11-09,14.83
Africa,,2021-11-10,15.24
Africa,,2021-11-11,15.33
Africa,,2021-11-12,15.36
Africa,,2021-11-13,15.48
Africa,,2021-11-14,15.55
Africa,,2021-11-15,15.63
Africa,,2021-11-16,15.65
Africa,,2021-11-17,15.71
Africa,,2021-11-18,15.92
Africa,,2021-11-19,15.94
Africa,,2021-11-20,16.12
Africa,,2021-11-21,16.25
Africa,,2021-11-22,16.35
Africa,,2021-11-23,16.42
Africa,,2021-11-24,16.62
Africa,,2021-11-25,16.69
Africa,,2021-11-26,16.78
Africa,,2021-11-27,16.82
Africa,,2021-11-28,17.09
Africa,,2021-11-29,17.23
Africa,,2021-11-30,17.32
Africa,,2021-12-01,17.36
Africa,,2021-12-02,17.53
Africa,,2021-12-03,17.66
Africa,,2021-12-04,17.87
Africa,,2021-12-05,17.95
Africa,,2021-12-06,18.1
Africa,,2021-12-07,18.13
Africa,,2021-12-08,18.3
Africa,,2021-12-09,18.64
Africa,,2021-12-10,18.7
Africa,,2021-12-11,18.88
Africa,,2021-12-12,18.99
Africa,,2021-12-13,19.06
Africa,,2021-12-14,19.23
Africa,,2021-12-15,19.41
Africa,,2021-12-16,19.45
Africa,,2021-12-17,19.49
Africa,,2021-12-18,19.64
Africa,,2021-12-19,19.68
Africa,,2021-12-20,20.07
Africa,,2021-12-21,20.11
Africa,,2021-12-22,20.23
Africa,,2021-12-23,20.55
Africa,,2021-12-24,20.73
Africa,,2021-12-25,20.75
Africa,,2021-12-26,20.86
Africa,,2021-12-27,20.95
Africa,,2021-12-28,21.44
Africa,,2021-12-29,21.47
Africa,,2021-12-30,21.56
Africa,,2021-12-31,21.8
Africa,,2022-01-01,21.84
Africa,,2022-01-02,21.88
Africa,,2022-01-03,21.91
Africa,,2022-01-04,22.3
Africa,,2022-01-05,22.34
Africa,,2022-01-06,22.62
Africa,,2022-01-07,22.67
Africa,,2022-01-08,22.8
Africa,,2022-01-09,22.94
Africa,,2022-01-10,23.18
Africa,,2022-01-11,23.2
Africa,,2022-01-12,23.27
Africa,,2022-01-13,23.38
Africa,,2022-01-14,23.47
Africa,,2022-01-15,23.65
Africa,,2022-01-16,23.72
Africa,,2022-01-17,23.9
Africa,,2022-01-18,24.03
Africa,,2022-01-19,24.19
Africa,,2022-01-20,24.22
Africa,,2022-01-21,24.64
Africa,,2022-01-22,24.73
Africa,,2022-01-23,24.87
Africa,,2022-01-24,24.97
Africa,,2022-01-25,24.99
Africa,,2022-01-26,25.06
Africa,,2022-01-27,25.12
Africa,,2022-01-28,25.23
Africa,,2022-01-29,25.32
Africa,,2022-01-30,25.45
Africa,,2022-01-31,25.5
Africa,,2022-02-01,25.54
Africa,,2022-02-02,25.7
Africa,,2022-02-03,25.72
Africa,,2022-02-04,25.77
Africa,,2022-02-05,25.8
Africa,,2022-02-06,26.01
Africa,,2022-02-07,26.18
Africa,,2022-02-08,26.23
Africa,,2022-02-09,26.36
Africa,,2022-02-10,26.53
Africa,,2022-02-11,26.64
Africa,,2022-02-12,26.66
Africa,,2022-02-13,26.71
Africa,,2022-02-14,26.73
Africa,,2022-02-15,26.86
Africa,,2022-02-16,26.99
Africa,,2022-02-17,27.08
Africa,,2022-02-18,27.22
Africa,,2022-02-19,27.52
Africa,,2022-02-20,27.81
Africa,,2022-02-21,28.38
Africa,,2022-02-22,28.59
Africa,,2022-02-23,28.69
Africa,,2022-02-24,29.02
Africa,,2022-02-25,29.12
Africa,,2022-02-26,29.31
Africa,,2022-02-27,29.47
Africa,,2022-02-28,29.54
Africa,,2022-03-01,29.62
Africa,,2022-03-02,29.71
Africa,,2022-03-03,29.73
Africa,,2022-03-04,29.82
Africa,,2022-03-05,30.15
Africa,,2022-03-06,30.25
Africa,,2022-03-07,30.29
Africa,,2022-03-08,30.4
Africa,,2022-03-09,30.52
Africa,,2022-03-10,30.54
Africa,,2022-03-11,30.61
Africa,,2022-03-12,30.62
Africa,,2022-03-13,30.73
Africa,,2022-03-14,30.76
Africa,,2022-03-15,31.08
Africa,,2022-03-16,31.11
Africa,,2022-03-17,31.19
Africa,,2022-03-18,31.46
Africa,,2022-03-19,31.47
Africa,,2022-03-20,31.6
Africa,,2022-03-21,31.63
Africa,,2022-03-22,31.65
Africa,,2022-03-23,31.67
Africa,,2022-03-24,31.7
Africa,,2022-03-25,31.76
Africa,,2022-03-26,31.77
Africa,,2022-03-27,32.01
Africa,,2022-03-28,32.02
Africa,,2022-03-29,32.2
Africa,,2022-03-30,32.22
Africa,,2022-03-31,32.41
Africa,,2022-04-01,32.43
Africa,,2022-04-02,32.44
Africa,,2022-04-03,32.45
Africa,,2022-04-04,32.49
Africa,,2022-04-05,32.5
Africa,,2022-04-06,32.52
Africa,,2022-04-07,32.74
Africa,,2022-04-08,32.76
Africa,,2022-04-09,32.81
Africa,,2022-04-10,33.07
Africa,,2022-04-11,33.08
Africa,,2022-04-12,33.24
Africa,,2022-04-13,33.25
Africa,,2022-04-14,33.26
Africa,,2022-04-15,33.26
Africa,,2022-04-16,33.26
Africa,,2022-04-17,33.26
Africa,,2022-04-18,33.27
Africa,,2022-04-19,33.28
Africa,,2022-04-20,33.28
Africa,,2022-04-21,33.29
Africa,,2022-04-22,33.29
Africa,,2022-04-23,33.39
Africa,,2022-04-24,33.39
Africa,,2022-04-25,33.4
Africa,,2022-04-26,34.06
Africa,,2022-04-27,34.07
Africa,,2022-04-28,34.08
Africa,,2022-04-29,34.08
Africa,,2022-04-30,34.14
Africa,,2022-05-01,34.97
Africa,,2022-05-02,34.97
Africa,,2022-05-03,34.97
Africa,,2022-05-04,34.99
Africa,,2022-05-05,34.99
Africa,,2022-05-06,35
Africa,,2022-05-07,35.01
Africa,,2022-05-08,35.3
Africa,,2022-05-09,35.3
Africa,,2022-05-10,35.32
Africa,,2022-05-11,35.33
Africa,,2022-05-12,35.34
Africa,,2022-05-13,35.35
Africa,,2022-05-14,35.4
Africa,,2022-05-15,35.56
Africa,,2022-05-16,35.58
Africa,,2022-05-17,35.58
Africa,,2022-05-18,35.6
Africa,,2022-05-19,35.6
Africa,,2022-05-20,35.63
Africa,,2022-05-21,35.64
Africa,,2022-05-22,36.52
Africa,,2022-05-23,36.53
Africa,,2022-05-24,36.53
Africa,,2022-05-25,36.54
Africa,,2022-05-26,36.56
Africa,,2022-05-27,36.58
Africa,,2022-05-28,36.58
Africa,,2022-05-29,36.71
Africa,,2022-05-30,36.96
Africa,,2022-05-31,36.97
Africa,,2022-06-01,36.98
Africa,,2022-06-02,37.02
Africa,,2022-06-03,37.04
Africa,,2022-06-04,37.04
Africa,,2022-06-05,37.44
Africa,,2022-06-06,37.45
Africa,,2022-06-07,37.46
Africa,,2022-06-08,37.47
Africa,,2022-06-09,37.48
Africa,,2022-06-10,37.48
Africa,,2022-06-11,37.48
Africa,,2022-06-12,37.49
Africa,,2022-06-13,37.5
Africa,,2022-06-14,37.65
Africa,,2022-06-15,37.65
Africa,,2022-06-16,37.66
Africa,,2022-06-17,37.69
Africa,,2022-06-18,37.69
Africa,,2022-06-19,38.4
Africa,,2022-06-20,38.48
Africa,,2022-06-21,38.49
Africa,,2022-06-22,38.5
Africa,,2022-06-23,38.51
Africa,,2022-06-24,38.51
Africa,,2022-06-25,38.52
Africa,,2022-06-26,40.19
Africa,,2022-06-27,40.29
Africa,,2022-06-28,40.29
Africa,,2022-06-29,40.38
Africa,,2022-06-30,40.39
Africa,,2022-07-01,40.39
Africa,,2022-07-02,40.39
Africa,,2022-07-03,40.88
Africa,,2022-07-04,40.88
Africa,,2022-07-05,40.94
Africa,,2022-07-06,41.06
Africa,,2022-07-07,41.08
Africa,,2022-07-08,41.08
Africa,,2022-07-09,41.09
Africa,,2022-07-10,41.9
Africa,,2022-07-11,41.91
Africa,,2022-07-12,41.91
Africa,,2022-07-13,41.92
Africa,,2022-07-14,41.92
Africa,,2022-07-15,41.92
Africa,,2022-07-16,41.98
Africa,,2022-07-17,42.61
Africa,,2022-07-18,42.63
Africa,,2022-07-19,42.73
Africa,,2022-07-20,42.73
Africa,,2022-07-21,42.73
Africa,,2022-07-22,42.73
Africa,,2022-07-23,42.74
Africa,,2022-07-24,42.74
Africa,,2022-07-25,42.75
Africa,,2022-07-26,42.75
Africa,,2022-07-27,42.75
Africa,,2022-07-28,42.75
Africa,,2022-07-29,42.75
Africa,,2022-07-30,42.76
Africa,,2022-07-31,42.76
Africa,,2022-08-01,42.78
Africa,,2022-08-02,42.78
Africa,,2022-08-03,42.78
Albania,ALB,2021-01-10,0
Albania,ALB,2021-01-12,0
Albania,ALB,2021-01-13,0.01
Albania,ALB,2021-01-14,0.01
Albania,ALB,2021-01-15,0.01
Albania,ALB,2021-01-16,0.01
Albania,ALB,2021-01-17,0.01
Albania,ALB,2021-01-18,0.02
Albania,ALB,2021-01-19,0.02
Albania,ALB,2021-01-20,0.02
Albania,ALB,2021-01-21,0.02
Albania,ALB,2021-02-02,0.02
Albania,ALB,2021-02-09,0.04
Albania,ALB,2021-02-17,0.06
Albania,ALB,2021-02-18,0.11
Albania,ALB,2021-02-19,0.15
Albania,ALB,2021-02-22,0.24
Albania,ALB,2021-02-25,0.36
Albania,ALB,2021-03-01,0.5
Albania,ALB,2021-03-03,0.55
Albania,ALB,2021-03-10,0.76
Albania,ALB,2021-03-12,0.83
Albania,ALB,2021-03-17,1.17
Albania,ALB,2021-03-22,1.69
Albania,ALB,2021-03-23,1.81
Albania,ALB,2021-03-24,1.89
Albania,ALB,2021-03-25,2.08
Albania,ALB,2021-03-26,2.18
Albania,ALB,2021-03-27,2.24
Albania,ALB,2021-03-28,2.73
Albania,ALB,2021-03-30,4.18
Albania,ALB,2021-03-31,4.86
Albania,ALB,2021-04-01,5.45
Albania,ALB,2021-04-02,6.04
Albania,ALB,2021-04-03,6.5
Albania,ALB,2021-04-04,6.76
Albania,ALB,2021-04-05,7.24
Albania,ALB,2021-04-06,7.76
Albania,ALB,2021-04-07,8.14
Albania,ALB,2021-04-08,8.5
Albania,ALB,2021-04-09,8.78
Albania,ALB,2021-04-10,9
Albania,ALB,2021-04-12,9.37
Albania,ALB,2021-04-13,9.85
Albania,ALB,2021-04-15,10.67
Albania,ALB,2021-04-16,11.02
Albania,ALB,2021-04-17,11.38
Albania,ALB,2021-04-18,11.66
Albania,ALB,2021-04-19,12.12
Albania,ALB,2021-04-20,12.26
Albania,ALB,2021-04-21,13.03
Albania,ALB,2021-04-22,13.42
Albania,ALB,2021-04-23,13.71
Albania,ALB,2021-04-24,14.01
Albania,ALB,2021-04-26,14.31
Albania,ALB,2021-04-27,14.6
Albania,ALB,2021-04-28,15.19
Albania,ALB,2021-04-29,15.88
Albania,ALB,2021-04-30,16.71
Albania,ALB,2021-05-01,17.31
Albania,ALB,2021-05-03,18.13
Albania,ALB,2021-05-04,18.82
Albania,ALB,2021-05-05,19.5
Albania,ALB,2021-05-06,20.04
Albania,ALB,2021-05-07,20.52
Albania,ALB,2021-05-08,20.9
Albania,ALB,2021-05-09,21.02
Albania,ALB,2021-05-10,21.47
Albania,ALB,2021-05-11,21.81
Albania,ALB,2021-05-12,22.16
Albania,ALB,2021-05-13,22.36
Albania,ALB,2021-05-14,22.89
Albania,ALB,2021-05-17,23.82
Albania,ALB,2021-05-18,24.13
Albania,ALB,2021-05-19,24.44
Albania,ALB,2021-05-20,24.65
Albania,ALB,2021-05-21,24.83
Albania,ALB,2021-05-23,25.1
Albania,ALB,2021-05-24,25.4
Albania,ALB,2021-05-26,26.24
Albania,ALB,2021-05-27,26.59
Albania,ALB,2021-05-30,27.05
Albania,ALB,2021-05-31,27.2
Albania,ALB,2021-06-01,27.34
Albania,ALB,2021-06-03,27.58
Albania,ALB,2021-06-06,27.98
Albania,ALB,2021-06-07,28.15
Albania,ALB,2021-06-08,28.37
Albania,ALB,2021-06-09,28.6
Albania,ALB,2021-06-10,28.83
Albania,ALB,2021-06-11,29.08
Albania,ALB,2021-06-12,29.25
Albania,ALB,2021-06-13,29.3
Albania,ALB,2021-06-14,29.51
Albania,ALB,2021-06-15,29.72
Albania,ALB,2021-06-16,29.92
Albania,ALB,2021-06-17,30.22
Albania,ALB,2021-06-20,30.86
Albania,ALB,2021-06-21,31.18
Albania,ALB,2021-06-22,31.58
Albania,ALB,2021-06-23,31.98
Albania,ALB,2021-06-24,32.33
Albania,ALB,2021-06-28,33.05
Albania,ALB,2021-06-29,33.47
Albania,ALB,2021-06-30,33.91
Albania,ALB,2021-07-01,34.14
Albania,ALB,2021-07-02,34.38
Albania,ALB,2021-07-04,34.63
Albania,ALB,2021-07-05,34.82
Albania,ALB,2021-07-06,35.03
Albania,ALB,2021-07-07,35.23
Albania,ALB,2021-07-08,35.43
Albania,ALB,2021-07-09,35.61
Albania,ALB,2021-07-10,35.78
Albania,ALB,2021-07-11,35.83
Albania,ALB,2021-07-12,36.05
Albania,ALB,2021-07-13,36.28
Albania,ALB,2021-07-14,36.55
Albania,ALB,2021-07-15,36.86
Albania,ALB,2021-07-16,37.13
Albania,ALB,2021-07-17,37.38
Albania,ALB,2021-07-18,37.46
Albania,ALB,2021-07-20,37.92
Albania,ALB,2021-07-21,38.37
Albania,ALB,2021-07-22,38.88
Albania,ALB,2021-07-25,39.89
Albania,ALB,2021-07-29,41.33
Albania,ALB,2021-07-30,41.72
Albania,ALB,2021-07-31,42
Albania,ALB,2021-08-01,42.14
Albania,ALB,2021-08-02,42.48
Albania,ALB,2021-08-03,42.79
Albania,ALB,2021-08-04,43.07
Albania,ALB,2021-08-05,43.37
Albania,ALB,2021-08-08,44.14
Albania,ALB,2021-08-10,44.85
Albania,ALB,2021-08-13,45.89
Albania,ALB,2021-08-15,46.28
Albania,ALB,2021-08-16,46.62
Albania,ALB,2021-08-17,46.95
Albania,ALB,2021-08-19,47.58
Albania,ALB,2021-08-21,48.11
Albania,ALB,2021-08-22,48.23
Albania,ALB,2021-08-23,48.58
Albania,ALB,2021-08-24,48.92
Albania,ALB,2021-08-25,49.24
Albania,ALB,2021-08-26,49.6
Albania,ALB,2021-08-27,50.02
Albania,ALB,2021-08-29,50.61
Albania,ALB,2021-08-30,51.08
Albania,ALB,2021-08-31,51.57
Albania,ALB,2021-09-01,52.03
Albania,ALB,2021-09-02,52.54
Albania,ALB,2021-09-06,53.92
Albania,ALB,2021-09-07,54.42
Albania,ALB,2021-09-08,54.9
Albania,ALB,2021-09-09,55.33
Albania,ALB,2021-09-10,55.68
Albania,ALB,2021-09-11,55.98
Albania,ALB,2021-09-12,56.1
Albania,ALB,2021-09-13,56.4
Albania,ALB,2021-09-14,56.68
Albania,ALB,2021-09-15,56.95
Albania,ALB,2021-09-16,57.2
Albania,ALB,2021-09-17,57.46
Albania,ALB,2021-09-19,57.8
Albania,ALB,2021-09-20,58.07
Albania,ALB,2021-09-21,58.35
Albania,ALB,2021-09-22,58.64
Albania,ALB,2021-09-23,58.98
Albania,ALB,2021-09-24,59.32
Albania,ALB,2021-09-27,60.08
Albania,ALB,2021-09-28,60.39
Albania,ALB,2021-09-29,60.69
Albania,ALB,2021-09-30,61
Albania,ALB,2021-10-01,61.27
Albania,ALB,2021-10-02,61.51
Albania,ALB,2021-10-04,61.82
Albania,ALB,2021-10-05,62.06
Albania,ALB,2021-10-06,62.29
Albania,ALB,2021-10-07,62.49
Albania,ALB,2021-10-08,62.69
Albania,ALB,2021-10-09,62.89
Albania,ALB,2021-10-11,63.19
Albania,ALB,2021-10-12,63.42
Albania,ALB,2021-10-13,63.63
Albania,ALB,2021-10-17,64.34
Albania,ALB,2021-10-18,64.55
Albania,ALB,2021-10-19,64.76
Albania,ALB,2021-10-20,64.97
Albania,ALB,2021-10-21,65.17
Albania,ALB,2021-10-22,65.36
Albania,ALB,2021-10-24,65.64
Albania,ALB,2021-10-25,65.83
Albania,ALB,2021-10-27,66.24
Albania,ALB,2021-10-28,66.44
Albania,ALB,2021-10-29,66.62
Albania,ALB,2021-11-01,66.9
Albania,ALB,2021-11-03,67.49
Albania,ALB,2021-11-06,68.12
Albania,ALB,2021-11-07,68.21
Albania,ALB,2021-11-09,68.78
Albania,ALB,2021-11-10,69.08
Albania,ALB,2021-11-11,69.37
Albania,ALB,2021-11-14,70.06
Albania,ALB,2021-11-16,70.65
Albania,ALB,2021-11-17,70.96
Albania,ALB,2021-11-18,71.24
Albania,ALB,2021-11-21,71.82
Albania,ALB,2021-11-24,72.68
Albania,ALB,2021-11-25,72.92
Albania,ALB,2021-11-28,73.45
Albania,ALB,2021-11-30,73.6
Albania,ALB,2021-12-01,73.98
Albania,ALB,2021-12-03,74.64
Albania,ALB,2021-12-05,75.03
Albania,ALB,2021-12-06,75.35
Albania,ALB,2021-12-07,75.71
Albania,ALB,2021-12-08,75.88
Albania,ALB,2021-12-12,76.93
Albania,ALB,2021-12-13,77.28
Albania,ALB,2021-12-14,77.64
Albania,ALB,2021-12-15,77.99
Albania,ALB,2021-12-18,78.85
Albania,ALB,2021-12-21,79.54
Albania,ALB,2021-12-23,80.09
Albania,ALB,2021-12-28,81.15
Albania,ALB,2022-01-04,82.54
Albania,ALB,2022-01-05,82.94
Albania,ALB,2022-01-08,84.01
Albania,ALB,2022-01-10,84.45
Albania,ALB,2022-01-11,84.76
Albania,ALB,2022-01-30,88.4
Albania,ALB,2022-02-01,91.53
Albania,ALB,2022-02-06,92.28
Albania,ALB,2022-02-07,92.46
Albania,ALB,2022-02-13,93.24
Albania,ALB,2022-02-14,93.38
Albania,ALB,2022-02-15,93.52
Albania,ALB,2022-02-16,93.64
Albania,ALB,2022-02-20,94.01
Albania,ALB,2022-02-27,94.67
Albania,ALB,2022-03-01,94.88
Albania,ALB,2022-03-07,95.39
Albania,ALB,2022-03-10,95.63
Albania,ALB,2022-03-14,95.82
Albania,ALB,2022-03-15,95.91
Albania,ALB,2022-03-24,96.48
Albania,ALB,2022-03-29,96.78
Albania,ALB,2022-03-31,96.92
Albania,ALB,2022-04-04,97.15
Albania,ALB,2022-04-07,97.41
Albania,ALB,2022-04-11,97.64
Albania,ALB,2022-04-14,97.85
Albania,ALB,2022-04-20,98.13
Albania,ALB,2022-05-01,98.98
Albania,ALB,2022-05-15,99.52
Albania,ALB,2022-05-22,100.41
Albania,ALB,2022-05-29,100.66
Albania,ALB,2022-06-05,100.99
Albania,ALB,2022-06-19,101.55
Albania,ALB,2022-06-26,101.8
Albania,ALB,2022-07-10,102.27
Albania,ALB,2022-07-24,102.78
Algeria,DZA,2021-01-29,0
Algeria,DZA,2021-01-30,0
Algeria,DZA,2021-02-19,0.17
Algeria,DZA,2021-08-20,9.38
Algeria,DZA,2021-09-04,18.11
Algeria,DZA,2021-09-12,22.61
Algeria,DZA,2021-09-25,22.75
Algeria,DZA,2021-10-24,25.08
Algeria,DZA,2021-10-27,25.24
Algeria,DZA,2021-10-30,25.31
Algeria,DZA,2021-11-02,25.51
Algeria,DZA,2021-11-08,25.61
Algeria,DZA,2021-11-13,25.75
Algeria,DZA,2021-11-21,27.18
Algeria,DZA,2021-11-22,27.24
Algeria,DZA,2021-11-25,27.34
Algeria,DZA,2021-11-29,27.49
Algeria,DZA,2021-11-30,27.83
Algeria,DZA,2021-12-14,28.15
Algeria,DZA,2021-12-21,28.4
Algeria,DZA,2022-01-09,29.37
Algeria,DZA,2022-02-08,30.47
Algeria,DZA,2022-02-20,30.86
Algeria,DZA,2022-03-09,31.02
Algeria,DZA,2022-04-24,31.17
Algeria,DZA,2022-05-01,34.42
Algeria,DZA,2022-05-29,34.42
Andorra,AND,2021-01-25,0.73
Andorra,AND,2021-02-01,1.31
Andorra,AND,2021-02-10,1.63
Andorra,AND,2021-02-12,2.05
Andorra,AND,2021-02-19,2.71
Andorra,AND,2021-02-24,3.02
Andorra,AND,2021-02-26,3.2
Andorra,AND,2021-03-08,4.57
Andorra,AND,2021-03-10,6.22
Andorra,AND,2021-03-15,10.58
Andorra,AND,2021-03-19,11.75
Andorra,AND,2021-04-04,15.74
Andorra,AND,2021-04-05,19.32
Andorra,AND,2021-04-11,21.62
Andorra,AND,2021-04-12,24.12
Andorra,AND,2021-04-19,33.42
Andorra,AND,2021-04-26,36.06
Andorra,AND,2021-05-03,36.54
Andorra,AND,2021-05-10,40.02
Andorra,AND,2021-05-17,40.89
Andorra,AND,2021-05-31,45.44
Andorra,AND,2021-06-07,52.47
Andorra,AND,2021-06-14,64.66
Andorra,AND,2021-06-21,80.05
Andorra,AND,2021-06-28,86.46
Andorra,AND,2021-07-12,88.59
Andorra,AND,2021-07-19,104.19
Andorra,AND,2021-08-01,109.22
Andorra,AND,2021-08-15,115.98
Andorra,AND,2021-08-29,121.36
Andorra,AND,2021-09-26,129.1
Andorra,AND,2021-10-03,129.93
Andorra,AND,2021-10-31,132.26
Andorra,AND,2021-12-05,134.66
Andorra,AND,2021-12-12,146.4
Andorra,AND,2021-12-26,148.35
Andorra,AND,2022-01-16,171.35
Andorra,AND,2022-01-23,177.38
Andorra,AND,2022-02-06,179.62
Andorra,AND,2022-02-13,180.2
Andorra,AND,2022-02-20,191.42
Andorra,AND,2022-03-13,192.32
Andorra,AND,2022-03-27,192.56
Andorra,AND,2022-04-10,192.7
Andorra,AND,2022-04-24,192.91
Andorra,AND,2022-05-01,193.2
Andorra,AND,2022-05-22,193.58
Andorra,AND,2022-05-29,193.68
Andorra,AND,2022-06-12,193.81
Andorra,AND,2022-06-26,194.07
Andorra,AND,2022-07-03,194.15
Andorra,AND,2022-07-10,194.26
Angola,AGO,2021-03-01,0
Angola,AGO,2021-03-08,0.02
Angola,AGO,2021-03-18,0.14
Angola,AGO,2021-03-24,0.25
Angola,AGO,2021-03-29,0.38
Angola,AGO,2021-04-06,0.53
Angola,AGO,2021-04-11,0.71
Angola,AGO,2021-04-19,1.15
Angola,AGO,2021-04-23,1.32
Angola,AGO,2021-05-12,1.82
Angola,AGO,2021-05-18,1.98
Angola,AGO,2021-05-21,2.2
Angola,AGO,2021-05-26,2.49
Angola,AGO,2021-05-31,2.64
Angola,AGO,2021-06-08,3.23
Angola,AGO,2021-06-10,3.54
Angola,AGO,2021-06-15,3.81
Angola,AGO,2021-06-20,4
Angola,AGO,2021-06-24,4.15
Angola,AGO,2021-06-28,4.31
Angola,AGO,2021-07-05,4.39
Angola,AGO,2021-07-12,4.52
Angola,AGO,2021-07-19,4.62
Angola,AGO,2021-08-03,4.87
Angola,AGO,2021-08-09,4.91
Angola,AGO,2021-08-16,5.01
Angola,AGO,2021-08-20,5.08
Angola,AGO,2021-08-25,5.34
Angola,AGO,2021-09-01,6.05
Angola,AGO,2021-09-11,7.16
Angola,AGO,2021-09-19,8.17
Angola,AGO,2021-09-26,9.08
Angola,AGO,2021-10-08,11.81
Angola,AGO,2021-10-14,12.89
Angola,AGO,2021-10-18,15.14
Angola,AGO,2021-10-20,16.41
Angola,AGO,2021-10-24,17.22
Angola,AGO,2021-10-26,17.87
Angola,AGO,2021-11-02,19.27
Angola,AGO,2021-11-07,21
Angola,AGO,2021-11-11,22.63
Angola,AGO,2021-11-18,23.86
Angola,AGO,2021-11-21,25.5
Angola,AGO,2021-11-24,26.16
Angola,AGO,2021-12-02,28.54
Angola,AGO,2021-12-06,29.03
Angola,AGO,2021-12-09,29.91
Angola,AGO,2021-12-15,31.32
Angola,AGO,2021-12-23,32.36
Angola,AGO,2021-12-30,33.66
Angola,AGO,2022-01-06,34.19
Angola,AGO,2022-01-08,35.07
Angola,AGO,2022-01-12,35.87
Angola,AGO,2022-01-14,36.78
Angola,AGO,2022-01-23,40.41
Angola,AGO,2022-01-28,42.28
Angola,AGO,2022-02-02,43.59
Angola,AGO,2022-02-09,44.94
Angola,AGO,2022-02-15,46.09
Angola,AGO,2022-02-22,47.12
Angola,AGO,2022-03-02,48.21
Angola,AGO,2022-03-08,48.84
Angola,AGO,2022-03-17,50.03
Angola,AGO,2022-03-25,50.82
Angola,AGO,2022-04-26,51.87
Angola,AGO,2022-05-22,53.42
Angola,AGO,2022-05-29,54.94
Angola,AGO,2022-06-05,56.48
Angola,AGO,2022-06-26,59.12
Angola,AGO,2022-07-03,60
Angola,AGO,2022-07-17,61.15
Anguilla,AIA,2021-02-04,0
Anguilla,AIA,2021-02-13,8.51
Anguilla,AIA,2021-02-14,17.53
Anguilla,AIA,2021-02-26,24.94
Anguilla,AIA,2021-03-09,29.84
Anguilla,AIA,2021-03-13,31.74
Anguilla,AIA,2021-03-19,33.95
Anguilla,AIA,2021-04-12,37.04
Anguilla,AIA,2021-04-22,43.79
Anguilla,AIA,2021-05-17,84.02
Anguilla,AIA,2021-05-28,91.68
Anguilla,AIA,2021-06-04,92.41
Anguilla,AIA,2021-06-11,94.82
Anguilla,AIA,2021-06-18,96.48
Anguilla,AIA,2021-06-25,100.23
Anguilla,AIA,2021-07-02,104.49
Anguilla,AIA,2021-07-09,107.6
Anguilla,AIA,2021-07-16,113.04
Anguilla,AIA,2021-07-23,114.27
Anguilla,AIA,2021-07-30,115.49
Anguilla,AIA,2021-08-06,117.16
Anguilla,AIA,2021-08-20,117.17
Anguilla,AIA,2021-09-03,117.25
Anguilla,AIA,2021-09-10,117.32
Anguilla,AIA,2021-09-17,117.85
Anguilla,AIA,2021-09-24,117.97
Anguilla,AIA,2021-10-01,118.73
Anguilla,AIA,2021-10-15,118.74
Anguilla,AIA,2021-11-05,118.75
Anguilla,AIA,2021-11-12,119.23
Anguilla,AIA,2021-11-19,121.03
Anguilla,AIA,2021-11-29,125.25
Anguilla,AIA,2021-12-01,126.41
Anguilla,AIA,2021-12-08,128.76
Anguilla,AIA,2022-01-14,133.6
Anguilla,AIA,2022-01-21,134.93
Anguilla,AIA,2022-01-28,136.16
Anguilla,AIA,2022-02-02,137.19
Anguilla,AIA,2022-02-09,138.28
Anguilla,AIA,2022-02-11,138.28
Anguilla,AIA,2022-02-16,139.62
Anguilla,AIA,2022-02-18,139.62
Anguilla,AIA,2022-02-25,140.7
Anguilla,AIA,2022-03-02,142.05
Anguilla,AIA,2022-03-09,142.32
Anguilla,AIA,2022-03-11,142.32
Anguilla,AIA,2022-03-18,143.71
Anguilla,AIA,2022-03-23,144.19
Anguilla,AIA,2022-04-08,146.8
Anguilla,AIA,2022-05-06,148.4
Anguilla,AIA,2022-05-20,149.06
Anguilla,AIA,2022-05-27,149.82
Anguilla,AIA,2022-06-10,150.35
Anguilla,AIA,2022-06-15,150.78
Anguilla,AIA,2022-06-24,151.88
Anguilla,AIA,2022-07-08,152.73
Antigua and Barbuda,ATG,2021-02-16,0
Antigua and Barbuda,ATG,2021-03-15,25.92
Antigua and Barbuda,ATG,2021-03-19,27.54
Antigua and Barbuda,ATG,2021-03-25,28.35
Antigua and Barbuda,ATG,2021-03-31,28.79
Antigua and Barbuda,ATG,2021-04-03,29
Antigua and Barbuda,ATG,2021-04-14,29.6
Antigua and Barbuda,ATG,2021-04-16,30.48
Antigua and Barbuda,ATG,2021-04-17,30.72
Antigua and Barbuda,ATG,2021-04-22,31.92
Antigua and Barbuda,ATG,2021-05-07,33.35
Antigua and Barbuda,ATG,2021-05-11,33.54
Antigua and Barbuda,ATG,2021-05-17,36.95
Antigua and Barbuda,ATG,2021-05-21,42.39
Antigua and Barbuda,ATG,2021-05-25,45.06
Antigua and Barbuda,ATG,2021-05-26,47.45
Antigua and Barbuda,ATG,2021-05-27,49.28
Antigua and Barbuda,ATG,2021-05-29,51.86
Antigua and Barbuda,ATG,2021-05-31,53.99
Antigua and Barbuda,ATG,2021-06-03,55.58
Antigua and Barbuda,ATG,2021-06-06,59.62
Antigua and Barbuda,ATG,2021-06-07,61.43
Antigua and Barbuda,ATG,2021-06-09,62.3
Antigua and Barbuda,ATG,2021-06-12,63
Antigua and Barbuda,ATG,2021-06-15,63.92
Antigua and Barbuda,ATG,2021-06-17,66.73
Antigua and Barbuda,ATG,2021-06-20,67.38
Antigua and Barbuda,ATG,2021-06-29,68.65
Antigua and Barbuda,ATG,2021-07-01,69.14
Antigua and Barbuda,ATG,2021-07-04,69.4
Antigua and Barbuda,ATG,2021-07-06,69.54
Antigua and Barbuda,ATG,2021-07-08,69.81
Antigua and Barbuda,ATG,2021-07-09,70.09
Antigua and Barbuda,ATG,2021-07-13,70.43
Antigua and Barbuda,ATG,2021-07-15,70.54
Antigua and Barbuda,ATG,2021-07-18,70.93
Antigua and Barbuda,ATG,2021-07-20,71.24
Antigua and Barbuda,ATG,2021-07-21,71.36
Antigua and Barbuda,ATG,2021-07-22,72.78
Antigua and Barbuda,ATG,2021-07-25,73.24
Antigua and Barbuda,ATG,2021-07-28,73.71
Antigua and Barbuda,ATG,2021-07-29,73.86
Antigua and Barbuda,ATG,2021-08-02,74.33
Antigua and Barbuda,ATG,2021-08-04,74.57
Antigua and Barbuda,ATG,2021-08-07,74.99
Antigua and Barbuda,ATG,2021-08-10,75.11
Antigua and Barbuda,ATG,2021-08-14,76.23
Antigua and Barbuda,ATG,2021-08-16,76.63
Antigua and Barbuda,ATG,2021-08-19,76.81
Antigua and Barbuda,ATG,2021-08-22,77.54
Antigua and Barbuda,ATG,2021-08-24,78.2
Antigua and Barbuda,ATG,2021-08-28,79.06
Antigua and Barbuda,ATG,2021-08-30,80.07
Antigua and Barbuda,ATG,2021-08-31,80.53
Antigua and Barbuda,ATG,2021-09-07,83.67
Antigua and Barbuda,ATG,2021-09-10,85.16
Antigua and Barbuda,ATG,2021-09-13,85.73
Antigua and Barbuda,ATG,2021-09-17,87.87
Antigua and Barbuda,ATG,2021-09-24,95.74
Antigua and Barbuda,ATG,2021-09-28,100.11
Antigua and Barbuda,ATG,2021-10-02,103.15
Antigua and Barbuda,ATG,2021-10-04,104.47
Antigua and Barbuda,ATG,2021-10-06,104.95
Antigua and Barbuda,ATG,2021-10-09,106.03
Antigua and Barbuda,ATG,2021-10-13,107.11
Antigua and Barbuda,ATG,2021-10-16,108.76
Antigua and Barbuda,ATG,2021-10-19,110.31
Antigua and Barbuda,ATG,2021-10-23,112.1
Antigua and Barbuda,ATG,2021-10-26,113.18
Antigua and Barbuda,ATG,2021-10-30,114.12
Antigua and Barbuda,ATG,2021-11-05,115.86
Antigua and Barbuda,ATG,2021-11-08,119.27
Antigua and Barbuda,ATG,2021-11-16,123.89
Antigua and Barbuda,ATG,2021-11-21,125
Antigua and Barbuda,ATG,2021-11-23,125.59
Antigua and Barbuda,ATG,2021-11-26,126.19
Antigua and Barbuda,ATG,2021-12-02,127.28
Antigua and Barbuda,ATG,2021-12-05,127.4
Antigua and Barbuda,ATG,2021-12-10,128.52
Antigua and Barbuda,ATG,2021-12-19,129.43
Antigua and Barbuda,ATG,2021-12-25,129.57
Antigua and Barbuda,ATG,2021-12-29,129.96
Antigua and Barbuda,ATG,2022-01-06,130.25
Antigua and Barbuda,ATG,2022-01-13,131.1
Antigua and Barbuda,ATG,2022-01-26,132.54
Antigua and Barbuda,ATG,2022-02-05,132.74
Antigua and Barbuda,ATG,2022-02-17,133.51
Antigua and Barbuda,ATG,2022-02-28,133.8
Antigua and Barbuda,ATG,2022-03-01,134.12
Antigua and Barbuda,ATG,2022-03-14,134.51
Antigua and Barbuda,ATG,2022-03-31,134.74
Antigua and Barbuda,ATG,2022-05-30,135.03
Antigua and Barbuda,ATG,2022-06-17,135.3
Argentina,ARG,2020-12-29,0.05
Argentina,ARG,2020-12-30,0.09
Argentina,ARG,2020-12-31,0.1
Argentina,ARG,2021-01-01,0.1
Argentina,ARG,2021-01-02,0.1
Argentina,ARG,2021-01-03,0.1
Argentina,ARG,2021-01-04,0.13
Argentina,ARG,2021-01-05,0.15
Argentina,ARG,2021-01-06,0.17
Argentina,ARG,2021-01-07,0.21
Argentina,ARG,2021-01-08,0.28
Argentina,ARG,2021-01-09,0.3
Argentina,ARG,2021-01-10,0.3
Argentina,ARG,2021-01-11,0.34
Argentina,ARG,2021-01-12,0.39
Argentina,ARG,2021-01-13,0.42
Argentina,ARG,2021-01-14,0.46
Argentina,ARG,2021-01-15,0.5
Argentina,ARG,2021-01-16,0.51
Argentina,ARG,2021-01-17,0.51
Argentina,ARG,2021-01-18,0.54
Argentina,ARG,2021-01-19,0.57
Argentina,ARG,2021-01-20,0.61
Argentina,ARG,2021-01-21,0.64
Argentina,ARG,2021-01-22,0.66
Argentina,ARG,2021-01-23,0.67
Argentina,ARG,2021-01-24,0.67
Argentina,ARG,2021-01-25,0.7
Argentina,ARG,2021-01-26,0.73
Argentina,ARG,2021-01-27,0.75
Argentina,ARG,2021-01-28,0.79
Argentina,ARG,2021-01-29,0.84
Argentina,ARG,2021-01-30,0.86
Argentina,ARG,2021-01-31,0.86
Argentina,ARG,2021-02-01,0.9
Argentina,ARG,2021-02-02,0.96
Argentina,ARG,2021-02-03,1.02
Argentina,ARG,2021-02-04,1.08
Argentina,ARG,2021-02-05,1.15
Argentina,ARG,2021-02-06,1.17
Argentina,ARG,2021-02-07,1.18
Argentina,ARG,2021-02-08,1.23
Argentina,ARG,2021-02-09,1.27
Argentina,ARG,2021-02-10,1.31
Argentina,ARG,2021-02-11,1.35
Argentina,ARG,2021-02-12,1.38
Argentina,ARG,2021-02-13,1.39
Argentina,ARG,2021-02-14,1.39
Argentina,ARG,2021-02-15,1.39
Argentina,ARG,2021-02-16,1.4
Argentina,ARG,2021-02-17,1.45
Argentina,ARG,2021-02-18,1.59
Argentina,ARG,2021-02-19,1.74
Argentina,ARG,2021-02-20,1.81
Argentina,ARG,2021-02-21,1.86
Argentina,ARG,2021-02-22,2.01
Argentina,ARG,2021-02-23,2.2
Argentina,ARG,2021-02-24,2.41
Argentina,ARG,2021-02-25,2.58
Argentina,ARG,2021-02-26,2.76
Argentina,ARG,2021-02-27,2.8
Argentina,ARG,2021-02-28,2.82
Argentina,ARG,2021-03-01,2.98
Argentina,ARG,2021-03-02,3.15
Argentina,ARG,2021-03-03,3.3
Argentina,ARG,2021-03-04,3.55
Argentina,ARG,2021-03-05,3.8
Argentina,ARG,2021-03-06,3.92
Argentina,ARG,2021-03-07,3.95
Argentina,ARG,2021-03-08,4.17
Argentina,ARG,2021-03-09,4.43
Argentina,ARG,2021-03-10,4.79
Argentina,ARG,2021-03-11,5.2
Argentina,ARG,2021-03-12,5.56
Argentina,ARG,2021-03-13,5.66
Argentina,ARG,2021-03-14,5.68
Argentina,ARG,2021-03-15,5.99
Argentina,ARG,2021-03-16,6.28
Argentina,ARG,2021-03-17,6.59
Argentina,ARG,2021-03-18,6.9
Argentina,ARG,2021-03-19,7.18
Argentina,ARG,2021-03-20,7.29
Argentina,ARG,2021-03-21,7.33
Argentina,ARG,2021-03-22,7.52
Argentina,ARG,2021-03-23,7.75
Argentina,ARG,2021-03-24,7.83
Argentina,ARG,2021-03-25,8.06
Argentina,ARG,2021-03-26,8.27
Argentina,ARG,2021-03-27,8.39
Argentina,ARG,2021-03-28,8.44
Argentina,ARG,2021-03-29,8.7
Argentina,ARG,2021-03-30,9.06
Argentina,ARG,2021-03-31,9.45
Argentina,ARG,2021-04-01,9.71
Argentina,ARG,2021-04-02,9.86
Argentina,ARG,2021-04-03,10.02
Argentina,ARG,2021-04-04,10.13
Argentina,ARG,2021-04-05,10.5
Argentina,ARG,2021-04-06,10.92
Argentina,ARG,2021-04-07,11.45
Argentina,ARG,2021-04-08,11.97
Argentina,ARG,2021-04-09,12.5
Argentina,ARG,2021-04-10,12.71
Argentina,ARG,2021-04-11,12.81
Argentina,ARG,2021-04-12,13.22
Argentina,ARG,2021-04-13,13.63
Argentina,ARG,2021-04-14,14.01
Argentina,ARG,2021-04-15,14.34
Argentina,ARG,2021-04-16,14.61
Argentina,ARG,2021-04-17,14.71
Argentina,ARG,2021-04-18,14.76
Argentina,ARG,2021-04-19,14.96
Argentina,ARG,2021-04-20,15.23
Argentina,ARG,2021-04-21,15.61
Argentina,ARG,2021-04-22,16.01
Argentina,ARG,2021-04-23,16.44
Argentina,ARG,2021-04-24,16.64
Argentina,ARG,2021-04-25,16.75
Argentina,ARG,2021-04-26,17.13
Argentina,ARG,2021-04-27,17.47
Argentina,ARG,2021-04-28,17.82
Argentina,ARG,2021-04-29,18.17
Argentina,ARG,2021-04-30,18.42
Argentina,ARG,2021-05-01,18.46
Argentina,ARG,2021-05-02,18.55
Argentina,ARG,2021-05-03,18.94
Argentina,ARG,2021-05-04,19.45
Argentina,ARG,2021-05-05,19.99
Argentina,ARG,2021-05-06,20.44
Argentina,ARG,2021-05-07,20.89
Argentina,ARG,2021-05-08,21.06
Argentina,ARG,2021-05-09,21.1
Argentina,ARG,2021-05-10,21.41
Argentina,ARG,2021-05-11,21.72
Argentina,ARG,2021-05-12,22.16
Argentina,ARG,2021-05-13,22.58
Argentina,ARG,2021-05-14,23.02
Argentina,ARG,2021-05-15,23.23
Argentina,ARG,2021-05-16,23.38
Argentina,ARG,2021-05-17,23.79
Argentina,ARG,2021-05-18,24.23
Argentina,ARG,2021-05-19,24.6
Argentina,ARG,2021-05-20,25
Argentina,ARG,2021-05-21,25.39
Argentina,ARG,2021-05-22,25.61
Argentina,ARG,2021-05-23,25.71
Argentina,ARG,2021-05-24,25.91
Argentina,ARG,2021-05-25,26.05
Argentina,ARG,2021-05-26,26.39
Argentina,ARG,2021-05-27,26.76
Argentina,ARG,2021-05-28,27.3
Argentina,ARG,2021-05-29,27.81
Argentina,ARG,2021-05-30,28.09
Argentina,ARG,2021-05-31,28.75
Argentina,ARG,2021-06-01,29.45
Argentina,ARG,2021-06-02,30.13
Argentina,ARG,2021-06-03,30.9
Argentina,ARG,2021-06-04,31.8
Argentina,ARG,2021-06-05,32.53
Argentina,ARG,2021-06-06,33.01
Argentina,ARG,2021-06-07,33.79
Argentina,ARG,2021-06-08,34.6
Argentina,ARG,2021-06-09,35.43
Argentina,ARG,2021-06-10,36.17
Argentina,ARG,2021-06-11,36.98
Argentina,ARG,2021-06-12,37.38
Argentina,ARG,2021-06-13,37.57
Argentina,ARG,2021-06-14,38.09
Argentina,ARG,2021-06-15,38.66
Argentina,ARG,2021-06-16,39.3
Argentina,ARG,2021-06-17,39.99
Argentina,ARG,2021-06-18,40.87
Argentina,ARG,2021-06-19,41.39
Argentina,ARG,2021-06-20,41.61
Argentina,ARG,2021-06-21,41.98
Argentina,ARG,2021-06-22,42.62
Argentina,ARG,2021-06-23,43.2
Argentina,ARG,2021-06-24,43.87
Argentina,ARG,2021-06-25,44.7
Argentina,ARG,2021-06-26,45.4
Argentina,ARG,2021-06-27,45.79
Argentina,ARG,2021-06-28,46.61
Argentina,ARG,2021-06-29,47.44
Argentina,ARG,2021-06-30,48.27
Argentina,ARG,2021-07-01,49.22
Argentina,ARG,2021-07-02,50.14
Argentina,ARG,2021-07-03,50.88
Argentina,ARG,2021-07-04,51.32
Argentina,ARG,2021-07-05,52.22
Argentina,ARG,2021-07-06,53.14
Argentina,ARG,2021-07-07,54.04
Argentina,ARG,2021-07-08,54.94
Argentina,ARG,2021-07-09,55.73
Argentina,ARG,2021-07-10,56.47
Argentina,ARG,2021-07-11,56.83
Argentina,ARG,2021-07-12,57.69
Argentina,ARG,2021-07-13,58.56
Argentina,ARG,2021-07-14,59.44
Argentina,ARG,2021-07-15,60.32
Argentina,ARG,2021-07-16,61.33
Argentina,ARG,2021-07-17,62.04
Argentina,ARG,2021-07-18,62.41
Argentina,ARG,2021-07-19,63.34
Argentina,ARG,2021-07-20,64.33
Argentina,ARG,2021-07-21,65.26
Argentina,ARG,2021-07-22,66.11
Argentina,ARG,2021-07-23,67.01
Argentina,ARG,2021-07-24,67.53
Argentina,ARG,2021-07-25,67.83
Argentina,ARG,2021-07-26,68.73
Argentina,ARG,2021-07-27,69.68
Argentina,ARG,2021-07-28,70.69
Argentina,ARG,2021-07-29,71.63
Argentina,ARG,2021-07-30,72.57
Argentina,ARG,2021-07-31,73.18
Argentina,ARG,2021-08-01,73.55
Argentina,ARG,2021-08-02,74.47
Argentina,ARG,2021-08-03,75.37
Argentina,ARG,2021-08-04,76.3
Argentina,ARG,2021-08-05,77.25
Argentina,ARG,2021-08-06,78.16
Argentina,ARG,2021-08-07,78.78
Argentina,ARG,2021-08-08,79.13
Argentina,ARG,2021-08-09,80
Argentina,ARG,2021-08-10,80.81
Argentina,ARG,2021-08-11,81.73
Argentina,ARG,2021-08-12,82.59
Argentina,ARG,2021-08-13,83.51
Argentina,ARG,2021-08-14,84.08
Argentina,ARG,2021-08-15,84.44
Argentina,ARG,2021-08-16,84.86
Argentina,ARG,2021-08-17,85.83
Argentina,ARG,2021-08-18,86.79
Argentina,ARG,2021-08-19,87.73
Argentina,ARG,2021-08-20,88.7
Argentina,ARG,2021-08-21,89.27
Argentina,ARG,2021-08-22,89.64
Argentina,ARG,2021-08-23,90.54
Argentina,ARG,2021-08-24,91.54
Argentina,ARG,2021-08-25,92.48
Argentina,ARG,2021-08-26,93.46
Argentina,ARG,2021-08-27,94.49
Argentina,ARG,2021-08-28,95.03
Argentina,ARG,2021-08-29,95.4
Argentina,ARG,2021-08-30,96.32
Argentina,ARG,2021-08-31,97.34
Argentina,ARG,2021-09-01,98.35
Argentina,ARG,2021-09-02,99.34
Argentina,ARG,2021-09-03,100.3
Argentina,ARG,2021-09-04,100.95
Argentina,ARG,2021-09-05,101.38
Argentina,ARG,2021-09-06,102.36
Argentina,ARG,2021-09-07,103.38
Argentina,ARG,2021-09-08,104.21
Argentina,ARG,2021-09-09,105.09
Argentina,ARG,2021-09-10,105.84
Argentina,ARG,2021-09-11,106.28
Argentina,ARG,2021-09-12,106.3
Argentina,ARG,2021-09-13,106.97
Argentina,ARG,2021-09-14,107.59
Argentina,ARG,2021-09-15,108.32
Argentina,ARG,2021-09-16,109.12
Argentina,ARG,2021-09-17,109.92
Argentina,ARG,2021-09-18,110.41
Argentina,ARG,2021-09-19,110.71
Argentina,ARG,2021-09-20,111.48
Argentina,ARG,2021-09-21,112.16
Argentina,ARG,2021-09-22,112.89
Argentina,ARG,2021-09-23,113.57
Argentina,ARG,2021-09-24,114.15
Argentina,ARG,2021-09-25,114.43
Argentina,ARG,2021-09-26,114.63
Argentina,ARG,2021-09-27,115.25
Argentina,ARG,2021-09-28,115.92
Argentina,ARG,2021-09-29,116.48
Argentina,ARG,2021-09-30,117.22
Argentina,ARG,2021-10-01,117.9
Argentina,ARG,2021-10-02,118.29
Argentina,ARG,2021-10-03,118.53
Argentina,ARG,2021-10-04,119.04
Argentina,ARG,2021-10-05,119.63
Argentina,ARG,2021-10-06,120.18
Argentina,ARG,2021-10-07,120.76
Argentina,ARG,2021-10-08,121.03
Argentina,ARG,2021-10-09,121.28
Argentina,ARG,2021-10-10,121.46
Argentina,ARG,2021-10-11,121.63
Argentina,ARG,2021-10-12,122.39
Argentina,ARG,2021-10-13,123.23
Argentina,ARG,2021-10-14,124.17
Argentina,ARG,2021-10-15,125.11
Argentina,ARG,2021-10-16,125.67
Argentina,ARG,2021-10-17,125.9
Argentina,ARG,2021-10-18,126.84
Argentina,ARG,2021-10-19,127.77
Argentina,ARG,2021-10-20,128.69
Argentina,ARG,2021-10-21,129.62
Argentina,ARG,2021-10-22,130.64
Argentina,ARG,2021-10-23,131.12
Argentina,ARG,2021-10-24,131.44
Argentina,ARG,2021-10-25,132.25
Argentina,ARG,2021-10-26,133.15
Argentina,ARG,2021-10-27,133.87
Argentina,ARG,2021-10-28,134.65
Argentina,ARG,2021-10-29,135.37
Argentina,ARG,2021-10-30,135.66
Argentina,ARG,2021-10-31,135.99
Argentina,ARG,2021-11-01,136.65
Argentina,ARG,2021-11-02,137.36
Argentina,ARG,2021-11-03,138.13
Argentina,ARG,2021-11-04,138.93
Argentina,ARG,2021-11-05,139.61
Argentina,ARG,2021-11-06,139.98
Argentina,ARG,2021-11-07,140.26
Argentina,ARG,2021-11-08,140.82
Argentina,ARG,2021-11-09,141.6
Argentina,ARG,2021-11-10,142.41
Argentina,ARG,2021-11-11,143.26
Argentina,ARG,2021-11-12,144.13
Argentina,ARG,2021-11-13,144.55
Argentina,ARG,2021-11-14,144.57
Argentina,ARG,2021-11-15,145.32
Argentina,ARG,2021-11-16,146.15
Argentina,ARG,2021-11-17,146.96
Argentina,ARG,2021-11-18,147.76
Argentina,ARG,2021-11-19,148.62
Argentina,ARG,2021-11-20,149.01
Argentina,ARG,2021-11-21,149.21
Argentina,ARG,2021-11-22,149.45
Argentina,ARG,2021-11-23,150.2
Argentina,ARG,2021-11-24,150.96
Argentina,ARG,2021-11-25,151.67
Argentina,ARG,2021-11-26,152.41
Argentina,ARG,2021-11-27,152.75
Argentina,ARG,2021-11-28,152.95
Argentina,ARG,2021-11-29,153.74
Argentina,ARG,2021-11-30,154.56
Argentina,ARG,2021-12-01,155.4
Argentina,ARG,2021-12-02,156.28
Argentina,ARG,2021-12-03,156.97
Argentina,ARG,2021-12-04,157.34
Argentina,ARG,2021-12-05,157.55
Argentina,ARG,2021-12-06,158.24
Argentina,ARG,2021-12-07,158.98
Argentina,ARG,2021-12-08,159.28
Argentina,ARG,2021-12-09,159.95
Argentina,ARG,2021-12-10,160.64
Argentina,ARG,2021-12-11,160.98
Argentina,ARG,2021-12-12,161.2
Argentina,ARG,2021-12-13,161.92
Argentina,ARG,2021-12-14,162.67
Argentina,ARG,2021-12-15,163.51
Argentina,ARG,2021-12-16,164.32
Argentina,ARG,2021-12-17,165.05
Argentina,ARG,2021-12-18,165.41
Argentina,ARG,2021-12-19,165.61
Argentina,ARG,2021-12-20,166.38
Argentina,ARG,2021-12-21,167.15
Argentina,ARG,2021-12-22,167.87
Argentina,ARG,2021-12-23,168.4
Argentina,ARG,2021-12-24,168.43
Argentina,ARG,2021-12-25,168.43
Argentina,ARG,2021-12-26,168.55
Argentina,ARG,2021-12-27,169.51
Argentina,ARG,2021-12-28,170.66
Argentina,ARG,2021-12-29,171.76
Argentina,ARG,2021-12-30,172.71
Argentina,ARG,2021-12-31,172.78
Argentina,ARG,2022-01-01,172.79
Argentina,ARG,2022-01-02,173.01
Argentina,ARG,2022-01-03,174.1
Argentina,ARG,2022-01-04,175.32
Argentina,ARG,2022-01-05,176.52
Argentina,ARG,2022-01-06,177.73
Argentina,ARG,2022-01-07,178.99
Argentina,ARG,2022-01-08,179.59
Argentina,ARG,2022-01-09,179.95
Argentina,ARG,2022-01-10,181.09
Argentina,ARG,2022-01-11,182.19
Argentina,ARG,2022-01-12,183.3
Argentina,ARG,2022-01-13,184.33
Argentina,ARG,2022-01-14,185.26
Argentina,ARG,2022-01-15,185.68
Argentina,ARG,2022-01-16,185.97
Argentina,ARG,2022-01-17,186.9
Argentina,ARG,2022-01-18,187.8
Argentina,ARG,2022-01-19,188.66
Argentina,ARG,2022-01-20,189.51
Argentina,ARG,2022-01-21,190.33
Argentina,ARG,2022-01-22,190.71
Argentina,ARG,2022-01-23,190.97
Argentina,ARG,2022-01-24,191.78
Argentina,ARG,2022-01-25,192.55
Argentina,ARG,2022-01-26,193.31
Argentina,ARG,2022-01-27,194.09
Argentina,ARG,2022-01-28,194.86
Argentina,ARG,2022-01-29,195.21
Argentina,ARG,2022-01-30,195.42
Argentina,ARG,2022-01-31,196.22
Argentina,ARG,2022-02-01,196.97
Argentina,ARG,2022-02-02,197.68
Argentina,ARG,2022-02-03,198.29
Argentina,ARG,2022-02-04,199.01
Argentina,ARG,2022-02-05,199.31
Argentina,ARG,2022-02-06,199.51
Argentina,ARG,2022-02-07,200.15
Argentina,ARG,2022-02-08,200.75
Argentina,ARG,2022-02-09,201.41
Argentina,ARG,2022-02-10,202.01
Argentina,ARG,2022-02-11,202.54
Argentina,ARG,2022-02-12,202.82
Argentina,ARG,2022-02-13,202.99
Argentina,ARG,2022-02-14,203.5
Argentina,ARG,2022-02-15,203.98
Argentina,ARG,2022-02-16,204.46
Argentina,ARG,2022-02-17,204.93
Argentina,ARG,2022-02-18,205.41
Argentina,ARG,2022-02-19,205.6
Argentina,ARG,2022-02-20,205.72
Argentina,ARG,2022-02-21,206.17
Argentina,ARG,2022-02-22,206.63
Argentina,ARG,2022-02-23,207.08
Argentina,ARG,2022-02-24,207.47
Argentina,ARG,2022-02-25,207.93
Argentina,ARG,2022-02-26,208.09
Argentina,ARG,2022-02-27,208.16
Argentina,ARG,2022-02-28,208.26
Argentina,ARG,2022-03-01,208.36
Argentina,ARG,2022-03-02,208.66
Argentina,ARG,2022-03-03,208.94
Argentina,ARG,2022-03-04,209.22
Argentina,ARG,2022-03-05,209.35
Argentina,ARG,2022-03-06,209.47
Argentina,ARG,2022-03-07,209.81
Argentina,ARG,2022-03-08,210.04
Argentina,ARG,2022-03-09,210.3
Argentina,ARG,2022-03-10,210.56
Argentina,ARG,2022-03-11,210.84
Argentina,ARG,2022-03-12,210.97
Argentina,ARG,2022-03-13,211.03
Argentina,ARG,2022-03-14,211.27
Argentina,ARG,2022-03-15,211.55
Argentina,ARG,2022-03-16,211.81
Argentina,ARG,2022-03-17,212.07
Argentina,ARG,2022-03-18,212.34
Argentina,ARG,2022-03-19,212.49
Argentina,ARG,2022-03-20,212.56
Argentina,ARG,2022-03-21,212.82
Argentina,ARG,2022-03-22,213.06
Argentina,ARG,2022-03-23,213.32
Argentina,ARG,2022-03-24,213.37
Argentina,ARG,2022-03-25,213.62
Argentina,ARG,2022-03-26,213.73
Argentina,ARG,2022-03-27,213.78
Argentina,ARG,2022-03-28,214.02
Argentina,ARG,2022-03-29,214.23
Argentina,ARG,2022-03-30,214.44
Argentina,ARG,2022-03-31,214.66
Argentina,ARG,2022-04-01,214.85
Argentina,ARG,2022-04-02,214.91
Argentina,ARG,2022-04-03,214.94
Argentina,ARG,2022-04-04,215.11
Argentina,ARG,2022-04-05,215.28
Argentina,ARG,2022-04-06,215.43
Argentina,ARG,2022-04-07,215.58
Argentina,ARG,2022-04-08,215.74
Argentina,ARG,2022-04-09,215.81
Argentina,ARG,2022-04-10,215.83
Argentina,ARG,2022-04-11,215.98
Argentina,ARG,2022-04-12,216.14
Argentina,ARG,2022-04-13,216.3
Argentina,ARG,2022-04-14,216.35
Argentina,ARG,2022-04-15,216.38
Argentina,ARG,2022-04-16,216.43
Argentina,ARG,2022-04-17,216.44
Argentina,ARG,2022-04-18,216.65
Argentina,ARG,2022-04-19,216.87
Argentina,ARG,2022-04-20,217.12
Argentina,ARG,2022-04-21,217.36
Argentina,ARG,2022-04-22,217.61
Argentina,ARG,2022-04-23,217.71
Argentina,ARG,2022-04-24,217.75
Argentina,ARG,2022-04-25,218
Argentina,ARG,2022-04-26,218.24
Argentina,ARG,2022-04-27,218.49
Argentina,ARG,2022-04-28,218.78
Argentina,ARG,2022-04-29,219.07
Argentina,ARG,2022-04-30,219.17
Argentina,ARG,2022-05-01,219.17
Argentina,ARG,2022-05-02,219.42
Argentina,ARG,2022-05-03,219.69
Argentina,ARG,2022-05-04,219.98
Argentina,ARG,2022-05-05,220.32
Argentina,ARG,2022-05-06,220.65
Argentina,ARG,2022-05-07,220.78
Argentina,ARG,2022-05-08,220.84
Argentina,ARG,2022-05-09,221.18
Argentina,ARG,2022-05-10,221.57
Argentina,ARG,2022-05-11,221.92
Argentina,ARG,2022-05-12,222.29
Argentina,ARG,2022-05-13,222.74
Argentina,ARG,2022-05-14,222.93
Argentina,ARG,2022-05-15,223.02
Argentina,ARG,2022-05-16,223.41
Argentina,ARG,2022-05-17,223.86
Argentina,ARG,2022-05-18,223.87
Argentina,ARG,2022-05-19,224.3
Argentina,ARG,2022-05-20,224.76
Argentina,ARG,2022-05-21,225
Argentina,ARG,2022-05-22,225.11
Argentina,ARG,2022-05-23,225.61
Argentina,ARG,2022-05-24,226.06
Argentina,ARG,2022-05-25,226.14
Argentina,ARG,2022-05-26,226.6
Argentina,ARG,2022-05-27,227.11
Argentina,ARG,2022-05-28,227.36
Argentina,ARG,2022-05-29,227.49
Argentina,ARG,2022-05-30,227.93
Argentina,ARG,2022-05-31,228.34
Argentina,ARG,2022-06-01,228.69
Argentina,ARG,2022-06-02,229.04
Argentina,ARG,2022-06-03,229.42
Argentina,ARG,2022-06-04,229.52
Argentina,ARG,2022-06-05,229.56
Argentina,ARG,2022-06-06,229.87
Argentina,ARG,2022-06-07,230.17
Argentina,ARG,2022-06-08,230.47
Argentina,ARG,2022-06-09,230.78
Argentina,ARG,2022-06-10,231.11
Argentina,ARG,2022-06-11,231.19
Argentina,ARG,2022-06-12,231.23
Argentina,ARG,2022-06-13,231.52
Argentina,ARG,2022-06-14,231.84
Argentina,ARG,2022-06-15,232.14
Argentina,ARG,2022-06-16,232.47
Argentina,ARG,2022-06-17,232.52
Argentina,ARG,2022-06-18,232.58
Argentina,ARG,2022-06-19,232.58
Argentina,ARG,2022-06-20,232.62
Argentina,ARG,2022-06-21,232.87
Argentina,ARG,2022-06-22,233.11
Argentina,ARG,2022-06-23,233.34
Argentina,ARG,2022-06-24,233.6
Argentina,ARG,2022-06-25,233.66
Argentina,ARG,2022-06-26,233.7
Argentina,ARG,2022-06-27,233.84
Argentina,ARG,2022-06-28,234.06
Argentina,ARG,2022-06-29,234.27
Argentina,ARG,2022-06-30,234.49
Argentina,ARG,2022-07-01,234.71
Argentina,ARG,2022-07-02,234.76
Argentina,ARG,2022-07-03,234.8
Argentina,ARG,2022-07-04,234.99
Argentina,ARG,2022-07-05,235.18
Argentina,ARG,2022-07-06,235.38
Argentina,ARG,2022-07-07,235.58
Argentina,ARG,2022-07-08,235.78
Argentina,ARG,2022-07-09,235.82
Argentina,ARG,2022-07-10,235.85
Argentina,ARG,2022-07-11,236.02
Argentina,ARG,2022-07-12,236.19
Argentina,ARG,2022-07-13,236.36
Argentina,ARG,2022-07-14,236.52
Argentina,ARG,2022-07-15,236.67
Argentina,ARG,2022-07-16,236.7
Argentina,ARG,2022-07-17,236.72
Argentina,ARG,2022-07-18,236.86
Argentina,ARG,2022-07-19,237.02
Argentina,ARG,2022-07-20,237.15
Argentina,ARG,2022-07-21,237.29
Argentina,ARG,2022-07-22,237.45
Argentina,ARG,2022-07-23,237.48
Argentina,ARG,2022-07-24,237.49
Argentina,ARG,2022-07-25,237.6
Argentina,ARG,2022-07-26,237.74
Argentina,ARG,2022-07-27,237.87
Argentina,ARG,2022-07-28,238
Argentina,ARG,2022-07-29,238.15
Argentina,ARG,2022-07-30,238.18
Argentina,ARG,2022-07-31,238.2
Argentina,ARG,2022-08-01,238.28
Argentina,ARG,2022-08-02,238.28
Armenia,ARM,2021-03-31,0.02
Armenia,ARM,2021-05-09,0.38
Armenia,ARM,2021-05-16,0.69
Armenia,ARM,2021-05-23,0.95
Armenia,ARM,2021-05-30,1.2
Armenia,ARM,2021-06-06,1.67
Armenia,ARM,2021-06-14,1.99
Armenia,ARM,2021-06-20,2.3
Armenia,ARM,2021-06-27,2.68
Armenia,ARM,2021-07-11,3.87
Armenia,ARM,2021-07-18,4.7
Armenia,ARM,2021-07-25,5.47
Armenia,ARM,2021-08-01,6.16
Armenia,ARM,2021-08-08,6.98
Armenia,ARM,2021-08-15,7.89
Armenia,ARM,2021-08-22,8.58
Armenia,ARM,2021-08-29,9.86
Armenia,ARM,2021-09-05,10.87
Armenia,ARM,2021-09-12,12.03
Armenia,ARM,2021-09-19,13.14
Armenia,ARM,2021-09-26,14.64
Armenia,ARM,2021-10-11,18.43
Armenia,ARM,2021-10-17,22.24
Armenia,ARM,2021-10-24,25.42
Armenia,ARM,2021-10-31,29.81
Armenia,ARM,2021-11-07,31.92
Armenia,ARM,2021-11-14,35.99
Armenia,ARM,2021-11-21,39.8
Armenia,ARM,2021-11-28,44.3
Armenia,ARM,2021-12-06,48.47
Armenia,ARM,2021-12-12,52.04
Armenia,ARM,2021-12-19,55.42
Armenia,ARM,2021-12-26,58.29
Armenia,ARM,2022-01-02,59.49
Armenia,ARM,2022-01-09,60.71
Armenia,ARM,2022-01-17,63.12
Armenia,ARM,2022-01-23,65.4
Armenia,ARM,2022-01-30,67.48
Armenia,ARM,2022-02-06,68.99
Armenia,ARM,2022-02-13,70.64
Armenia,ARM,2022-02-20,71.4
Armenia,ARM,2022-02-27,73.19
Armenia,ARM,2022-03-13,74.85
Armenia,ARM,2022-03-20,75.49
Armenia,ARM,2022-04-03,76.75
Armenia,ARM,2022-04-17,77.01
Armenia,ARM,2022-05-15,77.01
Armenia,ARM,2022-05-22,77.04
Aruba,ABW,2021-03-29,24.19
Aruba,ABW,2021-04-10,38.57
Aruba,ABW,2021-04-12,40.43
Aruba,ABW,2021-04-13,42.79
Aruba,ABW,2021-04-14,45.24
Aruba,ABW,2021-04-15,47.44
Aruba,ABW,2021-04-16,49.71
Aruba,ABW,2021-04-17,52.17
Aruba,ABW,2021-04-18,52.24
Aruba,ABW,2021-04-19,54.61
Aruba,ABW,2021-04-20,56.67
Aruba,ABW,2021-04-21,58.52
Aruba,ABW,2021-04-22,60.34
Aruba,ABW,2021-04-23,63.78
Aruba,ABW,2021-04-24,65.03
Aruba,ABW,2021-04-25,68.62
Aruba,ABW,2021-04-26,68.86
Aruba,ABW,2021-04-28,70.09
Aruba,ABW,2021-04-29,71.19
Aruba,ABW,2021-04-30,72.15
Aruba,ABW,2021-05-03,72.96
Aruba,ABW,2021-05-04,74.11
Aruba,ABW,2021-05-05,74.62
Aruba,ABW,2021-05-06,74.67
Aruba,ABW,2021-05-07,75.33
Aruba,ABW,2021-05-08,75.75
Aruba,ABW,2021-05-10,76.61
Aruba,ABW,2021-05-11,77.79
Aruba,ABW,2021-05-12,79.07
Aruba,ABW,2021-05-13,80.2
Aruba,ABW,2021-05-14,82.17
Aruba,ABW,2021-05-15,83.17
Aruba,ABW,2021-05-17,85.42
Aruba,ABW,2021-05-18,87.98
Aruba,ABW,2021-05-19,90.12
Aruba,ABW,2021-05-20,91.91
Aruba,ABW,2021-05-21,93.87
Aruba,ABW,2021-05-22,97.05
Aruba,ABW,2021-05-23,101.82
Aruba,ABW,2021-05-24,103.02
Aruba,ABW,2021-05-25,104.54
Aruba,ABW,2021-05-26,104.81
Aruba,ABW,2021-05-27,105.43
Aruba,ABW,2021-05-28,106.16
Aruba,ABW,2021-05-29,106.69
Aruba,ABW,2021-05-31,107.15
Aruba,ABW,2021-06-01,107.6
Aruba,ABW,2021-06-02,108.08
Aruba,ABW,2021-06-03,109.41
Aruba,ABW,2021-06-04,109.42
Aruba,ABW,2021-06-06,109.43
Aruba,ABW,2021-06-07,109.86
Aruba,ABW,2021-06-08,110.48
Aruba,ABW,2021-06-09,111.06
Aruba,ABW,2021-06-10,111.58
Aruba,ABW,2021-06-11,112.07
Aruba,ABW,2021-06-12,114.02
Aruba,ABW,2021-06-14,114.4
Aruba,ABW,2021-06-15,114.77
Aruba,ABW,2021-06-16,115.15
Aruba,ABW,2021-06-17,115.56
Aruba,ABW,2021-06-18,115.99
Aruba,ABW,2021-06-20,116.29
Aruba,ABW,2021-06-21,116.69
Aruba,ABW,2021-06-22,116.7
Aruba,ABW,2021-06-23,117.2
Aruba,ABW,2021-06-24,117.6
Aruba,ABW,2021-06-27,117.6
Aruba,ABW,2021-06-28,118.15
Aruba,ABW,2021-06-29,118.63
Aruba,ABW,2021-06-30,119.45
Aruba,ABW,2021-07-01,119.6
Aruba,ABW,2021-07-02,120.13
Aruba,ABW,2021-07-05,120.69
Aruba,ABW,2021-07-06,121.24
Aruba,ABW,2021-07-07,121.69
Aruba,ABW,2021-07-08,122.14
Aruba,ABW,2021-07-09,122.65
Aruba,ABW,2021-07-10,123.84
Aruba,ABW,2021-07-12,124.22
Aruba,ABW,2021-07-13,124.57
Aruba,ABW,2021-07-14,125.01
Aruba,ABW,2021-07-15,125.52
Aruba,ABW,2021-07-16,125.54
Aruba,ABW,2021-07-19,126.26
Aruba,ABW,2021-07-20,126.27
Aruba,ABW,2021-07-21,126.7
Aruba,ABW,2021-07-22,127.14
Aruba,ABW,2021-07-23,127.2
Aruba,ABW,2021-07-26,127.65
Aruba,ABW,2021-07-27,128.12
Aruba,ABW,2021-07-28,128.51
Aruba,ABW,2021-07-29,128.88
Aruba,ABW,2021-07-30,129.16
Aruba,ABW,2021-07-31,130.01
Aruba,ABW,2021-08-01,130.02
Aruba,ABW,2021-08-02,130.18
Aruba,ABW,2021-08-03,130.51
Aruba,ABW,2021-08-04,130.59
Aruba,ABW,2021-08-05,130.76
Aruba,ABW,2021-08-06,131
Aruba,ABW,2021-08-09,131.3
Aruba,ABW,2021-08-10,131.7
Aruba,ABW,2021-08-11,132.26
Aruba,ABW,2021-08-12,132.46
Aruba,ABW,2021-08-13,132.92
Aruba,ABW,2021-08-16,133.32
Aruba,ABW,2021-08-17,133.86
Aruba,ABW,2021-08-18,134.26
Aruba,ABW,2021-08-19,134.6
Aruba,ABW,2021-08-20,134.85
Aruba,ABW,2021-08-22,136.98
Aruba,ABW,2021-08-23,137.28
Aruba,ABW,2021-08-24,137.51
Aruba,ABW,2021-08-25,137.79
Aruba,ABW,2021-08-26,138.06
Aruba,ABW,2021-08-27,138.32
Aruba,ABW,2021-08-29,138.52
Aruba,ABW,2021-08-30,138.59
Aruba,ABW,2021-08-31,139.13
Aruba,ABW,2021-09-01,139.51
Aruba,ABW,2021-09-02,139.73
Aruba,ABW,2021-09-03,139.9
Aruba,ABW,2021-09-06,140.41
Aruba,ABW,2021-09-07,140.51
Aruba,ABW,2021-09-08,140.77
Aruba,ABW,2021-09-09,141
Aruba,ABW,2021-09-10,141.23
Aruba,ABW,2021-09-11,142.01
Aruba,ABW,2021-09-12,143.79
Aruba,ABW,2021-09-13,143.79
Aruba,ABW,2021-09-14,144.17
Aruba,ABW,2021-09-15,144.61
Aruba,ABW,2021-09-16,144.97
Aruba,ABW,2021-09-20,145.21
Aruba,ABW,2021-09-21,145.58
Aruba,ABW,2021-09-22,145.6
Aruba,ABW,2021-09-23,145.81
Aruba,ABW,2021-09-24,145.96
Aruba,ABW,2021-09-25,146.06
Aruba,ABW,2021-09-26,146.11
Aruba,ABW,2021-09-27,146.2
Aruba,ABW,2021-09-28,146.34
Aruba,ABW,2021-09-29,146.49
Aruba,ABW,2021-09-30,146.6
Aruba,ABW,2021-10-01,146.76
Aruba,ABW,2021-10-02,146.76
Aruba,ABW,2021-10-04,146.96
Aruba,ABW,2021-10-05,147.15
Aruba,ABW,2021-10-06,147.37
Aruba,ABW,2021-10-07,147.57
Aruba,ABW,2021-10-08,147.7
Aruba,ABW,2021-10-09,147.7
Aruba,ABW,2021-10-10,147.88
Aruba,ABW,2021-10-12,147.99
Aruba,ABW,2021-10-13,148.18
Aruba,ABW,2021-10-14,148.26
Aruba,ABW,2021-10-15,148.37
Aruba,ABW,2021-10-18,148.51
Aruba,ABW,2021-10-19,148.72
Aruba,ABW,2021-10-20,148.82
Aruba,ABW,2021-10-21,148.93
Aruba,ABW,2021-10-22,149.07
Aruba,ABW,2021-10-25,149.17
Aruba,ABW,2021-10-26,149.26
Aruba,ABW,2021-10-27,149.41
Aruba,ABW,2021-10-28,149.48
Aruba,ABW,2021-10-29,149.63
Aruba,ABW,2021-11-01,149.75
Aruba,ABW,2021-11-02,149.84
Aruba,ABW,2021-11-03,150.06
Aruba,ABW,2021-11-05,150.2
Aruba,ABW,2021-11-08,150.28
Aruba,ABW,2021-11-09,150.34
Aruba,ABW,2021-11-10,150.49
Aruba,ABW,2021-11-11,150.6
Aruba,ABW,2021-11-12,150.71
Aruba,ABW,2021-11-15,150.8
Aruba,ABW,2021-11-16,150.89
Aruba,ABW,2021-11-17,151
Aruba,ABW,2021-11-18,151.08
Aruba,ABW,2021-11-19,151.23
Aruba,ABW,2021-11-20,151.23
Aruba,ABW,2021-11-21,151.31
Aruba,ABW,2021-11-22,151.32
Aruba,ABW,2021-11-23,151.44
Aruba,ABW,2021-11-24,151.5
Aruba,ABW,2021-11-25,151.65
Aruba,ABW,2021-11-26,151.68
Aruba,ABW,2021-11-27,151.7
Aruba,ABW,2021-11-28,151.72
Aruba,ABW,2021-11-29,151.72
Aruba,ABW,2021-11-30,151.73
Aruba,ABW,2021-12-01,151.73
Aruba,ABW,2021-12-02,151.85
Aruba,ABW,2021-12-03,151.98
Aruba,ABW,2021-12-06,152.07
Aruba,ABW,2021-12-07,152.17
Aruba,ABW,2021-12-08,152.25
Aruba,ABW,2021-12-09,152.32
Aruba,ABW,2021-12-10,152.38
Aruba,ABW,2021-12-13,152.48
Aruba,ABW,2021-12-14,152.52
Aruba,ABW,2021-12-15,152.59
Aruba,ABW,2021-12-16,152.65
Aruba,ABW,2021-12-17,152.83
Aruba,ABW,2021-12-20,153.04
Aruba,ABW,2021-12-22,153.17
Aruba,ABW,2021-12-23,153.3
Aruba,ABW,2021-12-24,153.3
Aruba,ABW,2021-12-27,153.42
Aruba,ABW,2021-12-28,153.61
Aruba,ABW,2021-12-30,153.71
Aruba,ABW,2022-01-04,153.79
Aruba,ABW,2022-01-05,153.9
Aruba,ABW,2022-01-06,154.04
Aruba,ABW,2022-01-07,154.09
Aruba,ABW,2022-01-10,154.22
Aruba,ABW,2022-01-11,154.27
Aruba,ABW,2022-01-12,154.4
Aruba,ABW,2022-01-13,154.45
Aruba,ABW,2022-01-14,154.53
Aruba,ABW,2022-01-15,154.53
Aruba,ABW,2022-01-17,154.62
Aruba,ABW,2022-01-18,154.72
Aruba,ABW,2022-01-19,154.81
Aruba,ABW,2022-01-20,154.89
Aruba,ABW,2022-01-21,155.43
Aruba,ABW,2022-01-22,155.54
Aruba,ABW,2022-01-23,155.82
Aruba,ABW,2022-01-25,155.93
Aruba,ABW,2022-01-27,156.04
Aruba,ABW,2022-01-28,156.14
Aruba,ABW,2022-01-31,156.23
Aruba,ABW,2022-02-01,156.31
Aruba,ABW,2022-02-02,156.39
Aruba,ABW,2022-02-03,156.47
Aruba,ABW,2022-02-04,156.55
Aruba,ABW,2022-02-07,156.63
Aruba,ABW,2022-02-08,156.7
Aruba,ABW,2022-02-09,156.79
Aruba,ABW,2022-02-10,156.87
Aruba,ABW,2022-02-11,156.95
Aruba,ABW,2022-02-14,157.01
Aruba,ABW,2022-02-15,157.05
Aruba,ABW,2022-02-16,157.12
Aruba,ABW,2022-02-17,157.2
Aruba,ABW,2022-02-18,157.3
Aruba,ABW,2022-02-21,157.35
Aruba,ABW,2022-02-22,157.39
Aruba,ABW,2022-02-23,157.43
Aruba,ABW,2022-02-24,157.47
Aruba,ABW,2022-02-25,157.52
Aruba,ABW,2022-03-01,157.6
Aruba,ABW,2022-03-02,157.65
Aruba,ABW,2022-03-03,157.69
Aruba,ABW,2022-03-04,157.73
Aruba,ABW,2022-03-06,157.73
Aruba,ABW,2022-03-07,157.78
Aruba,ABW,2022-03-08,157.83
Aruba,ABW,2022-03-09,157.88
Aruba,ABW,2022-03-10,157.98
Aruba,ABW,2022-03-12,157.99
Aruba,ABW,2022-03-14,158.03
Aruba,ABW,2022-03-15,158.07
Aruba,ABW,2022-03-16,158.11
Aruba,ABW,2022-03-17,158.16
Aruba,ABW,2022-03-21,158.26
Aruba,ABW,2022-03-22,158.35
Aruba,ABW,2022-03-23,158.46
Aruba,ABW,2022-03-24,158.53
Aruba,ABW,2022-03-25,158.64
Aruba,ABW,2022-03-26,158.65
Aruba,ABW,2022-03-28,158.75
Aruba,ABW,2022-03-29,158.85
Aruba,ABW,2022-03-30,158.92
Aruba,ABW,2022-03-31,158.95
Aruba,ABW,2022-04-03,159.03
Aruba,ABW,2022-04-04,159.07
Aruba,ABW,2022-04-05,159.13
Aruba,ABW,2022-04-06,159.16
Aruba,ABW,2022-04-07,159.19
Aruba,ABW,2022-04-08,159.26
Aruba,ABW,2022-04-11,159.32
Aruba,ABW,2022-04-12,159.37
Aruba,ABW,2022-04-13,159.44
Aruba,ABW,2022-04-14,159.46
Aruba,ABW,2022-04-19,159.53
Aruba,ABW,2022-04-20,159.59
Aruba,ABW,2022-04-21,159.65
Aruba,ABW,2022-04-22,159.71
Aruba,ABW,2022-04-25,159.76
Aruba,ABW,2022-04-26,159.81
Aruba,ABW,2022-04-27,159.81
Aruba,ABW,2022-04-28,159.85
Aruba,ABW,2022-04-29,159.87
Aruba,ABW,2022-05-03,159.92
Aruba,ABW,2022-05-04,159.97
Aruba,ABW,2022-05-05,160
Aruba,ABW,2022-05-06,160.04
Aruba,ABW,2022-05-09,160.07
Aruba,ABW,2022-05-10,160.11
Aruba,ABW,2022-05-11,160.15
Aruba,ABW,2022-05-12,160.2
Aruba,ABW,2022-05-13,160.26
Aruba,ABW,2022-05-16,160.3
Aruba,ABW,2022-05-17,160.33
Aruba,ABW,2022-05-18,160.37
Aruba,ABW,2022-05-19,160.41
Aruba,ABW,2022-05-20,160.45
Aruba,ABW,2022-05-23,160.49
Aruba,ABW,2022-05-24,160.53
Aruba,ABW,2022-05-25,160.57
Aruba,ABW,2022-05-30,160.61
Aruba,ABW,2022-05-31,160.66
Aruba,ABW,2022-06-01,160.69
Aruba,ABW,2022-06-02,160.72
Aruba,ABW,2022-06-03,160.84
Aruba,ABW,2022-06-06,160.91
Aruba,ABW,2022-06-07,160.94
Aruba,ABW,2022-06-08,160.99
Aruba,ABW,2022-06-09,161
Aruba,ABW,2022-06-10,161.06
Aruba,ABW,2022-06-13,161.11
Aruba,ABW,2022-06-14,161.15
Aruba,ABW,2022-06-15,161.17
Aruba,ABW,2022-06-16,161.2
Aruba,ABW,2022-06-17,161.23
Aruba,ABW,2022-06-20,161.28
Aruba,ABW,2022-06-21,161.31
Aruba,ABW,2022-06-22,161.33
Aruba,ABW,2022-06-23,161.36
Aruba,ABW,2022-06-24,161.4
Aruba,ABW,2022-06-27,161.43
Aruba,ABW,2022-06-28,161.46
Aruba,ABW,2022-07-01,161.49
Aruba,ABW,2022-07-03,161.5
Aruba,ABW,2022-07-04,161.54
Aruba,ABW,2022-07-05,161.57
Aruba,ABW,2022-07-06,161.59
Aruba,ABW,2022-07-07,161.62
Aruba,ABW,2022-07-08,161.65
Aruba,ABW,2022-07-11,161.69
Aruba,ABW,2022-07-12,161.73
Aruba,ABW,2022-07-13,161.75
Aruba,ABW,2022-07-14,161.79
Aruba,ABW,2022-07-15,161.83
Aruba,ABW,2022-07-18,161.86
Aruba,ABW,2022-07-19,161.88
Aruba,ABW,2022-07-20,161.89
Aruba,ABW,2022-07-21,161.92
Aruba,ABW,2022-07-22,161.95
Aruba,ABW,2022-07-25,161.99
Aruba,ABW,2022-07-26,162.02
Aruba,ABW,2022-07-27,162.04
Aruba,ABW,2022-07-28,162.06
Aruba,ABW,2022-07-29,162.07
Aruba,ABW,2022-08-01,162.11
Aruba,ABW,2022-08-02,162.14
Aruba,ABW,2022-08-03,162.16
Asia,,2020-12-15,0.03
Asia,,2020-12-16,0.03
Asia,,2020-12-17,0.03
Asia,,2020-12-18,0.03
Asia,,2020-12-19,0.03
Asia,,2020-12-20,0.03
Asia,,2020-12-21,0.03
Asia,,2020-12-22,0.03
Asia,,2020-12-23,0.04
Asia,,2020-12-24,0.04
Asia,,2020-12-25,0.04
Asia,,2020-12-26,0.04
Asia,,2020-12-27,0.04
Asia,,2020-12-28,0.04
Asia,,2020-12-29,0.05
Asia,,2020-12-30,0.05
Asia,,2020-12-31,0.12
Asia,,2021-01-01,0.12
Asia,,2021-01-02,0.12
Asia,,2021-01-03,0.12
Asia,,2021-01-04,0.13
Asia,,2021-01-05,0.15
Asia,,2021-01-06,0.15
Asia,,2021-01-07,0.16
Asia,,2021-01-08,0.16
Asia,,2021-01-09,0.26
Asia,,2021-01-10,0.26
Asia,,2021-01-11,0.27
Asia,,2021-01-12,0.27
Asia,,2021-01-13,0.3
Asia,,2021-01-14,0.31
Asia,,2021-01-15,0.32
Asia,,2021-01-16,0.33
Asia,,2021-01-17,0.34
Asia,,2021-01-18,0.35
Asia,,2021-01-19,0.36
Asia,,2021-01-20,0.48
Asia,,2021-01-21,0.5
Asia,,2021-01-22,0.51
Asia,,2021-01-23,0.52
Asia,,2021-01-24,0.53
Asia,,2021-01-25,0.55
Asia,,2021-01-26,0.73
Asia,,2021-01-27,0.74
Asia,,2021-01-28,0.77
Asia,,2021-01-29,0.79
Asia,,2021-01-30,0.81
Asia,,2021-01-31,0.84
Asia,,2021-02-01,0.86
Asia,,2021-02-02,0.87
Asia,,2021-02-03,1.04
Asia,,2021-02-04,1.07
Asia,,2021-02-05,1.09
Asia,,2021-02-06,1.11
Asia,,2021-02-07,1.11
Asia,,2021-02-08,1.13
Asia,,2021-02-09,1.35
Asia,,2021-02-10,1.37
Asia,,2021-02-11,1.39
Asia,,2021-02-12,1.42
Asia,,2021-02-13,1.44
Asia,,2021-02-14,1.45
Asia,,2021-02-15,1.49
Asia,,2021-02-16,1.52
Asia,,2021-02-17,1.55
Asia,,2021-02-18,1.59
Asia,,2021-02-19,1.62
Asia,,2021-02-20,1.65
Asia,,2021-02-21,1.66
Asia,,2021-02-22,1.69
Asia,,2021-02-23,1.72
Asia,,2021-02-24,1.75
Asia,,2021-02-25,1.79
Asia,,2021-02-26,1.82
Asia,,2021-02-27,1.84
Asia,,2021-02-28,2.11
Asia,,2021-03-01,2.14
Asia,,2021-03-02,2.18
Asia,,2021-03-03,2.23
Asia,,2021-03-04,2.28
Asia,,2021-03-05,2.33
Asia,,2021-03-06,2.37
Asia,,2021-03-07,2.4
Asia,,2021-03-08,2.45
Asia,,2021-03-09,2.51
Asia,,2021-03-10,2.57
Asia,,2021-03-11,2.6
Asia,,2021-03-12,2.66
Asia,,2021-03-13,2.71
Asia,,2021-03-14,3
Asia,,2021-03-15,3.09
Asia,,2021-03-16,3.18
Asia,,2021-03-17,3.25
Asia,,2021-03-18,3.33
Asia,,2021-03-19,3.44
Asia,,2021-03-20,3.73
Asia,,2021-03-21,3.76
Asia,,2021-03-22,3.98
Asia,,2021-03-23,4.11
Asia,,2021-03-24,4.25
Asia,,2021-03-25,4.46
Asia,,2021-03-26,4.67
Asia,,2021-03-27,4.85
Asia,,2021-03-28,4.96
Asia,,2021-03-29,5.09
Asia,,2021-03-30,5.25
Asia,,2021-03-31,5.46
Asia,,2021-04-01,5.72
Asia,,2021-04-02,5.99
Asia,,2021-04-03,6.13
Asia,,2021-04-04,6.28
Asia,,2021-04-05,6.46
Asia,,2021-04-06,6.64
Asia,,2021-04-07,6.83
Asia,,2021-04-08,7.09
Asia,,2021-04-09,7.33
Asia,,2021-04-10,7.51
Asia,,2021-04-11,7.65
Asia,,2021-04-12,7.87
Asia,,2021-04-13,8.04
Asia,,2021-04-14,8.22
Asia,,2021-04-15,8.4
Asia,,2021-04-16,8.57
Asia,,2021-04-17,8.7
Asia,,2021-04-18,8.81
Asia,,2021-04-19,8.97
Asia,,2021-04-20,9.09
Asia,,2021-04-21,9.3
Asia,,2021-04-22,9.56
Asia,,2021-04-23,9.72
Asia,,2021-04-24,9.84
Asia,,2021-04-25,10.09
Asia,,2021-04-26,10.3
Asia,,2021-04-27,10.54
Asia,,2021-04-28,10.84
Asia,,2021-04-29,11.14
Asia,,2021-04-30,11.48
Asia,,2021-05-01,11.65
Asia,,2021-05-02,11.78
Asia,,2021-05-03,11.95
Asia,,2021-05-04,12.18
Asia,,2021-05-05,12.38
Asia,,2021-05-06,12.66
Asia,,2021-05-07,12.99
Asia,,2021-05-08,13.27
Asia,,2021-05-09,13.45
Asia,,2021-05-10,13.76
Asia,,2021-05-11,14.09
Asia,,2021-05-12,14.41
Asia,,2021-05-13,14.77
Asia,,2021-05-14,15.12
Asia,,2021-05-15,15.45
Asia,,2021-05-16,15.79
Asia,,2021-05-17,16.2
Asia,,2021-05-18,16.6
Asia,,2021-05-19,16.96
Asia,,2021-05-20,17.45
Asia,,2021-05-21,17.88
Asia,,2021-05-22,18.27
Asia,,2021-05-23,18.61
Asia,,2021-05-24,19.09
Asia,,2021-05-25,19.6
Asia,,2021-05-26,20.14
Asia,,2021-05-27,20.66
Asia,,2021-05-28,21.16
Asia,,2021-05-29,21.67
Asia,,2021-05-30,22.13
Asia,,2021-05-31,22.7
Asia,,2021-06-01,23.3
Asia,,2021-06-02,23.92
Asia,,2021-06-03,24.45
Asia,,2021-06-04,25.08
Asia,,2021-06-05,25.58
Asia,,2021-06-06,26
Asia,,2021-06-07,26.48
Asia,,2021-06-08,26.99
Asia,,2021-06-09,27.51
Asia,,2021-06-10,28.11
Asia,,2021-06-11,28.66
Asia,,2021-06-12,29.13
Asia,,2021-06-13,29.58
Asia,,2021-06-14,29.99
Asia,,2021-06-15,30.62
Asia,,2021-06-16,31.28
Asia,,2021-06-17,31.97
Asia,,2021-06-18,32.67
Asia,,2021-06-19,33.29
Asia,,2021-06-20,33.85
Asia,,2021-06-21,34.58
Asia,,2021-06-22,35.28
Asia,,2021-06-23,35.98
Asia,,2021-06-24,36.75
Asia,,2021-06-25,37.51
Asia,,2021-06-26,38.22
Asia,,2021-06-27,38.84
Asia,,2021-06-28,39.46
Asia,,2021-06-29,40.11
Asia,,2021-06-30,40.69
Asia,,2021-07-01,41.4
Asia,,2021-07-02,41.93
Asia,,2021-07-03,42.5
Asia,,2021-07-04,42.89
Asia,,2021-07-05,43.36
Asia,,2021-07-06,43.83
Asia,,2021-07-07,44.29
Asia,,2021-07-08,44.91
Asia,,2021-07-09,45.28
Asia,,2021-07-10,45.73
Asia,,2021-07-11,46.04
Asia,,2021-07-12,46.43
Asia,,2021-07-13,46.95
Asia,,2021-07-14,47.48
Asia,,2021-07-15,47.99
Asia,,2021-07-16,48.46
Asia,,2021-07-17,48.9
Asia,,2021-07-18,49.19
Asia,,2021-07-19,49.71
Asia,,2021-07-20,50.18
Asia,,2021-07-21,50.65
Asia,,2021-07-22,51.22
Asia,,2021-07-23,51.79
Asia,,2021-07-24,52.29
Asia,,2021-07-25,52.72
Asia,,2021-07-26,53.4
Asia,,2021-07-27,54.04
Asia,,2021-07-28,54.71
Asia,,2021-07-29,55.45
Asia,,2021-07-30,56.15
Asia,,2021-07-31,56.65
Asia,,2021-08-01,57.37
Asia,,2021-08-02,58.03
Asia,,2021-08-03,58.97
Asia,,2021-08-04,59.58
Asia,,2021-08-05,60.24
Asia,,2021-08-06,60.88
Asia,,2021-08-07,61.42
Asia,,2021-08-08,61.96
Asia,,2021-08-09,62.62
Asia,,2021-08-10,63.22
Asia,,2021-08-11,63.81
Asia,,2021-08-12,64.3
Asia,,2021-08-13,65.01
Asia,,2021-08-14,65.51
Asia,,2021-08-15,65.87
Asia,,2021-08-16,66.52
Asia,,2021-08-17,67.11
Asia,,2021-08-18,67.69
Asia,,2021-08-19,68.21
Asia,,2021-08-20,68.79
Asia,,2021-08-21,69.33
Asia,,2021-08-22,69.8
Asia,,2021-08-23,70.32
Asia,,2021-08-24,71.02
Asia,,2021-08-25,71.69
Asia,,2021-08-26,72.38
Asia,,2021-08-27,73.13
Asia,,2021-08-28,73.77
Asia,,2021-08-29,74.43
Asia,,2021-08-30,74.99
Asia,,2021-08-31,75.64
Asia,,2021-09-01,76.38
Asia,,2021-09-02,76.91
Asia,,2021-09-03,77.36
Asia,,2021-09-04,77.72
Asia,,2021-09-05,78.26
Asia,,2021-09-06,78.66
Asia,,2021-09-07,79.24
Asia,,2021-09-08,79.91
Asia,,2021-09-09,80.48
Asia,,2021-09-10,80.86
Asia,,2021-09-11,81.45
Asia,,2021-09-12,82.01
Asia,,2021-09-13,82.52
Asia,,2021-09-14,82.87
Asia,,2021-09-15,83.35
Asia,,2021-09-16,83.84
Asia,,2021-09-17,84.26
Asia,,2021-09-18,85
Asia,,2021-09-19,85.42
Asia,,2021-09-20,85.81
Asia,,2021-09-21,86.22
Asia,,2021-09-22,86.61
Asia,,2021-09-23,87.08
Asia,,2021-09-24,87.56
Asia,,2021-09-25,87.89
Asia,,2021-09-26,88.17
Asia,,2021-09-27,88.94
Asia,,2021-09-28,89.3
Asia,,2021-09-29,89.8
Asia,,2021-09-30,90.22
Asia,,2021-10-01,90.55
Asia,,2021-10-02,90.88
Asia,,2021-10-03,91.27
Asia,,2021-10-04,91.61
Asia,,2021-10-05,92.17
Asia,,2021-10-06,92.47
Asia,,2021-10-07,92.75
Asia,,2021-10-08,93.16
Asia,,2021-10-09,93.49
Asia,,2021-10-10,94
Asia,,2021-10-11,94.3
Asia,,2021-10-12,94.66
Asia,,2021-10-13,94.97
Asia,,2021-10-14,95.25
Asia,,2021-10-15,95.48
Asia,,2021-10-16,95.72
Asia,,2021-10-17,96.07
Asia,,2021-10-18,96.52
Asia,,2021-10-19,96.93
Asia,,2021-10-20,97.45
Asia,,2021-10-21,97.83
Asia,,2021-10-22,98.22
Asia,,2021-10-23,98.62
Asia,,2021-10-24,98.96
Asia,,2021-10-25,99.24
Asia,,2021-10-26,99.6
Asia,,2021-10-27,99.95
Asia,,2021-10-28,100.35
Asia,,2021-10-29,100.88
Asia,,2021-10-30,101.3
Asia,,2021-10-31,101.87
Asia,,2021-11-01,102.26
Asia,,2021-11-02,102.69
Asia,,2021-11-03,103.14
Asia,,2021-11-04,103.57
Asia,,2021-11-05,103.97
Asia,,2021-11-06,104.42
Asia,,2021-11-07,104.87
Asia,,2021-11-08,105.32
Asia,,2021-11-09,105.87
Asia,,2021-11-10,106.37
Asia,,2021-11-11,106.87
Asia,,2021-11-12,107.39
Asia,,2021-11-13,107.97
Asia,,2021-11-14,108.4
Asia,,2021-11-15,108.77
Asia,,2021-11-16,109.2
Asia,,2021-11-17,109.67
Asia,,2021-11-18,110.07
Asia,,2021-11-19,110.48
Asia,,2021-11-20,111.01
Asia,,2021-11-21,111.45
Asia,,2021-11-22,111.85
Asia,,2021-11-23,112.32
Asia,,2021-11-24,112.9
Asia,,2021-11-25,113.3
Asia,,2021-11-26,113.88
Asia,,2021-11-27,114.34
Asia,,2021-11-28,115
Asia,,2021-11-29,115.44
Asia,,2021-11-30,116.08
Asia,,2021-12-01,116.74
Asia,,2021-12-02,117.29
Asia,,2021-12-03,117.69
Asia,,2021-12-04,118.26
Asia,,2021-12-05,118.78
Asia,,2021-12-06,119.18
Asia,,2021-12-07,119.61
Asia,,2021-12-08,120.14
Asia,,2021-12-09,120.65
Asia,,2021-12-10,121.06
Asia,,2021-12-11,121.75
Asia,,2021-12-12,122.17
Asia,,2021-12-13,122.59
Asia,,2021-12-14,123.19
Asia,,2021-12-15,123.7
Asia,,2021-12-16,124.15
Asia,,2021-12-17,124.74
Asia,,2021-12-18,125.26
Asia,,2021-12-19,125.78
Asia,,2021-12-20,126.28
Asia,,2021-12-21,126.83
Asia,,2021-12-22,127.3
Asia,,2021-12-23,127.95
Asia,,2021-12-24,128.55
Asia,,2021-12-25,129.09
Asia,,2021-12-26,129.56
Asia,,2021-12-27,130.09
Asia,,2021-12-28,130.75
Asia,,2021-12-29,131.35
Asia,,2021-12-30,131.96
Asia,,2021-12-31,132.51
Asia,,2022-01-01,132.86
Asia,,2022-01-02,133.14
Asia,,2022-01-03,133.67
Asia,,2022-01-04,134.18
Asia,,2022-01-05,134.73
Asia,,2022-01-06,135.23
Asia,,2022-01-07,135.77
Asia,,2022-01-08,136.05
Asia,,2022-01-09,136.55
Asia,,2022-01-10,137.51
Asia,,2022-01-11,138.08
Asia,,2022-01-12,138.56
Asia,,2022-01-13,139.09
Asia,,2022-01-14,139.38
Asia,,2022-01-15,139.77
Asia,,2022-01-16,140.2
Asia,,2022-01-17,140.6
Asia,,2022-01-18,140.89
Asia,,2022-01-19,141.48
Asia,,2022-01-20,141.88
Asia,,2022-01-21,142.24
Asia,,2022-01-22,142.58
Asia,,2022-01-23,143.08
Asia,,2022-01-24,143.41
Asia,,2022-01-25,143.77
Asia,,2022-01-26,144.18
Asia,,2022-01-27,144.44
Asia,,2022-01-28,144.77
Asia,,2022-01-29,145.03
Asia,,2022-01-30,145.27
Asia,,2022-01-31,145.57
Asia,,2022-02-01,145.84
Asia,,2022-02-02,146.07
Asia,,2022-02-03,146.29
Asia,,2022-02-04,146.55
Asia,,2022-02-05,146.78
Asia,,2022-02-06,148.06
Asia,,2022-02-07,148.36
Asia,,2022-02-08,148.79
Asia,,2022-02-09,149.24
Asia,,2022-02-10,149.55
Asia,,2022-02-11,149.97
Asia,,2022-02-12,150.29
Asia,,2022-02-13,150.78
Asia,,2022-02-14,151.15
Asia,,2022-02-15,151.47
Asia,,2022-02-16,151.79
Asia,,2022-02-17,152.15
Asia,,2022-02-18,152.94
Asia,,2022-02-19,153.42
Asia,,2022-02-20,153.63
Asia,,2022-02-21,154
Asia,,2022-02-22,154.34
Asia,,2022-02-23,154.62
Asia,,2022-02-24,154.92
Asia,,2022-02-25,155.23
Asia,,2022-02-26,155.48
Asia,,2022-02-27,155.65
Asia,,2022-02-28,156.58
Asia,,2022-03-01,156.8
Asia,,2022-03-02,157.09
Asia,,2022-03-03,157.34
Asia,,2022-03-04,157.59
Asia,,2022-03-05,157.91
Asia,,2022-03-06,158.4
Asia,,2022-03-07,158.66
Asia,,2022-03-08,158.91
Asia,,2022-03-09,159.17
Asia,,2022-03-10,159.42
Asia,,2022-03-11,159.66
Asia,,2022-03-12,159.89
Asia,,2022-03-13,160.13
Asia,,2022-03-14,160.36
Asia,,2022-03-15,160.59
Asia,,2022-03-16,160.83
Asia,,2022-03-17,161.07
Asia,,2022-03-18,161.27
Asia,,2022-03-19,161.47
Asia,,2022-03-20,161.63
Asia,,2022-03-21,161.82
Asia,,2022-03-22,162.12
Asia,,2022-03-23,162.4
Asia,,2022-03-24,162.72
Asia,,2022-03-25,162.93
Asia,,2022-03-26,163.16
Asia,,2022-03-27,163.35
Asia,,2022-03-28,163.78
Asia,,2022-03-29,164.08
Asia,,2022-03-30,164.39
Asia,,2022-03-31,165.02
Asia,,2022-04-01,165.15
Asia,,2022-04-02,165.25
Asia,,2022-04-03,165.43
Asia,,2022-04-04,165.66
Asia,,2022-04-05,165.85
Asia,,2022-04-06,166
Asia,,2022-04-07,166.15
Asia,,2022-04-08,166.32
Asia,,2022-04-09,166.48
Asia,,2022-04-10,166.71
Asia,,2022-04-11,166.86
Asia,,2022-04-12,167.02
Asia,,2022-04-13,167.16
Asia,,2022-04-14,167.29
Asia,,2022-04-15,167.38
Asia,,2022-04-16,167.45
Asia,,2022-04-17,167.62
Asia,,2022-04-18,167.81
Asia,,2022-04-19,168
Asia,,2022-04-20,168.11
Asia,,2022-04-21,168.28
Asia,,2022-04-22,168.42
Asia,,2022-04-23,168.57
Asia,,2022-04-24,168.74
Asia,,2022-04-25,168.88
Asia,,2022-04-26,169.08
Asia,,2022-04-27,169.25
Asia,,2022-04-28,169.41
Asia,,2022-04-29,169.56
Asia,,2022-04-30,169.69
Asia,,2022-05-01,169.78
Asia,,2022-05-02,169.84
Asia,,2022-05-03,169.92
Asia,,2022-05-04,169.97
Asia,,2022-05-05,170.04
Asia,,2022-05-06,170.14
Asia,,2022-05-07,170.25
Asia,,2022-05-08,170.32
Asia,,2022-05-09,170.41
Asia,,2022-05-10,170.53
Asia,,2022-05-11,170.65
Asia,,2022-05-12,170.75
Asia,,2022-05-13,170.84
Asia,,2022-05-14,170.92
Asia,,2022-05-15,171.05
Asia,,2022-05-16,171.11
Asia,,2022-05-17,171.19
Asia,,2022-05-18,171.31
Asia,,2022-05-19,171.39
Asia,,2022-05-20,171.54
Asia,,2022-05-21,171.62
Asia,,2022-05-22,171.7
Asia,,2022-05-23,171.77
Asia,,2022-05-24,171.93
Asia,,2022-05-25,172.01
Asia,,2022-05-26,172.09
Asia,,2022-05-27,172.18
Asia,,2022-05-28,172.27
Asia,,2022-05-29,172.35
Asia,,2022-05-30,172.4
Asia,,2022-05-31,172.48
Asia,,2022-06-01,172.57
Asia,,2022-06-02,172.61
Asia,,2022-06-03,172.67
Asia,,2022-06-04,172.77
Asia,,2022-06-05,172.87
Asia,,2022-06-06,172.99
Asia,,2022-06-07,173.36
Asia,,2022-06-08,173.59
Asia,,2022-06-09,173.66
Asia,,2022-06-10,173.77
Asia,,2022-06-11,173.84
Asia,,2022-06-12,174.03
Asia,,2022-06-13,174.11
Asia,,2022-06-14,174.2
Asia,,2022-06-15,174.32
Asia,,2022-06-16,174.45
Asia,,2022-06-17,174.54
Asia,,2022-06-18,174.74
Asia,,2022-06-19,174.84
Asia,,2022-06-20,175.01
Asia,,2022-06-21,175.13
Asia,,2022-06-22,175.22
Asia,,2022-06-23,175.38
Asia,,2022-06-24,175.48
Asia,,2022-06-25,175.57
Asia,,2022-06-26,175.66
Asia,,2022-06-27,175.77
Asia,,2022-06-28,175.86
Asia,,2022-06-29,175.96
Asia,,2022-06-30,176.05
Asia,,2022-07-01,176.12
Asia,,2022-07-02,176.21
Asia,,2022-07-03,176.27
Asia,,2022-07-04,176.33
Asia,,2022-07-05,176.41
Asia,,2022-07-06,176.48
Asia,,2022-07-07,176.6
Asia,,2022-07-08,176.72
Asia,,2022-07-09,176.76
Asia,,2022-07-10,176.89
Asia,,2022-07-11,177.03
Asia,,2022-07-12,177.17
Asia,,2022-07-13,177.26
Asia,,2022-07-14,177.38
Asia,,2022-07-15,177.51
Asia,,2022-07-16,177.56
Asia,,2022-07-17,177.58
Asia,,2022-07-18,177.73
Asia,,2022-07-19,178.03
Asia,,2022-07-20,178.13
Asia,,2022-07-21,178.3
Asia,,2022-07-22,178.44
Asia,,2022-07-23,178.57
Asia,,2022-07-24,178.67
Asia,,2022-07-25,178.77
Asia,,2022-07-26,178.94
Asia,,2022-07-27,179.05
Asia,,2022-07-28,179.19
Asia,,2022-07-29,179.32
Asia,,2022-07-30,179.46
Asia,,2022-07-31,179.54
Asia,,2022-08-01,179.61
Asia,,2022-08-02,179.7
Asia,,2022-08-03,179.73
Australia,AUS,2021-02-21,0
Australia,AUS,2021-02-22,0.01
Australia,AUS,2021-02-23,0.03
Australia,AUS,2021-02-24,0.06
Australia,AUS,2021-02-25,0.09
Australia,AUS,2021-02-26,0.12
Australia,AUS,2021-02-27,0.12
Australia,AUS,2021-02-28,0.13
Australia,AUS,2021-03-01,0.16
Australia,AUS,2021-03-02,0.2
Australia,AUS,2021-03-03,0.24
Australia,AUS,2021-03-04,0.28
Australia,AUS,2021-03-05,0.3
Australia,AUS,2021-03-06,0.31
Australia,AUS,2021-03-07,0.33
Australia,AUS,2021-03-08,0.37
Australia,AUS,2021-03-09,0.42
Australia,AUS,2021-03-10,0.48
Australia,AUS,2021-03-11,0.52
Australia,AUS,2021-03-12,0.61
Australia,AUS,2021-03-13,0.63
Australia,AUS,2021-03-14,0.64
Australia,AUS,2021-03-15,0.7
Australia,AUS,2021-03-16,0.79
Australia,AUS,2021-03-17,0.87
Australia,AUS,2021-03-18,0.93
Australia,AUS,2021-03-19,0.98
Australia,AUS,2021-03-20,0.99
Australia,AUS,2021-03-21,1.09
Australia,AUS,2021-03-22,1.21
Australia,AUS,2021-03-23,1.38
Australia,AUS,2021-03-24,1.58
Australia,AUS,2021-03-25,1.78
Australia,AUS,2021-03-26,1.95
Australia,AUS,2021-03-27,2.02
Australia,AUS,2021-03-28,2.09
Australia,AUS,2021-03-29,2.31
Australia,AUS,2021-03-30,2.59
Australia,AUS,2021-03-31,2.87
Australia,AUS,2021-04-01,3.18
Australia,AUS,2021-04-02,3.19
Australia,AUS,2021-04-03,3.25
Australia,AUS,2021-04-04,3.26
Australia,AUS,2021-04-05,3.3
Australia,AUS,2021-04-06,3.55
Australia,AUS,2021-04-07,3.84
Australia,AUS,2021-04-08,4.16
Australia,AUS,2021-04-09,4.39
Australia,AUS,2021-04-10,4.5
Australia,AUS,2021-04-11,4.55
Australia,AUS,2021-04-12,4.76
Australia,AUS,2021-04-13,5
Australia,AUS,2021-04-14,5.24
Australia,AUS,2021-04-15,5.48
Australia,AUS,2021-04-16,5.69
Australia,AUS,2021-04-17,5.77
Australia,AUS,2021-04-18,6.12
Australia,AUS,2021-04-19,6.38
Australia,AUS,2021-04-20,6.63
Australia,AUS,2021-04-21,6.89
Australia,AUS,2021-04-22,7.16
Australia,AUS,2021-04-23,7.38
Australia,AUS,2021-04-24,7.46
Australia,AUS,2021-04-25,7.47
Australia,AUS,2021-04-26,7.6
Australia,AUS,2021-04-27,7.83
Australia,AUS,2021-04-28,8.15
Australia,AUS,2021-04-29,8.41
Australia,AUS,2021-04-30,8.62
Australia,AUS,2021-05-01,8.7
Australia,AUS,2021-05-02,8.72
Australia,AUS,2021-05-03,8.94
Australia,AUS,2021-05-04,9.24
Australia,AUS,2021-05-05,9.54
Australia,AUS,2021-05-06,9.86
Australia,AUS,2021-05-07,10.14
Australia,AUS,2021-05-08,10.24
Australia,AUS,2021-05-09,10.27
Australia,AUS,2021-05-10,10.56
Australia,AUS,2021-05-11,10.85
Australia,AUS,2021-05-12,11.17
Australia,AUS,2021-05-13,11.5
Australia,AUS,2021-05-14,11.79
Australia,AUS,2021-05-15,11.92
Australia,AUS,2021-05-16,11.96
Australia,AUS,2021-05-17,12.28
Australia,AUS,2021-05-18,12.65
Australia,AUS,2021-05-19,13.01
Australia,AUS,2021-05-20,13.4
Australia,AUS,2021-05-21,13.74
Australia,AUS,2021-05-22,13.89
Australia,AUS,2021-05-23,13.94
Australia,AUS,2021-05-24,14.24
Australia,AUS,2021-05-25,14.64
Australia,AUS,2021-05-26,15.07
Australia,AUS,2021-05-27,15.55
Australia,AUS,2021-05-28,16.02
Australia,AUS,2021-05-29,16.25
Australia,AUS,2021-05-30,16.37
Australia,AUS,2021-05-31,16.83
Australia,AUS,2021-06-01,17.37
Australia,AUS,2021-06-02,17.91
Australia,AUS,2021-06-03,18.47
Australia,AUS,2021-06-04,19.01
Australia,AUS,2021-06-05,19.35
Australia,AUS,2021-06-06,19.58
Australia,AUS,2021-06-07,20.08
Australia,AUS,2021-06-08,20.62
Australia,AUS,2021-06-09,21.17
Australia,AUS,2021-06-10,21.76
Australia,AUS,2021-06-11,22.28
Australia,AUS,2021-06-12,22.51
Australia,AUS,2021-06-13,22.64
Australia,AUS,2021-06-14,22.88
Australia,AUS,2021-06-15,23.47
Australia,AUS,2021-06-16,23.99
Australia,AUS,2021-06-17,24.54
Australia,AUS,2021-06-18,25.04
Australia,AUS,2021-06-19,25.29
Australia,AUS,2021-06-20,25.43
Australia,AUS,2021-06-21,25.92
Australia,AUS,2021-06-22,26.47
Australia,AUS,2021-06-23,27
Australia,AUS,2021-06-24,27.54
Australia,AUS,2021-06-25,28
Australia,AUS,2021-06-26,28.26
Australia,AUS,2021-06-27,28.45
Australia,AUS,2021-06-28,28.94
Australia,AUS,2021-06-29,29.5
Australia,AUS,2021-06-30,29.87
Australia,AUS,2021-07-01,30.58
Australia,AUS,2021-07-02,31.18
Australia,AUS,2021-07-03,31.54
Australia,AUS,2021-07-04,31.73
Australia,AUS,2021-07-05,32.26
Australia,AUS,2021-07-06,32.87
Australia,AUS,2021-07-07,33.45
Australia,AUS,2021-07-08,34.05
Australia,AUS,2021-07-09,34.61
Australia,AUS,2021-07-10,34.99
Australia,AUS,2021-07-11,35.2
Australia,AUS,2021-07-12,35.76
Australia,AUS,2021-07-13,36.41
Australia,AUS,2021-07-14,37.07
Australia,AUS,2021-07-15,37.73
Australia,AUS,2021-07-16,38.36
Australia,AUS,2021-07-17,38.76
Australia,AUS,2021-07-18,38.98
Australia,AUS,2021-07-19,39.62
Australia,AUS,2021-07-20,40.29
Australia,AUS,2021-07-21,41.04
Australia,AUS,2021-07-22,41.77
Australia,AUS,2021-07-23,42.48
Australia,AUS,2021-07-24,42.94
Australia,AUS,2021-07-25,43.21
Australia,AUS,2021-07-26,43.9
Australia,AUS,2021-07-27,44.64
Australia,AUS,2021-07-28,45.5
Australia,AUS,2021-07-29,46.29
Australia,AUS,2021-07-30,47.1
Australia,AUS,2021-07-31,47.58
Australia,AUS,2021-08-01,47.88
Australia,AUS,2021-08-02,48.61
Australia,AUS,2021-08-03,49.45
Australia,AUS,2021-08-04,50.31
Australia,AUS,2021-08-05,51.24
Australia,AUS,2021-08-06,52.15
Australia,AUS,2021-08-07,52.75
Australia,AUS,2021-08-08,53.09
Australia,AUS,2021-08-09,53.93
Australia,AUS,2021-08-10,54.95
Australia,AUS,2021-08-11,55.97
Australia,AUS,2021-08-12,57.01
Australia,AUS,2021-08-13,58.09
Australia,AUS,2021-08-14,58.72
Australia,AUS,2021-08-15,59.08
Australia,AUS,2021-08-16,60.16
Australia,AUS,2021-08-17,61.21
Australia,AUS,2021-08-18,62.4
Australia,AUS,2021-08-19,63.57
Australia,AUS,2021-08-20,64.77
Australia,AUS,2021-08-21,65.52
Australia,AUS,2021-08-22,66.06
Australia,AUS,2021-08-23,67.17
Australia,AUS,2021-08-24,68.35
Australia,AUS,2021-08-25,69.64
Australia,AUS,2021-08-26,70.83
Australia,AUS,2021-08-27,72.04
Australia,AUS,2021-08-28,72.89
Australia,AUS,2021-08-29,73.5
Australia,AUS,2021-08-30,74.57
Australia,AUS,2021-08-31,75.86
Australia,AUS,2021-09-01,77.13
Australia,AUS,2021-09-02,78.29
Australia,AUS,2021-09-03,79.49
Australia,AUS,2021-09-04,80.31
Australia,AUS,2021-09-05,80.82
Australia,AUS,2021-09-06,81.81
Australia,AUS,2021-09-07,82.95
Australia,AUS,2021-09-08,84.15
Australia,AUS,2021-09-09,85.37
Australia,AUS,2021-09-10,86.54
Australia,AUS,2021-09-11,87.29
Australia,AUS,2021-09-12,87.81
Australia,AUS,2021-09-13,89.12
Australia,AUS,2021-09-14,90.28
Australia,AUS,2021-09-15,91.46
Australia,AUS,2021-09-16,92.62
Australia,AUS,2021-09-17,93.93
Australia,AUS,2021-09-18,94.8
Australia,AUS,2021-09-19,95.46
Australia,AUS,2021-09-20,96.7
Australia,AUS,2021-09-21,97.98
Australia,AUS,2021-09-22,99.27
Australia,AUS,2021-09-23,100.61
Australia,AUS,2021-09-24,101.81
Australia,AUS,2021-09-25,102.65
Australia,AUS,2021-09-26,103.21
Australia,AUS,2021-09-27,104.38
Australia,AUS,2021-09-28,105.66
Australia,AUS,2021-09-29,106.85
Australia,AUS,2021-09-30,108.16
Australia,AUS,2021-10-01,109.42
Australia,AUS,2021-10-02,110.23
Australia,AUS,2021-10-03,110.76
Australia,AUS,2021-10-04,111.48
Australia,AUS,2021-10-05,112.83
Australia,AUS,2021-10-06,114.12
Australia,AUS,2021-10-07,115.4
Australia,AUS,2021-10-08,116.67
Australia,AUS,2021-10-09,117.58
Australia,AUS,2021-10-10,118.22
Australia,AUS,2021-10-11,119.42
Australia,AUS,2021-10-12,120.72
Australia,AUS,2021-10-13,121.95
Australia,AUS,2021-10-14,123.16
Australia,AUS,2021-10-15,124.31
Australia,AUS,2021-10-16,125.06
Australia,AUS,2021-10-17,125.68
Australia,AUS,2021-10-18,126.75
Australia,AUS,2021-10-19,127.81
Australia,AUS,2021-10-20,128.87
Australia,AUS,2021-10-21,129.94
Australia,AUS,2021-10-22,130.98
Australia,AUS,2021-10-23,131.72
Australia,AUS,2021-10-24,132.2
Australia,AUS,2021-10-25,133.1
Australia,AUS,2021-10-26,133.97
Australia,AUS,2021-10-27,134.81
Australia,AUS,2021-10-28,135.67
Australia,AUS,2021-10-29,136.47
Australia,AUS,2021-10-30,137.02
Australia,AUS,2021-10-31,137.35
Australia,AUS,2021-11-01,138.21
Australia,AUS,2021-11-02,138.84
Australia,AUS,2021-11-03,139.6
Australia,AUS,2021-11-04,140.35
Australia,AUS,2021-11-05,141.11
Australia,AUS,2021-11-06,141.57
Australia,AUS,2021-11-07,141.83
Australia,AUS,2021-11-08,142.43
Australia,AUS,2021-11-09,143
Australia,AUS,2021-11-10,143.6
Australia,AUS,2021-11-11,144.22
Australia,AUS,2021-11-12,144.84
Australia,AUS,2021-11-13,145.19
Australia,AUS,2021-11-14,145.42
Australia,AUS,2021-11-15,145.97
Australia,AUS,2021-11-16,146.49
Australia,AUS,2021-11-17,146.99
Australia,AUS,2021-11-18,147.48
Australia,AUS,2021-11-19,147.94
Australia,AUS,2021-11-20,148.22
Australia,AUS,2021-11-21,148.31
Australia,AUS,2021-11-22,148.86
Australia,AUS,2021-11-23,149.28
Australia,AUS,2021-11-24,149.69
Australia,AUS,2021-11-25,150.1
Australia,AUS,2021-11-26,150.5
Australia,AUS,2021-11-27,150.7
Australia,AUS,2021-11-28,150.83
Australia,AUS,2021-11-29,151.19
Australia,AUS,2021-11-30,151.55
Australia,AUS,2021-12-01,151.91
Australia,AUS,2021-12-02,152.29
Australia,AUS,2021-12-03,152.67
Australia,AUS,2021-12-04,152.86
Australia,AUS,2021-12-05,152.97
Australia,AUS,2021-12-06,153.31
Australia,AUS,2021-12-07,153.65
Australia,AUS,2021-12-08,154.02
Australia,AUS,2021-12-09,154.39
Australia,AUS,2021-12-10,154.72
Australia,AUS,2021-12-11,154.91
Australia,AUS,2021-12-12,155
Australia,AUS,2021-12-13,155.59
Australia,AUS,2021-12-14,156.22
Australia,AUS,2021-12-15,156.92
Australia,AUS,2021-12-16,157.69
Australia,AUS,2021-12-17,158.49
Australia,AUS,2021-12-18,158.9
Australia,AUS,2021-12-19,159.14
Australia,AUS,2021-12-20,159.89
Australia,AUS,2021-12-21,160.69
Australia,AUS,2021-12-22,161.52
Australia,AUS,2021-12-23,162.26
Australia,AUS,2021-12-26,162.82
Australia,AUS,2021-12-27,162.94
Australia,AUS,2021-12-28,163.08
Australia,AUS,2021-12-29,163.65
Australia,AUS,2021-12-30,164.27
Australia,AUS,2022-01-02,164.99
Australia,AUS,2022-01-03,165.17
Australia,AUS,2022-01-04,165.98
Australia,AUS,2022-01-05,166.99
Australia,AUS,2022-01-06,168.04
Australia,AUS,2022-01-07,169.07
Australia,AUS,2022-01-08,169.7
Australia,AUS,2022-01-09,170.08
Australia,AUS,2022-01-10,171.19
Australia,AUS,2022-01-11,172.45
Australia,AUS,2022-01-12,173.78
Australia,AUS,2022-01-13,175.11
Australia,AUS,2022-01-14,176.42
Australia,AUS,2022-01-15,177.15
Australia,AUS,2022-01-16,177.59
Australia,AUS,2022-01-17,178.86
Australia,AUS,2022-01-18,180.09
Australia,AUS,2022-01-19,181.37
Australia,AUS,2022-01-20,182.73
Australia,AUS,2022-01-21,184.02
Australia,AUS,2022-01-22,184.75
Australia,AUS,2022-01-23,185.22
Australia,AUS,2022-01-24,186.45
Australia,AUS,2022-01-25,187.69
Australia,AUS,2022-01-26,188.01
Australia,AUS,2022-01-27,189.18
Australia,AUS,2022-01-28,190.36
Australia,AUS,2022-01-29,191.03
Australia,AUS,2022-01-30,191.38
Australia,AUS,2022-01-31,192.38
Australia,AUS,2022-02-01,193.4
Australia,AUS,2022-02-02,194.44
Australia,AUS,2022-02-03,195.41
Australia,AUS,2022-02-04,196.37
Australia,AUS,2022-02-05,196.86
Australia,AUS,2022-02-06,197.13
Australia,AUS,2022-02-07,197.96
Australia,AUS,2022-02-08,198.81
Australia,AUS,2022-02-09,199.63
Australia,AUS,2022-02-10,200.41
Australia,AUS,2022-02-11,201.19
Australia,AUS,2022-02-12,201.61
Australia,AUS,2022-02-13,201.8
Australia,AUS,2022-02-14,202.44
Australia,AUS,2022-02-15,203.06
Australia,AUS,2022-02-16,203.66
Australia,AUS,2022-02-17,204.24
Australia,AUS,2022-02-18,204.84
Australia,AUS,2022-02-19,205.17
Australia,AUS,2022-02-20,205.33
Australia,AUS,2022-02-21,205.88
Australia,AUS,2022-02-22,206.39
Australia,AUS,2022-02-23,206.86
Australia,AUS,2022-02-24,207.34
Australia,AUS,2022-02-25,207.81
Australia,AUS,2022-02-26,208.07
Australia,AUS,2022-02-27,208.18
Australia,AUS,2022-02-28,208.58
Australia,AUS,2022-03-01,208.92
Australia,AUS,2022-03-02,209.26
Australia,AUS,2022-03-03,209.59
Australia,AUS,2022-03-04,209.94
Australia,AUS,2022-03-05,210.14
Australia,AUS,2022-03-06,210.22
Australia,AUS,2022-03-07,210.52
Australia,AUS,2022-03-08,210.87
Australia,AUS,2022-03-09,211.22
Australia,AUS,2022-03-10,211.57
Australia,AUS,2022-03-11,211.98
Australia,AUS,2022-03-12,212.26
Australia,AUS,2022-03-13,212.39
Australia,AUS,2022-03-14,212.68
Australia,AUS,2022-03-15,213.05
Australia,AUS,2022-03-16,213.41
Australia,AUS,2022-03-17,213.76
Australia,AUS,2022-03-18,214.14
Australia,AUS,2022-03-19,214.41
Australia,AUS,2022-03-20,214.55
Australia,AUS,2022-03-21,214.88
Australia,AUS,2022-03-22,215.2
Australia,AUS,2022-03-23,215.48
Australia,AUS,2022-03-24,215.78
Australia,AUS,2022-03-25,216.11
Australia,AUS,2022-03-26,216.34
Australia,AUS,2022-03-27,216.46
Australia,AUS,2022-03-28,216.73
Australia,AUS,2022-03-29,216.98
Australia,AUS,2022-03-30,217.21
Australia,AUS,2022-03-31,217.44
Australia,AUS,2022-04-01,217.67
Australia,AUS,2022-04-02,217.82
Australia,AUS,2022-04-03,217.9
Australia,AUS,2022-04-04,218.09
Australia,AUS,2022-04-05,218.28
Australia,AUS,2022-04-06,218.45
Australia,AUS,2022-04-07,218.62
Australia,AUS,2022-04-08,218.8
Australia,AUS,2022-04-09,218.89
Australia,AUS,2022-04-10,218.94
Australia,AUS,2022-04-11,219.15
Australia,AUS,2022-04-12,219.31
Australia,AUS,2022-04-13,219.46
Australia,AUS,2022-04-14,219.62
Australia,AUS,2022-04-15,219.63
Australia,AUS,2022-04-16,219.67
Australia,AUS,2022-04-17,219.68
Australia,AUS,2022-04-18,219.69
Australia,AUS,2022-04-19,219.83
Australia,AUS,2022-04-20,219.96
Australia,AUS,2022-04-21,220.09
Australia,AUS,2022-04-22,220.22
Australia,AUS,2022-04-23,220.29
Australia,AUS,2022-04-24,220.33
Australia,AUS,2022-04-25,220.34
Australia,AUS,2022-04-26,220.45
Australia,AUS,2022-04-27,220.54
Australia,AUS,2022-04-28,220.63
Australia,AUS,2022-04-29,220.73
Australia,AUS,2022-04-30,220.78
Australia,AUS,2022-05-01,220.8
Australia,AUS,2022-05-02,220.87
Australia,AUS,2022-05-03,220.95
Australia,AUS,2022-05-04,221.02
Australia,AUS,2022-05-05,221.1
Australia,AUS,2022-05-06,221.17
Australia,AUS,2022-05-07,221.21
Australia,AUS,2022-05-08,221.22
Australia,AUS,2022-05-09,221.29
Australia,AUS,2022-05-10,221.36
Australia,AUS,2022-05-11,221.42
Australia,AUS,2022-05-12,221.49
Australia,AUS,2022-05-13,221.55
Australia,AUS,2022-05-14,221.57
Australia,AUS,2022-05-15,221.6
Australia,AUS,2022-05-16,221.67
Australia,AUS,2022-05-17,221.72
Australia,AUS,2022-05-18,221.79
Australia,AUS,2022-05-19,221.85
Australia,AUS,2022-05-20,221.91
Australia,AUS,2022-05-21,221.94
Australia,AUS,2022-05-22,221.95
Australia,AUS,2022-05-23,222.01
Australia,AUS,2022-05-24,222.06
Australia,AUS,2022-05-25,222.12
Australia,AUS,2022-05-26,222.17
Australia,AUS,2022-05-27,222.23
Australia,AUS,2022-05-29,222.27
Australia,AUS,2022-05-30,222.33
Australia,AUS,2022-05-31,222.38
Australia,AUS,2022-06-01,222.43
Australia,AUS,2022-06-02,222.48
Australia,AUS,2022-06-03,222.53
Australia,AUS,2022-06-05,222.57
Australia,AUS,2022-06-06,222.61
Australia,AUS,2022-06-07,222.66
Australia,AUS,2022-06-08,222.7
Australia,AUS,2022-06-09,222.75
Australia,AUS,2022-06-10,222.79
Australia,AUS,2022-06-11,222.82
Australia,AUS,2022-06-13,222.83
Australia,AUS,2022-06-14,222.89
Australia,AUS,2022-06-15,222.93
Australia,AUS,2022-06-16,222.96
Australia,AUS,2022-06-17,223.01
Australia,AUS,2022-06-18,223.03
Australia,AUS,2022-06-20,223.08
Australia,AUS,2022-06-21,223.12
Australia,AUS,2022-06-22,223.16
Australia,AUS,2022-06-23,223.2
Australia,AUS,2022-06-24,223.24
Australia,AUS,2022-06-25,223.26
Australia,AUS,2022-06-26,223.27
Australia,AUS,2022-06-27,223.31
Australia,AUS,2022-06-28,223.35
Australia,AUS,2022-06-29,223.39
Australia,AUS,2022-06-30,223.43
Australia,AUS,2022-07-01,223.46
Australia,AUS,2022-07-02,223.48
Australia,AUS,2022-07-04,223.52
Australia,AUS,2022-07-05,223.57
Australia,AUS,2022-07-06,223.61
Australia,AUS,2022-07-07,223.66
Australia,AUS,2022-07-08,223.71
Australia,AUS,2022-07-09,223.73
Australia,AUS,2022-07-10,223.74
Australia,AUS,2022-07-11,223.79
Australia,AUS,2022-07-12,223.84
Australia,AUS,2022-07-13,223.9
Australia,AUS,2022-07-14,223.95
Australia,AUS,2022-07-15,224.01
Australia,AUS,2022-07-16,224.04
Australia,AUS,2022-07-17,224.05
Australia,AUS,2022-07-18,224.1
Australia,AUS,2022-07-19,224.16
Australia,AUS,2022-07-20,224.21
Australia,AUS,2022-07-21,224.26
Australia,AUS,2022-07-22,224.32
Australia,AUS,2022-07-23,224.35
Australia,AUS,2022-07-24,224.36
Australia,AUS,2022-07-25,224.39
Australia,AUS,2022-07-26,224.45
Australia,AUS,2022-07-27,224.5
Australia,AUS,2022-07-28,224.54
Australia,AUS,2022-07-29,224.59
Australia,AUS,2022-07-30,224.61
Australia,AUS,2022-07-31,224.62
Australia,AUS,2022-08-01,224.66
Australia,AUS,2022-08-02,224.69
Austria,AUT,2021-01-08,0.36
Austria,AUT,2021-01-15,1.31
Austria,AUT,2021-01-22,2.42
Austria,AUT,2021-01-29,2.97
Austria,AUT,2021-02-05,4.07
Austria,AUT,2021-02-12,5.39
Austria,AUT,2021-02-19,6.55
Austria,AUT,2021-02-26,7.99
Austria,AUT,2021-03-05,9.89
Austria,AUT,2021-03-12,12.8
Austria,AUT,2021-03-19,15.49
Austria,AUT,2021-03-26,18.29
Austria,AUT,2021-04-02,20.81
Austria,AUT,2021-04-09,24.8
Austria,AUT,2021-04-16,29.02
Austria,AUT,2021-04-23,32.99
Austria,AUT,2021-04-30,37.03
Austria,AUT,2021-05-07,42.13
Austria,AUT,2021-05-14,46.93
Austria,AUT,2021-05-21,53.04
Austria,AUT,2021-05-28,58.57
Austria,AUT,2021-06-04,65.11
Austria,AUT,2021-06-11,72.25
Austria,AUT,2021-06-18,78.95
Austria,AUT,2021-06-25,85.87
Austria,AUT,2021-07-02,92.87
Austria,AUT,2021-07-09,98.47
Austria,AUT,2021-07-16,103.24
Austria,AUT,2021-07-23,107.41
Austria,AUT,2021-07-30,110.89
Austria,AUT,2021-08-06,113.88
Austria,AUT,2021-08-13,115.92
Austria,AUT,2021-08-20,117.63
Austria,AUT,2021-08-27,118.73
Austria,AUT,2021-09-03,119.75
Austria,AUT,2021-09-10,120.77
Austria,AUT,2021-09-17,121.97
Austria,AUT,2021-09-24,123.21
Austria,AUT,2021-10-01,124.46
Austria,AUT,2021-10-08,126
Austria,AUT,2021-10-15,127.47
Austria,AUT,2021-10-22,129.2
Austria,AUT,2021-10-29,130.81
Austria,AUT,2021-11-05,133.73
Austria,AUT,2021-11-12,139.28
Austria,AUT,2021-11-19,146.99
Austria,AUT,2021-11-26,155.83
Austria,AUT,2021-12-03,164.38
Austria,AUT,2021-12-10,171.92
Austria,AUT,2021-12-17,179.53
Austria,AUT,2021-12-24,183.14
Austria,AUT,2021-12-31,185.74
Austria,AUT,2022-01-07,189.06
Austria,AUT,2022-01-14,192.81
Austria,AUT,2022-01-21,195.53
Austria,AUT,2022-01-28,197.75
Austria,AUT,2022-02-04,199.99
Austria,AUT,2022-02-11,201.17
Austria,AUT,2022-02-18,201.84
Austria,AUT,2022-02-25,202.3
Austria,AUT,2022-03-04,202.7
Austria,AUT,2022-03-11,203.01
Austria,AUT,2022-03-18,203.28
Austria,AUT,2022-03-25,203.55
Austria,AUT,2022-04-01,203.8
Austria,AUT,2022-04-08,204.04
Austria,AUT,2022-04-15,204.25
Austria,AUT,2022-04-22,204.48
Austria,AUT,2022-04-29,204.76
Austria,AUT,2022-05-06,205.04
Austria,AUT,2022-05-13,205.31
Austria,AUT,2022-05-20,205.56
Austria,AUT,2022-05-27,205.73
Austria,AUT,2022-06-03,205.92
Austria,AUT,2022-06-10,206.08
Austria,AUT,2022-06-17,206.22
Austria,AUT,2022-06-24,206.41
Austria,AUT,2022-07-01,206.43
Azerbaijan,AZE,2021-01-17,0
Azerbaijan,AZE,2021-02-06,0.63
Azerbaijan,AZE,2021-03-01,2.84
Azerbaijan,AZE,2021-03-03,3.27
Azerbaijan,AZE,2021-03-09,3.99
Azerbaijan,AZE,2021-03-10,4.16
Azerbaijan,AZE,2021-03-11,4.24
Azerbaijan,AZE,2021-03-12,4.3
Azerbaijan,AZE,2021-03-13,4.37
Azerbaijan,AZE,2021-03-14,4.4
Azerbaijan,AZE,2021-03-20,4.68
Azerbaijan,AZE,2021-03-26,4.95
Azerbaijan,AZE,2021-04-01,8.3
Azerbaijan,AZE,2021-04-02,8.62
Azerbaijan,AZE,2021-04-03,8.97
Azerbaijan,AZE,2021-04-04,9.19
Azerbaijan,AZE,2021-04-05,9.19
Azerbaijan,AZE,2021-04-06,9.52
Azerbaijan,AZE,2021-04-07,9.95
Azerbaijan,AZE,2021-04-08,10.37
Azerbaijan,AZE,2021-04-09,10.78
Azerbaijan,AZE,2021-04-10,11.19
Azerbaijan,AZE,2021-04-11,11.41
Azerbaijan,AZE,2021-04-12,11.41
Azerbaijan,AZE,2021-04-13,11.75
Azerbaijan,AZE,2021-04-14,12.05
Azerbaijan,AZE,2021-04-15,12.33
Azerbaijan,AZE,2021-04-16,12.6
Azerbaijan,AZE,2021-04-17,12.85
Azerbaijan,AZE,2021-04-18,12.97
Azerbaijan,AZE,2021-04-19,12.97
Azerbaijan,AZE,2021-04-20,13.11
Azerbaijan,AZE,2021-04-21,13.25
Azerbaijan,AZE,2021-04-22,13.4
Azerbaijan,AZE,2021-04-23,13.54
Azerbaijan,AZE,2021-04-24,13.7
Azerbaijan,AZE,2021-04-25,13.8
Azerbaijan,AZE,2021-04-26,13.8
Azerbaijan,AZE,2021-04-27,13.97
Azerbaijan,AZE,2021-04-28,14.12
Azerbaijan,AZE,2021-04-29,14.27
Azerbaijan,AZE,2021-04-30,14.43
Azerbaijan,AZE,2021-05-01,14.6
Azerbaijan,AZE,2021-05-02,14.71
Azerbaijan,AZE,2021-05-04,14.9
Azerbaijan,AZE,2021-05-05,15.19
Azerbaijan,AZE,2021-05-06,15.46
Azerbaijan,AZE,2021-05-07,15.78
Azerbaijan,AZE,2021-05-08,16.11
Azerbaijan,AZE,2021-05-09,16.36
Azerbaijan,AZE,2021-05-10,16.36
Azerbaijan,AZE,2021-05-11,16.54
Azerbaijan,AZE,2021-05-12,16.75
Azerbaijan,AZE,2021-05-13,16.95
Azerbaijan,AZE,2021-05-14,17.08
Azerbaijan,AZE,2021-05-15,17.23
Azerbaijan,AZE,2021-05-16,17.41
Azerbaijan,AZE,2021-05-18,17.79
Azerbaijan,AZE,2021-05-19,18.07
Azerbaijan,AZE,2021-05-20,18.34
Azerbaijan,AZE,2021-05-21,18.66
Azerbaijan,AZE,2021-05-22,19.02
Azerbaijan,AZE,2021-05-23,19.27
Azerbaijan,AZE,2021-05-24,19.27
Azerbaijan,AZE,2021-05-25,19.6
Azerbaijan,AZE,2021-05-26,19.94
Azerbaijan,AZE,2021-05-27,20.43
Azerbaijan,AZE,2021-05-28,21.03
Azerbaijan,AZE,2021-05-29,21.41
Azerbaijan,AZE,2021-05-30,21.84
Azerbaijan,AZE,2021-05-31,21.85
Azerbaijan,AZE,2021-06-01,22.43
Azerbaijan,AZE,2021-06-02,22.95
Azerbaijan,AZE,2021-06-03,23.45
Azerbaijan,AZE,2021-06-04,23.91
Azerbaijan,AZE,2021-06-05,24.37
Azerbaijan,AZE,2021-06-06,24.69
Azerbaijan,AZE,2021-06-07,24.69
Azerbaijan,AZE,2021-06-08,25.08
Azerbaijan,AZE,2021-06-09,25.45
Azerbaijan,AZE,2021-06-10,25.81
Azerbaijan,AZE,2021-06-11,26.2
Azerbaijan,AZE,2021-06-12,26.6
Azerbaijan,AZE,2021-06-13,26.91
Azerbaijan,AZE,2021-06-14,26.91
Azerbaijan,AZE,2021-06-15,27.31
Azerbaijan,AZE,2021-06-16,27.53
Azerbaijan,AZE,2021-06-17,27.91
Azerbaijan,AZE,2021-06-18,28.27
Azerbaijan,AZE,2021-06-20,28.99
Azerbaijan,AZE,2021-06-21,28.99
Azerbaijan,AZE,2021-06-22,29.4
Azerbaijan,AZE,2021-06-23,29.87
Azerbaijan,AZE,2021-06-24,30.51
Azerbaijan,AZE,2021-06-25,31.21
Azerbaijan,AZE,2021-06-26,31.94
Azerbaijan,AZE,2021-06-27,32.47
Azerbaijan,AZE,2021-06-28,32.47
Azerbaijan,AZE,2021-06-29,33.18
Azerbaijan,AZE,2021-06-30,34.05
Azerbaijan,AZE,2021-07-01,34.88
Azerbaijan,AZE,2021-07-02,35.59
Azerbaijan,AZE,2021-07-03,36.27
Azerbaijan,AZE,2021-07-04,36.78
Azerbaijan,AZE,2021-07-05,36.78
Azerbaijan,AZE,2021-07-06,37.38
Azerbaijan,AZE,2021-07-07,37.92
Azerbaijan,AZE,2021-07-08,38.44
Azerbaijan,AZE,2021-07-09,38.94
Azerbaijan,AZE,2021-07-10,39.46
Azerbaijan,AZE,2021-07-11,39.83
Azerbaijan,AZE,2021-07-12,39.84
Azerbaijan,AZE,2021-07-13,40.33
Azerbaijan,AZE,2021-07-14,40.73
Azerbaijan,AZE,2021-07-15,41.14
Azerbaijan,AZE,2021-07-16,41.53
Azerbaijan,AZE,2021-07-17,41.92
Azerbaijan,AZE,2021-07-18,42.25
Azerbaijan,AZE,2021-07-19,42.26
Azerbaijan,AZE,2021-07-20,42.51
Azerbaijan,AZE,2021-07-21,42.65
Azerbaijan,AZE,2021-07-22,42.82
Azerbaijan,AZE,2021-07-24,43.8
Azerbaijan,AZE,2021-07-25,44.25
Azerbaijan,AZE,2021-07-26,44.26
Azerbaijan,AZE,2021-07-27,44.92
Azerbaijan,AZE,2021-07-28,45.71
Azerbaijan,AZE,2021-07-29,46.53
Azerbaijan,AZE,2021-07-30,47.37
Azerbaijan,AZE,2021-07-31,48.21
Azerbaijan,AZE,2021-08-01,48.88
Azerbaijan,AZE,2021-08-02,48.89
Azerbaijan,AZE,2021-08-03,49.64
Azerbaijan,AZE,2021-08-04,50.3
Azerbaijan,AZE,2021-08-05,50.92
Azerbaijan,AZE,2021-08-07,52.08
Azerbaijan,AZE,2021-08-08,52.54
Azerbaijan,AZE,2021-08-09,52.54
Azerbaijan,AZE,2021-08-10,53.12
Azerbaijan,AZE,2021-08-11,53.75
Azerbaijan,AZE,2021-08-12,54.37
Azerbaijan,AZE,2021-08-13,54.99
Azerbaijan,AZE,2021-08-14,55.65
Azerbaijan,AZE,2021-08-15,56.18
Azerbaijan,AZE,2021-08-16,56.19
Azerbaijan,AZE,2021-08-17,56.88
Azerbaijan,AZE,2021-08-18,57.53
Azerbaijan,AZE,2021-08-19,58.09
Azerbaijan,AZE,2021-08-20,58.62
Azerbaijan,AZE,2021-08-21,59.25
Azerbaijan,AZE,2021-08-22,59.83
Azerbaijan,AZE,2021-08-23,59.83
Azerbaijan,AZE,2021-08-24,60.6
Azerbaijan,AZE,2021-08-25,61.43
Azerbaijan,AZE,2021-08-26,62.25
Azerbaijan,AZE,2021-08-27,62.97
Azerbaijan,AZE,2021-08-29,64.85
Azerbaijan,AZE,2021-08-30,64.86
Azerbaijan,AZE,2021-08-31,65.99
Azerbaijan,AZE,2021-09-01,67.02
Azerbaijan,AZE,2021-09-02,67.97
Azerbaijan,AZE,2021-09-03,68.8
Azerbaijan,AZE,2021-09-04,69.57
Azerbaijan,AZE,2021-09-05,70.16
Azerbaijan,AZE,2021-09-06,70.17
Azerbaijan,AZE,2021-09-07,70.85
Azerbaijan,AZE,2021-09-09,72.05
Azerbaijan,AZE,2021-09-10,72.66
Azerbaijan,AZE,2021-09-12,73.79
Azerbaijan,AZE,2021-09-13,73.8
Azerbaijan,AZE,2021-09-14,74.47
Azerbaijan,AZE,2021-09-15,75.11
Azerbaijan,AZE,2021-09-16,75.69
Azerbaijan,AZE,2021-09-19,77.34
Azerbaijan,AZE,2021-09-20,77.35
Azerbaijan,AZE,2021-09-21,77.99
Azerbaijan,AZE,2021-09-22,78.61
Azerbaijan,AZE,2021-09-23,79.22
Azerbaijan,AZE,2021-09-24,79.78
Azerbaijan,AZE,2021-09-25,80.42
Azerbaijan,AZE,2021-09-26,80.97
Azerbaijan,AZE,2021-09-27,80.97
Azerbaijan,AZE,2021-09-29,82.28
Azerbaijan,AZE,2021-09-30,82.95
Azerbaijan,AZE,2021-10-01,83.62
Azerbaijan,AZE,2021-10-02,84.2
Azerbaijan,AZE,2021-10-03,84.72
Azerbaijan,AZE,2021-10-04,84.73
Azerbaijan,AZE,2021-10-05,85.29
Azerbaijan,AZE,2021-10-06,85.73
Azerbaijan,AZE,2021-10-08,86.52
Azerbaijan,AZE,2021-10-09,86.91
Azerbaijan,AZE,2021-10-10,87.24
Azerbaijan,AZE,2021-10-11,87.24
Azerbaijan,AZE,2021-10-12,87.63
Azerbaijan,AZE,2021-10-14,88.31
Azerbaijan,AZE,2021-10-15,88.61
Azerbaijan,AZE,2021-10-17,89.15
Azerbaijan,AZE,2021-10-18,89.16
Azerbaijan,AZE,2021-10-19,89.46
Azerbaijan,AZE,2021-10-20,89.77
Azerbaijan,AZE,2021-10-21,90.08
Azerbaijan,AZE,2021-10-22,90.38
Azerbaijan,AZE,2021-10-23,90.7
Azerbaijan,AZE,2021-10-24,90.99
Azerbaijan,AZE,2021-10-25,90.99
Azerbaijan,AZE,2021-10-26,91.39
Azerbaijan,AZE,2021-10-27,91.82
Azerbaijan,AZE,2021-10-28,92.3
Azerbaijan,AZE,2021-10-29,92.78
Azerbaijan,AZE,2021-10-30,93.26
Azerbaijan,AZE,2021-10-31,93.68
Azerbaijan,AZE,2021-11-01,93.68
Azerbaijan,AZE,2021-11-02,94.14
Azerbaijan,AZE,2021-11-08,96.17
Azerbaijan,AZE,2021-11-09,96.28
Azerbaijan,AZE,2021-11-11,96.81
Azerbaijan,AZE,2021-11-12,97.18
Azerbaijan,AZE,2021-11-13,97.57
Azerbaijan,AZE,2021-11-14,97.86
Azerbaijan,AZE,2021-11-15,97.86
Azerbaijan,AZE,2021-11-16,98.25
Azerbaijan,AZE,2021-11-17,98.57
Azerbaijan,AZE,2021-11-18,98.92
Azerbaijan,AZE,2021-11-19,99.24
Azerbaijan,AZE,2021-11-20,99.56
Azerbaijan,AZE,2021-11-21,99.8
Azerbaijan,AZE,2021-11-22,99.8
Azerbaijan,AZE,2021-11-23,100.15
Azerbaijan,AZE,2021-11-24,100.49
Azerbaijan,AZE,2021-11-25,100.81
Azerbaijan,AZE,2021-11-26,101.1
Azerbaijan,AZE,2021-11-27,101.43
Azerbaijan,AZE,2021-11-28,101.68
Azerbaijan,AZE,2021-11-29,101.69
Azerbaijan,AZE,2021-11-30,102.08
Azerbaijan,AZE,2021-12-01,102.47
Azerbaijan,AZE,2021-12-02,102.83
Azerbaijan,AZE,2021-12-03,103.17
Azerbaijan,AZE,2021-12-04,103.52
Azerbaijan,AZE,2021-12-05,103.78
Azerbaijan,AZE,2021-12-06,103.78
Azerbaijan,AZE,2021-12-07,104.13
Azerbaijan,AZE,2021-12-08,104.45
Azerbaijan,AZE,2021-12-09,104.78
Azerbaijan,AZE,2021-12-10,105.09
Azerbaijan,AZE,2021-12-11,105.4
Azerbaijan,AZE,2021-12-12,105.63
Azerbaijan,AZE,2021-12-13,105.63
Azerbaijan,AZE,2021-12-14,105.97
Azerbaijan,AZE,2021-12-15,106.28
Azerbaijan,AZE,2021-12-16,106.57
Azerbaijan,AZE,2021-12-17,106.83
Azerbaijan,AZE,2021-12-18,107.11
Azerbaijan,AZE,2021-12-19,107.31
Azerbaijan,AZE,2021-12-20,107.31
Azerbaijan,AZE,2021-12-21,107.61
Azerbaijan,AZE,2021-12-22,107.88
Azerbaijan,AZE,2021-12-23,108.14
Azerbaijan,AZE,2021-12-24,108.38
Azerbaijan,AZE,2021-12-25,108.64
Azerbaijan,AZE,2021-12-27,108.84
Azerbaijan,AZE,2021-12-28,109.14
Azerbaijan,AZE,2021-12-29,109.43
Azerbaijan,AZE,2021-12-30,109.75
Azerbaijan,AZE,2021-12-31,110.02
Azerbaijan,AZE,2022-01-01,110.02
Azerbaijan,AZE,2022-01-02,110.02
Azerbaijan,AZE,2022-01-03,110.02
Azerbaijan,AZE,2022-01-04,110.02
Azerbaijan,AZE,2022-01-05,110.29
Azerbaijan,AZE,2022-01-06,110.61
Azerbaijan,AZE,2022-01-07,110.92
Azerbaijan,AZE,2022-01-08,111.23
Azerbaijan,AZE,2022-01-09,111.49
Azerbaijan,AZE,2022-01-10,111.49
Azerbaijan,AZE,2022-01-11,111.81
Azerbaijan,AZE,2022-01-12,112.12
Azerbaijan,AZE,2022-01-13,112.41
Azerbaijan,AZE,2022-01-15,112.95
Azerbaijan,AZE,2022-01-16,113.18
Azerbaijan,AZE,2022-01-17,113.18
Azerbaijan,AZE,2022-01-18,113.47
Azerbaijan,AZE,2022-01-19,113.74
Azerbaijan,AZE,2022-01-20,114
Azerbaijan,AZE,2022-01-21,114.08
Azerbaijan,AZE,2022-01-22,114.33
Azerbaijan,AZE,2022-01-23,114.55
Azerbaijan,AZE,2022-01-24,114.55
Azerbaijan,AZE,2022-01-25,114.86
Azerbaijan,AZE,2022-01-26,115.16
Azerbaijan,AZE,2022-01-27,115.44
Azerbaijan,AZE,2022-01-28,115.74
Azerbaijan,AZE,2022-01-29,116.08
Azerbaijan,AZE,2022-01-30,116.37
Azerbaijan,AZE,2022-01-31,116.37
Azerbaijan,AZE,2022-02-01,116.74
Azerbaijan,AZE,2022-02-02,117.09
Azerbaijan,AZE,2022-02-03,117.47
Azerbaijan,AZE,2022-02-04,117.81
Azerbaijan,AZE,2022-02-05,118.16
Azerbaijan,AZE,2022-02-07,118.48
Azerbaijan,AZE,2022-02-08,118.9
Azerbaijan,AZE,2022-02-09,119.33
Azerbaijan,AZE,2022-02-10,119.74
Azerbaijan,AZE,2022-02-11,120.15
Azerbaijan,AZE,2022-02-12,120.57
Azerbaijan,AZE,2022-02-13,121
Azerbaijan,AZE,2022-02-14,121
Azerbaijan,AZE,2022-02-15,121.69
Azerbaijan,AZE,2022-02-16,122.44
Azerbaijan,AZE,2022-02-17,123.34
Azerbaijan,AZE,2022-03-06,127.6
Azerbaijan,AZE,2022-03-07,127.6
Azerbaijan,AZE,2022-03-08,127.77
Azerbaijan,AZE,2022-03-09,127.77
Azerbaijan,AZE,2022-03-10,128.02
Azerbaijan,AZE,2022-03-11,128.24
Azerbaijan,AZE,2022-03-12,128.45
Azerbaijan,AZE,2022-03-13,128.61
Azerbaijan,AZE,2022-03-14,128.61
Azerbaijan,AZE,2022-03-15,128.83
Azerbaijan,AZE,2022-03-16,129
Azerbaijan,AZE,2022-03-17,129.16
Azerbaijan,AZE,2022-03-18,129.34
Azerbaijan,AZE,2022-03-19,129.5
Azerbaijan,AZE,2022-03-20,129.63
Azerbaijan,AZE,2022-03-21,129.63
Azerbaijan,AZE,2022-03-22,129.63
Azerbaijan,AZE,2022-03-23,129.7
Azerbaijan,AZE,2022-03-24,129.76
Azerbaijan,AZE,2022-03-25,129.83
Azerbaijan,AZE,2022-03-26,129.89
Azerbaijan,AZE,2022-03-27,129.99
Azerbaijan,AZE,2022-03-28,129.99
Azerbaijan,AZE,2022-03-29,130.18
Azerbaijan,AZE,2022-03-30,130.34
Azerbaijan,AZE,2022-03-31,130.48
Azerbaijan,AZE,2022-04-03,130.82
Azerbaijan,AZE,2022-04-04,130.82
Azerbaijan,AZE,2022-04-05,130.94
Azerbaijan,AZE,2022-04-06,131.04
Azerbaijan,AZE,2022-04-07,131.13
Azerbaijan,AZE,2022-04-08,131.21
Azerbaijan,AZE,2022-04-09,131.3
Azerbaijan,AZE,2022-04-10,131.38
Azerbaijan,AZE,2022-04-11,131.38
Azerbaijan,AZE,2022-04-12,131.47
Azerbaijan,AZE,2022-04-13,131.55
Azerbaijan,AZE,2022-04-14,131.63
Azerbaijan,AZE,2022-04-17,131.83
Azerbaijan,AZE,2022-04-19,131.9
Azerbaijan,AZE,2022-04-20,131.96
Azerbaijan,AZE,2022-04-21,132.01
Azerbaijan,AZE,2022-04-23,132.1
Azerbaijan,AZE,2022-04-24,132.14
Azerbaijan,AZE,2022-04-29,132.32
Azerbaijan,AZE,2022-04-30,132.35
Azerbaijan,AZE,2022-05-02,132.39
Azerbaijan,AZE,2022-05-03,132.39
Azerbaijan,AZE,2022-05-04,132.39
Azerbaijan,AZE,2022-05-05,132.44
Azerbaijan,AZE,2022-05-06,132.48
Azerbaijan,AZE,2022-05-07,132.52
Azerbaijan,AZE,2022-05-08,132.55
Azerbaijan,AZE,2022-05-10,132.55
Azerbaijan,AZE,2022-05-17,132.76
Azerbaijan,AZE,2022-05-18,132.79
Azerbaijan,AZE,2022-05-19,132.82
Azerbaijan,AZE,2022-05-23,132.91
Azerbaijan,AZE,2022-05-27,133.02
Azerbaijan,AZE,2022-05-28,133.05
Azerbaijan,AZE,2022-05-29,133.05
Azerbaijan,AZE,2022-05-31,133.07
Azerbaijan,AZE,2022-06-01,133.1
Azerbaijan,AZE,2022-06-02,133.12
Azerbaijan,AZE,2022-06-17,133.33
Azerbaijan,AZE,2022-06-18,133.35
Azerbaijan,AZE,2022-06-19,133.36
Azerbaijan,AZE,2022-06-21,133.37
Azerbaijan,AZE,2022-06-22,133.39
Azerbaijan,AZE,2022-06-23,133.4
Azerbaijan,AZE,2022-06-24,133.42
Azerbaijan,AZE,2022-06-25,133.43
Azerbaijan,AZE,2022-06-26,133.44
Azerbaijan,AZE,2022-07-01,133.51
Azerbaijan,AZE,2022-07-02,133.53
Azerbaijan,AZE,2022-07-03,133.55
Azerbaijan,AZE,2022-07-04,133.55
Azerbaijan,AZE,2022-07-18,133.73
Azerbaijan,AZE,2022-07-19,133.75
Azerbaijan,AZE,2022-07-20,133.78
Azerbaijan,AZE,2022-07-21,133.8
Azerbaijan,AZE,2022-07-22,133.82
Azerbaijan,AZE,2022-07-23,133.84
Azerbaijan,AZE,2022-07-24,133.86
Azerbaijan,AZE,2022-07-25,133.86
Azerbaijan,AZE,2022-07-26,133.89
Azerbaijan,AZE,2022-07-27,133.91
Azerbaijan,AZE,2022-07-28,133.93
Azerbaijan,AZE,2022-07-29,133.95
Azerbaijan,AZE,2022-07-30,133.97
Azerbaijan,AZE,2022-07-31,133.99
Azerbaijan,AZE,2022-08-01,133.99
Azerbaijan,AZE,2022-08-02,134.01
Azerbaijan,AZE,2022-08-03,134.03
Bahamas,BHS,2021-03-13,0
Bahamas,BHS,2021-03-14,0.03
Bahamas,BHS,2021-03-21,0.37
Bahamas,BHS,2021-03-28,1.72
Bahamas,BHS,2021-04-07,2.45
Bahamas,BHS,2021-04-11,3.68
Bahamas,BHS,2021-04-20,5.37
Bahamas,BHS,2021-04-27,6.3
Bahamas,BHS,2021-05-09,8.83
Bahamas,BHS,2021-05-21,12.32
Bahamas,BHS,2021-05-29,13.49
Bahamas,BHS,2021-06-05,15.24
Bahamas,BHS,2021-06-11,16.7
Bahamas,BHS,2021-06-19,19.43
Bahamas,BHS,2021-06-26,22.33
Bahamas,BHS,2021-07-02,23.53
Bahamas,BHS,2021-07-10,24.02
Bahamas,BHS,2021-07-17,24.46
Bahamas,BHS,2021-07-24,25.29
Bahamas,BHS,2021-07-30,25.62
Bahamas,BHS,2021-07-31,26.21
Bahamas,BHS,2021-08-06,26.62
Bahamas,BHS,2021-08-09,27.08
Bahamas,BHS,2021-08-20,29.29
Bahamas,BHS,2021-08-22,31.63
Bahamas,BHS,2021-08-28,35.97
Bahamas,BHS,2021-09-04,39.62
Bahamas,BHS,2021-09-10,42.44
Bahamas,BHS,2021-09-18,45.21
Bahamas,BHS,2021-09-24,45.22
Bahamas,BHS,2021-10-01,50.94
Bahamas,BHS,2021-10-08,55.04
Bahamas,BHS,2021-10-15,58.45
Bahamas,BHS,2021-10-22,59.87
Bahamas,BHS,2021-10-29,62.54
Bahamas,BHS,2021-11-05,64.67
Bahamas,BHS,2021-11-19,67.3
Bahamas,BHS,2021-11-29,68.69
Bahamas,BHS,2021-12-10,70.61
Bahamas,BHS,2021-12-15,71.89
Bahamas,BHS,2021-12-22,71.94
Bahamas,BHS,2021-12-23,73.6
Bahamas,BHS,2022-01-05,75.57
Bahamas,BHS,2022-01-12,76.69
Bahamas,BHS,2022-01-26,78.18
Bahamas,BHS,2022-02-09,79.27
Bahamas,BHS,2022-02-16,79.85
Bahamas,BHS,2022-02-23,80.29
Bahamas,BHS,2022-03-09,81.18
Bahamas,BHS,2022-03-16,81.53
Bahamas,BHS,2022-03-25,81.92
Bahamas,BHS,2022-03-30,82.31
Bahamas,BHS,2022-04-22,83.24
Bahamas,BHS,2022-04-29,83.56
Bahamas,BHS,2022-07-13,84.89
Bahamas,BHS,2022-07-29,85.62
Bahrain,BHR,2020-12-23,2.66
Bahrain,BHR,2020-12-24,3.42
Bahrain,BHR,2020-12-25,3.45
Bahrain,BHR,2020-12-26,3.52
Bahrain,BHR,2020-12-27,3.66
Bahrain,BHR,2020-12-28,3.76
Bahrain,BHR,2020-12-29,3.83
Bahrain,BHR,2020-12-30,3.92
Bahrain,BHR,2020-12-31,4.01
Bahrain,BHR,2021-01-01,4.06
Bahrain,BHR,2021-01-02,4.11
Bahrain,BHR,2021-01-03,4.15
Bahrain,BHR,2021-01-04,4.21
Bahrain,BHR,2021-01-05,4.37
Bahrain,BHR,2021-01-06,4.68
Bahrain,BHR,2021-01-07,4.94
Bahrain,BHR,2021-01-08,5.35
Bahrain,BHR,2021-01-09,5.75
Bahrain,BHR,2021-01-10,6.1
Bahrain,BHR,2021-01-11,6.33
Bahrain,BHR,2021-01-12,6.68
Bahrain,BHR,2021-03-06,34.62
Bahrain,BHR,2021-03-07,34.85
Bahrain,BHR,2021-03-08,35.02
Bahrain,BHR,2021-03-09,35.17
Bahrain,BHR,2021-03-10,35.39
Bahrain,BHR,2021-03-11,35.57
Bahrain,BHR,2021-03-12,35.7
Bahrain,BHR,2021-03-13,36.54
Bahrain,BHR,2021-03-14,37.67
Bahrain,BHR,2021-03-15,38.74
Bahrain,BHR,2021-03-16,39.67
Bahrain,BHR,2021-03-17,40.83
Bahrain,BHR,2021-03-18,41.96
Bahrain,BHR,2021-03-19,42.83
Bahrain,BHR,2021-03-20,43.74
Bahrain,BHR,2021-03-21,44.64
Bahrain,BHR,2021-03-22,45.59
Bahrain,BHR,2021-03-23,46.48
Bahrain,BHR,2021-03-24,47.47
Bahrain,BHR,2021-03-25,48.38
Bahrain,BHR,2021-03-26,49.03
Bahrain,BHR,2021-03-27,49.48
Bahrain,BHR,2021-03-28,50.28
Bahrain,BHR,2021-03-29,51.05
Bahrain,BHR,2021-03-30,51.63
Bahrain,BHR,2021-03-31,52.37
Bahrain,BHR,2021-04-01,52.98
Bahrain,BHR,2021-04-02,53.48
Bahrain,BHR,2021-04-03,54.53
Bahrain,BHR,2021-04-04,55.86
Bahrain,BHR,2021-04-05,57.19
Bahrain,BHR,2021-04-06,58.52
Bahrain,BHR,2021-04-07,60.13
Bahrain,BHR,2021-04-08,61.57
Bahrain,BHR,2021-04-09,62.82
Bahrain,BHR,2021-04-10,64.18
Bahrain,BHR,2021-04-11,65.37
Bahrain,BHR,2021-04-12,66.56
Bahrain,BHR,2021-04-13,67.61
Bahrain,BHR,2021-04-14,68.94
Bahrain,BHR,2021-04-15,70.28
Bahrain,BHR,2021-04-16,71.24
Bahrain,BHR,2021-04-17,72.1
Bahrain,BHR,2021-04-18,73.64
Bahrain,BHR,2021-04-19,74.99
Bahrain,BHR,2021-04-20,76.44
Bahrain,BHR,2021-04-21,77.74
Bahrain,BHR,2021-04-22,78.57
Bahrain,BHR,2021-04-23,79.06
Bahrain,BHR,2021-04-24,79.87
Bahrain,BHR,2021-04-25,80.69
Bahrain,BHR,2021-04-26,81.53
Bahrain,BHR,2021-04-27,82.47
Bahrain,BHR,2021-04-28,83.13
Bahrain,BHR,2021-04-29,83.66
Bahrain,BHR,2021-04-30,84.41
Bahrain,BHR,2021-05-01,85.17
Bahrain,BHR,2021-05-02,86.39
Bahrain,BHR,2021-05-03,87.7
Bahrain,BHR,2021-05-04,88.96
Bahrain,BHR,2021-05-05,90.11
Bahrain,BHR,2021-05-06,91.21
Bahrain,BHR,2021-05-07,92.06
Bahrain,BHR,2021-05-08,92.79
Bahrain,BHR,2021-05-09,94.03
Bahrain,BHR,2021-05-10,95.33
Bahrain,BHR,2021-05-11,96.78
Bahrain,BHR,2021-05-12,98
Bahrain,BHR,2021-05-13,98.45
Bahrain,BHR,2021-05-14,98.95
Bahrain,BHR,2021-05-15,99.53
Bahrain,BHR,2021-05-16,100.66
Bahrain,BHR,2021-05-17,101.82
Bahrain,BHR,2021-05-18,102.98
Bahrain,BHR,2021-05-19,103.83
Bahrain,BHR,2021-05-20,104.67
Bahrain,BHR,2021-05-21,105.6
Bahrain,BHR,2021-05-22,106.59
Bahrain,BHR,2021-05-23,107.98
Bahrain,BHR,2021-05-24,109.46
Bahrain,BHR,2021-05-25,110.79
Bahrain,BHR,2021-05-26,111.95
Bahrain,BHR,2021-05-27,113.16
Bahrain,BHR,2021-05-28,114.24
Bahrain,BHR,2021-05-29,115.14
Bahrain,BHR,2021-05-30,116.65
Bahrain,BHR,2021-05-31,118.42
Bahrain,BHR,2021-06-01,119.98
Bahrain,BHR,2021-06-02,121.31
Bahrain,BHR,2021-06-03,122.26
Bahrain,BHR,2021-06-04,123.33
Bahrain,BHR,2021-06-05,123.95
Bahrain,BHR,2021-06-06,124.82
Bahrain,BHR,2021-06-07,125.65
Bahrain,BHR,2021-06-08,126.42
Bahrain,BHR,2021-06-09,127.08
Bahrain,BHR,2021-06-10,127.79
Bahrain,BHR,2021-06-11,128.24
Bahrain,BHR,2021-06-12,128.73
Bahrain,BHR,2021-06-13,129.27
Bahrain,BHR,2021-06-14,129.82
Bahrain,BHR,2021-06-15,130.21
Bahrain,BHR,2021-06-16,130.6
Bahrain,BHR,2021-06-17,131.03
Bahrain,BHR,2021-06-18,131.58
Bahrain,BHR,2021-06-19,132.07
Bahrain,BHR,2021-06-20,132.81
Bahrain,BHR,2021-06-21,133.66
Bahrain,BHR,2021-06-22,134.51
Bahrain,BHR,2021-06-23,135.23
Bahrain,BHR,2021-06-24,136.22
Bahrain,BHR,2021-06-25,137.34
Bahrain,BHR,2021-06-26,138
Bahrain,BHR,2021-06-27,138.59
Bahrain,BHR,2021-06-28,144.18
Bahrain,BHR,2021-06-29,144.64
Bahrain,BHR,2021-06-30,145.04
Bahrain,BHR,2021-07-01,145.45
Bahrain,BHR,2021-07-02,145.82
Bahrain,BHR,2021-07-03,146.23
Bahrain,BHR,2021-07-04,146.74
Bahrain,BHR,2021-07-05,147.21
Bahrain,BHR,2021-07-06,147.56
Bahrain,BHR,2021-07-07,148.04
Bahrain,BHR,2021-07-08,148.53
Bahrain,BHR,2021-07-09,148.99
Bahrain,BHR,2021-07-10,149.43
Bahrain,BHR,2021-07-11,149.89
Bahrain,BHR,2021-07-12,150.42
Bahrain,BHR,2021-07-13,150.95
Bahrain,BHR,2021-07-14,151.44
Bahrain,BHR,2021-07-15,152.05
Bahrain,BHR,2021-07-16,152.41
Bahrain,BHR,2021-07-17,152.75
Bahrain,BHR,2021-07-18,153.18
Bahrain,BHR,2021-07-19,153.44
Bahrain,BHR,2021-07-20,153.67
Bahrain,BHR,2021-07-21,153.93
Bahrain,BHR,2021-07-22,154.27
Bahrain,BHR,2021-07-23,154.63
Bahrain,BHR,2021-07-24,154.88
Bahrain,BHR,2021-07-25,155.44
Bahrain,BHR,2021-07-26,155.74
Bahrain,BHR,2021-07-27,156.07
Bahrain,BHR,2021-07-28,156.34
Bahrain,BHR,2021-07-29,156.6
Bahrain,BHR,2021-07-30,157.02
Bahrain,BHR,2021-07-31,157.55
Bahrain,BHR,2021-08-01,158.19
Bahrain,BHR,2021-08-02,158.76
Bahrain,BHR,2021-08-03,159.54
Bahrain,BHR,2021-08-04,160.03
Bahrain,BHR,2021-08-05,160.71
Bahrain,BHR,2021-08-06,161.12
Bahrain,BHR,2021-08-07,161.51
Bahrain,BHR,2021-08-08,162.16
Bahrain,BHR,2021-08-09,162.62
Bahrain,BHR,2021-08-10,163.2
Bahrain,BHR,2021-08-11,163.91
Bahrain,BHR,2021-08-12,164.54
Bahrain,BHR,2021-08-13,164.88
Bahrain,BHR,2021-08-14,165.27
Bahrain,BHR,2021-08-15,165.72
Bahrain,BHR,2021-08-16,166.07
Bahrain,BHR,2021-08-17,166.34
Bahrain,BHR,2021-08-18,166.5
Bahrain,BHR,2021-08-19,166.64
Bahrain,BHR,2021-08-20,166.82
Bahrain,BHR,2021-08-21,167.01
Bahrain,BHR,2021-08-22,167.4
Bahrain,BHR,2021-08-23,167.91
Bahrain,BHR,2021-08-24,168.25
Bahrain,BHR,2021-08-25,168.53
Bahrain,BHR,2021-08-26,168.85
Bahrain,BHR,2021-08-27,169.04
Bahrain,BHR,2021-08-28,169.28
Bahrain,BHR,2021-08-29,169.61
Bahrain,BHR,2021-08-30,169.86
Bahrain,BHR,2021-08-31,170.11
Bahrain,BHR,2021-09-01,170.36
Bahrain,BHR,2021-09-02,170.68
Bahrain,BHR,2021-09-03,170.84
Bahrain,BHR,2021-09-04,170.99
Bahrain,BHR,2021-09-05,171.22
Bahrain,BHR,2021-09-06,171.46
Bahrain,BHR,2021-09-07,171.64
Bahrain,BHR,2021-09-08,171.81
Bahrain,BHR,2021-09-09,171.92
Bahrain,BHR,2021-09-10,172.06
Bahrain,BHR,2021-09-11,172.16
Bahrain,BHR,2021-09-12,172.36
Bahrain,BHR,2021-09-13,172.57
Bahrain,BHR,2021-09-14,172.76
Bahrain,BHR,2021-09-15,172.93
Bahrain,BHR,2021-09-16,173.1
Bahrain,BHR,2021-09-17,173.19
Bahrain,BHR,2021-09-18,173.3
Bahrain,BHR,2021-09-19,173.47
Bahrain,BHR,2021-09-20,173.61
Bahrain,BHR,2021-09-21,173.63
Bahrain,BHR,2021-09-22,173.85
Bahrain,BHR,2021-09-23,173.98
Bahrain,BHR,2021-09-24,174.22
Bahrain,BHR,2021-09-25,174.52
Bahrain,BHR,2021-09-26,175.07
Bahrain,BHR,2021-09-27,175.52
Bahrain,BHR,2021-09-28,175.94
Bahrain,BHR,2021-09-29,176.47
Bahrain,BHR,2021-09-30,177.01
Bahrain,BHR,2021-10-01,177.32
Bahrain,BHR,2021-10-02,177.75
Bahrain,BHR,2021-10-03,178.21
Bahrain,BHR,2021-10-04,178.78
Bahrain,BHR,2021-10-05,179.3
Bahrain,BHR,2021-10-06,179.78
Bahrain,BHR,2021-10-07,180.4
Bahrain,BHR,2021-10-08,180.79
Bahrain,BHR,2021-10-09,181.22
Bahrain,BHR,2021-10-10,181.83
Bahrain,BHR,2021-10-11,182.44
Bahrain,BHR,2021-10-12,182.95
Bahrain,BHR,2021-10-13,183.44
Bahrain,BHR,2021-10-14,183.94
Bahrain,BHR,2021-10-15,184.23
Bahrain,BHR,2021-10-16,184.53
Bahrain,BHR,2021-10-17,185.08
Bahrain,BHR,2021-10-18,185.28
Bahrain,BHR,2021-10-19,185.7
Bahrain,BHR,2021-10-20,186.12
Bahrain,BHR,2021-10-21,186.55
Bahrain,BHR,2021-10-22,186.77
Bahrain,BHR,2021-10-23,186.98
Bahrain,BHR,2021-10-24,187.36
Bahrain,BHR,2021-10-25,187.69
Bahrain,BHR,2021-10-26,187.98
Bahrain,BHR,2021-10-27,188.26
Bahrain,BHR,2021-10-28,188.64
Bahrain,BHR,2021-10-29,188.87
Bahrain,BHR,2021-10-30,189.06
Bahrain,BHR,2021-10-31,189.39
Bahrain,BHR,2021-11-01,189.64
Bahrain,BHR,2021-11-02,190.04
Bahrain,BHR,2021-11-03,190.33
Bahrain,BHR,2021-11-04,190.66
Bahrain,BHR,2021-11-05,190.89
Bahrain,BHR,2021-11-06,191.07
Bahrain,BHR,2021-11-07,191.39
Bahrain,BHR,2021-11-08,191.65
Bahrain,BHR,2021-11-09,191.91
Bahrain,BHR,2021-11-10,192.15
Bahrain,BHR,2021-11-11,192.54
Bahrain,BHR,2021-11-12,192.74
Bahrain,BHR,2021-11-13,192.91
Bahrain,BHR,2021-11-14,193.23
Bahrain,BHR,2021-11-15,193.5
Bahrain,BHR,2021-11-16,193.78
Bahrain,BHR,2021-11-17,194.06
Bahrain,BHR,2021-11-18,194.42
Bahrain,BHR,2021-11-19,194.64
Bahrain,BHR,2021-11-20,194.87
Bahrain,BHR,2021-11-21,195.32
Bahrain,BHR,2021-11-22,195.77
Bahrain,BHR,2021-11-23,196.25
Bahrain,BHR,2021-11-24,196.74
Bahrain,BHR,2021-11-25,197.35
Bahrain,BHR,2021-11-26,197.81
Bahrain,BHR,2021-11-27,198.16
Bahrain,BHR,2021-11-28,198.8
Bahrain,BHR,2021-11-29,199.49
Bahrain,BHR,2021-11-30,200.12
Bahrain,BHR,2021-12-01,200.66
Bahrain,BHR,2021-12-02,201.53
Bahrain,BHR,2021-12-03,202.3
Bahrain,BHR,2021-12-04,202.98
Bahrain,BHR,2021-12-05,203.8
Bahrain,BHR,2021-12-06,204.57
Bahrain,BHR,2021-12-07,205.25
Bahrain,BHR,2021-12-08,205.93
Bahrain,BHR,2021-12-09,206.69
Bahrain,BHR,2021-12-10,207.14
Bahrain,BHR,2021-12-11,207.55
Bahrain,BHR,2021-12-12,208.26
Bahrain,BHR,2021-12-13,208.84
Bahrain,BHR,2021-12-14,209.51
Bahrain,BHR,2021-12-15,210.39
Bahrain,BHR,2021-12-16,210.91
Bahrain,BHR,2021-12-17,211.27
Bahrain,BHR,2021-12-18,211.68
Bahrain,BHR,2021-12-19,212.31
Bahrain,BHR,2021-12-20,213.37
Bahrain,BHR,2021-12-21,214.36
Bahrain,BHR,2021-12-22,215.17
Bahrain,BHR,2021-12-23,215.97
Bahrain,BHR,2021-12-24,216.4
Bahrain,BHR,2021-12-25,216.88
Bahrain,BHR,2021-12-26,217.64
Bahrain,BHR,2021-12-27,218.35
Bahrain,BHR,2021-12-28,218.99
Bahrain,BHR,2021-12-29,219.54
Bahrain,BHR,2021-12-30,220.16
Bahrain,BHR,2021-12-31,220.48
Bahrain,BHR,2022-01-01,220.73
Bahrain,BHR,2022-01-02,221.04
Bahrain,BHR,2022-01-03,221.57
Bahrain,BHR,2022-01-04,222
Bahrain,BHR,2022-01-05,222.43
Bahrain,BHR,2022-01-06,222.89
Bahrain,BHR,2022-01-07,223.11
Bahrain,BHR,2022-01-08,223.36
Bahrain,BHR,2022-01-09,223.8
Bahrain,BHR,2022-01-10,224.18
Bahrain,BHR,2022-01-11,224.53
Bahrain,BHR,2022-01-12,224.89
Bahrain,BHR,2022-01-13,225.3
Bahrain,BHR,2022-01-14,225.5
Bahrain,BHR,2022-01-15,225.7
Bahrain,BHR,2022-01-16,225.95
Bahrain,BHR,2022-01-17,226.33
Bahrain,BHR,2022-01-18,226.6
Bahrain,BHR,2022-01-19,226.81
Bahrain,BHR,2022-01-20,227.05
Bahrain,BHR,2022-01-21,227.14
Bahrain,BHR,2022-01-22,227.21
Bahrain,BHR,2022-01-23,227.55
Bahrain,BHR,2022-01-24,227.75
Bahrain,BHR,2022-01-25,228.34
Bahrain,BHR,2022-01-26,228.53
Bahrain,BHR,2022-01-27,228.72
Bahrain,BHR,2022-01-28,228.86
Bahrain,BHR,2022-01-29,228.98
Bahrain,BHR,2022-01-30,229.26
Bahrain,BHR,2022-01-31,229.42
Bahrain,BHR,2022-02-01,229.58
Bahrain,BHR,2022-02-02,229.74
Bahrain,BHR,2022-02-03,229.94
Bahrain,BHR,2022-02-04,230.03
Bahrain,BHR,2022-02-05,230.11
Bahrain,BHR,2022-02-06,230.3
Bahrain,BHR,2022-02-07,230.43
Bahrain,BHR,2022-02-08,230.56
Bahrain,BHR,2022-02-09,230.67
Bahrain,BHR,2022-03-06,233.06
Bahrain,BHR,2022-03-16,233.56
Bahrain,BHR,2022-03-23,233.81
Bahrain,BHR,2022-04-03,234.14
Bahrain,BHR,2022-04-14,234.34
Bahrain,BHR,2022-04-18,234.43
Bahrain,BHR,2022-04-26,234.62
Bahrain,BHR,2022-04-27,234.66
Bahrain,BHR,2022-05-05,234.81
Bahrain,BHR,2022-05-08,234.87
Bahrain,BHR,2022-05-10,234.93
Bahrain,BHR,2022-05-15,235.06
Bahrain,BHR,2022-05-23,235.24
Bahrain,BHR,2022-05-27,235.34
Bahrain,BHR,2022-05-28,235.36
Bahrain,BHR,2022-05-29,235.38
Bahrain,BHR,2022-05-30,235.4
Bahrain,BHR,2022-05-31,235.42
Bahrain,BHR,2022-06-02,235.47
Bahrain,BHR,2022-06-03,235.49
Bahrain,BHR,2022-06-04,235.5
Bahrain,BHR,2022-06-05,235.53
Bahrain,BHR,2022-06-06,235.55
Bahrain,BHR,2022-06-07,235.57
Bahrain,BHR,2022-06-08,235.58
Bahrain,BHR,2022-06-09,235.61
Bahrain,BHR,2022-06-10,235.63
Bahrain,BHR,2022-06-11,235.64
Bahrain,BHR,2022-06-12,235.67
Bahrain,BHR,2022-06-13,235.69
Bahrain,BHR,2022-06-14,235.71
Bahrain,BHR,2022-06-16,235.76
Bahrain,BHR,2022-06-17,235.78
Bahrain,BHR,2022-06-18,235.79
Bahrain,BHR,2022-06-19,235.82
Bahrain,BHR,2022-06-20,235.84
Bahrain,BHR,2022-06-22,235.88
Bahrain,BHR,2022-06-23,235.91
Bahrain,BHR,2022-06-24,235.93
Bahrain,BHR,2022-06-25,235.95
Bahrain,BHR,2022-06-26,235.97
Bahrain,BHR,2022-06-28,236.01
Bahrain,BHR,2022-06-29,236.02
Bahrain,BHR,2022-07-01,236.06
Bahrain,BHR,2022-07-02,236.07
Bahrain,BHR,2022-07-03,236.1
Bahrain,BHR,2022-07-04,236.13
Bahrain,BHR,2022-07-05,236.15
Bahrain,BHR,2022-07-06,236.16
Bahrain,BHR,2022-07-07,236.19
Bahrain,BHR,2022-07-08,236.2
Bahrain,BHR,2022-07-09,236.21
Bahrain,BHR,2022-07-10,236.22
Bahrain,BHR,2022-07-12,236.23
Bahrain,BHR,2022-07-13,236.25
Bahrain,BHR,2022-07-14,236.27
Bahrain,BHR,2022-07-15,236.29
Bahrain,BHR,2022-07-16,236.3
Bahrain,BHR,2022-07-17,236.3
Bahrain,BHR,2022-07-20,236.36
Bahrain,BHR,2022-07-21,236.38
Bahrain,BHR,2022-07-22,236.4
Bahrain,BHR,2022-07-23,236.41
Bahrain,BHR,2022-07-24,236.43
Bahrain,BHR,2022-07-26,236.47
Bahrain,BHR,2022-07-27,236.48
Bahrain,BHR,2022-07-28,236.5
Bahrain,BHR,2022-07-29,236.51
Bahrain,BHR,2022-07-30,236.52
Bahrain,BHR,2022-07-31,236.53
Bahrain,BHR,2022-08-01,236.55
Bahrain,BHR,2022-08-02,236.57
Bangladesh,BGD,2021-01-26,0
Bangladesh,BGD,2021-01-27,0
Bangladesh,BGD,2021-01-28,0
Bangladesh,BGD,2021-02-07,0.02
Bangladesh,BGD,2021-02-09,0.11
Bangladesh,BGD,2021-02-10,0.2
Bangladesh,BGD,2021-02-13,0.43
Bangladesh,BGD,2021-02-14,0.53
Bangladesh,BGD,2021-02-15,0.67
Bangladesh,BGD,2021-02-16,0.8
Bangladesh,BGD,2021-02-17,0.94
Bangladesh,BGD,2021-02-18,1.09
Bangladesh,BGD,2021-02-20,1.23
Bangladesh,BGD,2021-02-22,1.36
Bangladesh,BGD,2021-02-23,1.47
Bangladesh,BGD,2021-02-24,1.58
Bangladesh,BGD,2021-02-25,1.68
Bangladesh,BGD,2021-02-27,1.76
Bangladesh,BGD,2021-02-28,1.84
Bangladesh,BGD,2021-03-02,1.97
Bangladesh,BGD,2021-03-04,2.11
Bangladesh,BGD,2021-03-07,2.17
Bangladesh,BGD,2021-03-09,2.37
Bangladesh,BGD,2021-03-11,2.49
Bangladesh,BGD,2021-03-14,2.6
Bangladesh,BGD,2021-03-16,2.7
Bangladesh,BGD,2021-03-18,2.77
Bangladesh,BGD,2021-03-20,2.81
Bangladesh,BGD,2021-03-22,2.9
Bangladesh,BGD,2021-03-24,2.99
Bangladesh,BGD,2021-03-25,3.03
Bangladesh,BGD,2021-03-29,3.14
Bangladesh,BGD,2021-03-31,3.17
Bangladesh,BGD,2021-04-01,3.2
Bangladesh,BGD,2021-04-03,3.22
Bangladesh,BGD,2021-04-04,3.25
Bangladesh,BGD,2021-04-05,3.27
Bangladesh,BGD,2021-04-07,3.29
Bangladesh,BGD,2021-04-08,3.34
Bangladesh,BGD,2021-04-10,3.44
Bangladesh,BGD,2021-04-11,3.55
Bangladesh,BGD,2021-04-12,3.64
Bangladesh,BGD,2021-04-15,3.91
Bangladesh,BGD,2021-04-18,4.18
Bangladesh,BGD,2021-04-20,4.38
Bangladesh,BGD,2021-04-22,4.57
Bangladesh,BGD,2021-04-24,4.7
Bangladesh,BGD,2021-04-25,4.81
Bangladesh,BGD,2021-04-26,4.89
Bangladesh,BGD,2021-04-27,4.96
Bangladesh,BGD,2021-04-28,5.03
Bangladesh,BGD,2021-04-29,5.09
Bangladesh,BGD,2021-05-02,5.17
Bangladesh,BGD,2021-05-03,5.22
Bangladesh,BGD,2021-05-04,5.27
Bangladesh,BGD,2021-05-05,5.33
Bangladesh,BGD,2021-05-06,5.39
Bangladesh,BGD,2021-05-08,5.44
Bangladesh,BGD,2021-05-09,5.5
Bangladesh,BGD,2021-05-11,5.56
Bangladesh,BGD,2021-05-12,5.59
Bangladesh,BGD,2021-05-16,5.62
Bangladesh,BGD,2021-05-17,5.65
Bangladesh,BGD,2021-05-18,5.69
Bangladesh,BGD,2021-05-19,5.7
Bangladesh,BGD,2021-05-20,5.76
Bangladesh,BGD,2021-05-22,5.78
Bangladesh,BGD,2021-05-24,5.83
Bangladesh,BGD,2021-05-25,5.85
Bangladesh,BGD,2021-05-27,5.87
Bangladesh,BGD,2021-05-29,5.88
Bangladesh,BGD,2021-05-30,5.89
Bangladesh,BGD,2021-05-31,5.9
Bangladesh,BGD,2021-06-01,5.9
Bangladesh,BGD,2021-06-03,5.92
Bangladesh,BGD,2021-06-05,5.92
Bangladesh,BGD,2021-06-06,5.93
Bangladesh,BGD,2021-06-07,5.93
Bangladesh,BGD,2021-06-08,5.93
Bangladesh,BGD,2021-06-10,5.94
Bangladesh,BGD,2021-06-12,5.94
Bangladesh,BGD,2021-06-14,5.95
Bangladesh,BGD,2021-06-16,5.95
Bangladesh,BGD,2021-06-17,5.95
Bangladesh,BGD,2021-06-19,5.95
Bangladesh,BGD,2021-06-20,5.96
Bangladesh,BGD,2021-06-21,5.96
Bangladesh,BGD,2021-06-22,5.96
Bangladesh,BGD,2021-06-23,5.96
Bangladesh,BGD,2021-06-24,5.96
Bangladesh,BGD,2021-06-26,5.96
Bangladesh,BGD,2021-06-28,5.96
Bangladesh,BGD,2021-06-29,5.96
Bangladesh,BGD,2021-06-30,5.97
Bangladesh,BGD,2021-07-03,5.97
Bangladesh,BGD,2021-07-05,5.97
Bangladesh,BGD,2021-07-08,5.97
Bangladesh,BGD,2021-07-13,5.97
Bangladesh,BGD,2021-07-21,5.97
Bangladesh,BGD,2021-07-22,6.09
Bangladesh,BGD,2021-07-24,6.1
Bangladesh,BGD,2021-07-25,6.12
Bangladesh,BGD,2021-07-26,6.14
Bangladesh,BGD,2021-07-27,6.18
Bangladesh,BGD,2021-07-28,6.45
Bangladesh,BGD,2021-07-29,6.61
Bangladesh,BGD,2021-07-30,6.93
Bangladesh,BGD,2021-07-31,7.59
Bangladesh,BGD,2021-08-01,7.76
Bangladesh,BGD,2021-08-02,7.95
Bangladesh,BGD,2021-08-03,8.33
Bangladesh,BGD,2021-08-05,8.57
Bangladesh,BGD,2021-08-07,8.68
Bangladesh,BGD,2021-08-08,10.44
Bangladesh,BGD,2021-08-09,11.03
Bangladesh,BGD,2021-08-10,11.39
Bangladesh,BGD,2021-08-11,11.68
Bangladesh,BGD,2021-08-12,11.93
Bangladesh,BGD,2021-08-13,12.02
Bangladesh,BGD,2021-08-14,12.19
Bangladesh,BGD,2021-08-15,12.35
Bangladesh,BGD,2021-08-16,12.4
Bangladesh,BGD,2021-08-17,12.66
Bangladesh,BGD,2021-08-18,12.85
Bangladesh,BGD,2021-08-19,13.09
Bangladesh,BGD,2021-08-21,13.24
Bangladesh,BGD,2021-08-22,13.47
Bangladesh,BGD,2021-08-23,13.74
Bangladesh,BGD,2021-08-24,14.02
Bangladesh,BGD,2021-08-25,14.32
Bangladesh,BGD,2021-08-26,14.63
Bangladesh,BGD,2021-08-29,15.08
Bangladesh,BGD,2021-08-31,15.63
Bangladesh,BGD,2021-09-02,15.94
Bangladesh,BGD,2021-09-04,16.15
Bangladesh,BGD,2021-09-05,16.37
Bangladesh,BGD,2021-09-06,16.58
Bangladesh,BGD,2021-09-07,16.87
Bangladesh,BGD,2021-09-08,18.66
Bangladesh,BGD,2021-09-09,19.34
Bangladesh,BGD,2021-09-11,19.91
Bangladesh,BGD,2021-09-12,20.25
Bangladesh,BGD,2021-09-13,20.54
Bangladesh,BGD,2021-09-14,20.78
Bangladesh,BGD,2021-09-15,20.95
Bangladesh,BGD,2021-09-16,21.18
Bangladesh,BGD,2021-09-18,21.43
Bangladesh,BGD,2021-09-19,21.75
Bangladesh,BGD,2021-09-20,22.08
Bangladesh,BGD,2021-09-21,22.4
Bangladesh,BGD,2021-09-22,22.74
Bangladesh,BGD,2021-09-23,23.1
Bangladesh,BGD,2021-09-25,23.41
Bangladesh,BGD,2021-09-26,23.81
Bangladesh,BGD,2021-09-27,24.2
Bangladesh,BGD,2021-09-28,24.48
Bangladesh,BGD,2021-09-29,28.48
Bangladesh,BGD,2021-10-01,29.26
Bangladesh,BGD,2021-10-03,29.99
Bangladesh,BGD,2021-10-04,30.34
Bangladesh,BGD,2021-10-05,30.66
Bangladesh,BGD,2021-10-06,31.02
Bangladesh,BGD,2021-10-07,31.35
Bangladesh,BGD,2021-10-09,31.46
Bangladesh,BGD,2021-10-10,32
Bangladesh,BGD,2021-10-11,32.36
Bangladesh,BGD,2021-10-12,32.64
Bangladesh,BGD,2021-10-13,32.9
Bangladesh,BGD,2021-10-14,33.14
Bangladesh,BGD,2021-10-16,33.14
Bangladesh,BGD,2021-10-17,33.25
Bangladesh,BGD,2021-10-18,33.82
Bangladesh,BGD,2021-10-19,34.17
Bangladesh,BGD,2021-10-21,34.51
Bangladesh,BGD,2021-10-23,35.52
Bangladesh,BGD,2021-10-25,35.94
Bangladesh,BGD,2021-10-31,41.63
Bangladesh,BGD,2021-11-01,42.16
Bangladesh,BGD,2021-11-02,42.53
Bangladesh,BGD,2021-11-03,42.93
Bangladesh,BGD,2021-11-04,43.29
Bangladesh,BGD,2021-11-06,43.62
Bangladesh,BGD,2021-11-07,44.61
Bangladesh,BGD,2021-11-08,45.39
Bangladesh,BGD,2021-11-09,46.27
Bangladesh,BGD,2021-11-10,47.88
Bangladesh,BGD,2021-11-11,48.77
Bangladesh,BGD,2021-11-13,49.5
Bangladesh,BGD,2021-11-14,49.79
Bangladesh,BGD,2021-11-15,50.15
Bangladesh,BGD,2021-11-17,50.94
Bangladesh,BGD,2021-11-18,51.37
Bangladesh,BGD,2021-11-24,54.17
Bangladesh,BGD,2021-11-25,54.75
Bangladesh,BGD,2021-11-27,55.38
Bangladesh,BGD,2021-11-28,55.38
Bangladesh,BGD,2021-11-29,56.51
Bangladesh,BGD,2021-11-30,56.94
Bangladesh,BGD,2021-12-01,58.2
Bangladesh,BGD,2021-12-02,58.97
Bangladesh,BGD,2021-12-04,59.75
Bangladesh,BGD,2021-12-05,60.29
Bangladesh,BGD,2021-12-06,60.87
Bangladesh,BGD,2021-12-07,61.21
Bangladesh,BGD,2021-12-08,62.08
Bangladesh,BGD,2021-12-09,62.93
Bangladesh,BGD,2022-01-10,78.61
Bangladesh,BGD,2022-01-12,81.24
Bangladesh,BGD,2022-01-14,82.28
Bangladesh,BGD,2022-01-15,83.65
Bangladesh,BGD,2022-01-16,85.13
Bangladesh,BGD,2022-01-17,86.85
Bangladesh,BGD,2022-01-18,87.72
Bangladesh,BGD,2022-01-19,88.49
Bangladesh,BGD,2022-01-20,89.39
Bangladesh,BGD,2022-01-22,90.23
Bangladesh,BGD,2022-01-24,90.86
Bangladesh,BGD,2022-01-25,91.52
Bangladesh,BGD,2022-01-26,92.36
Bangladesh,BGD,2022-02-18,105.37
Bangladesh,BGD,2022-02-19,107.68
Bangladesh,BGD,2022-02-22,109
Bangladesh,BGD,2022-02-28,123.96
Bangladesh,BGD,2022-03-06,127.42
Bangladesh,BGD,2022-03-07,128.29
Bangladesh,BGD,2022-03-08,128.69
Bangladesh,BGD,2022-03-09,129.01
Bangladesh,BGD,2022-03-10,129.36
Bangladesh,BGD,2022-03-12,129.77
Bangladesh,BGD,2022-03-13,130.15
Bangladesh,BGD,2022-03-14,130.56
Bangladesh,BGD,2022-03-15,131.04
Bangladesh,BGD,2022-03-16,131.48
Bangladesh,BGD,2022-03-18,131.75
Bangladesh,BGD,2022-03-19,131.89
Bangladesh,BGD,2022-03-20,132.5
Bangladesh,BGD,2022-03-21,133.14
Bangladesh,BGD,2022-03-22,133.89
Bangladesh,BGD,2022-03-23,134.54
Bangladesh,BGD,2022-03-24,135.35
Bangladesh,BGD,2022-03-26,135.68
Bangladesh,BGD,2022-03-27,136.65
Bangladesh,BGD,2022-03-28,140.8
Bangladesh,BGD,2022-03-29,143.86
Bangladesh,BGD,2022-03-30,146.32
Bangladesh,BGD,2022-03-31,146.63
Bangladesh,BGD,2022-04-03,148.82
Bangladesh,BGD,2022-04-05,149.23
Bangladesh,BGD,2022-04-06,149.4
Bangladesh,BGD,2022-04-07,149.6
Bangladesh,BGD,2022-04-09,149.77
Bangladesh,BGD,2022-04-11,150.11
Bangladesh,BGD,2022-04-17,150.63
Bangladesh,BGD,2022-04-18,150.92
Bangladesh,BGD,2022-04-19,151.05
Bangladesh,BGD,2022-04-20,151.17
Bangladesh,BGD,2022-04-25,151.7
Bangladesh,BGD,2022-05-10,152.44
Bangladesh,BGD,2022-05-11,152.65
Bangladesh,BGD,2022-05-16,152.98
Bangladesh,BGD,2022-05-18,153.34
Bangladesh,BGD,2022-05-24,153.9
Bangladesh,BGD,2022-05-28,154.22
Bangladesh,BGD,2022-05-29,154.33
Bangladesh,BGD,2022-06-04,155.53
Bangladesh,BGD,2022-06-06,157.68
Bangladesh,BGD,2022-06-08,160.06
Bangladesh,BGD,2022-06-12,161.9
Bangladesh,BGD,2022-06-13,162.06
Bangladesh,BGD,2022-06-18,162.56
Bangladesh,BGD,2022-06-19,162.66
Bangladesh,BGD,2022-06-21,162.78
Bangladesh,BGD,2022-06-22,163.05
Bangladesh,BGD,2022-06-27,163.71
Bangladesh,BGD,2022-06-28,163.86
Bangladesh,BGD,2022-07-02,164.28
Bangladesh,BGD,2022-07-04,164.62
Bangladesh,BGD,2022-07-05,164.75
Bangladesh,BGD,2022-07-06,164.85
Bangladesh,BGD,2022-07-13,165.03
Bangladesh,BGD,2022-07-16,165.16
Bangladesh,BGD,2022-07-17,165.24
Bangladesh,BGD,2022-07-19,168.81
Bangladesh,BGD,2022-07-21,170.06
Bangladesh,BGD,2022-07-24,170.4
Bangladesh,BGD,2022-07-25,170.53
Bangladesh,BGD,2022-07-26,170.7
Bangladesh,BGD,2022-07-30,171.16
Bangladesh,BGD,2022-08-01,171.37
Bangladesh,BGD,2022-08-03,171.63
Barbados,BRB,2021-02-15,1.6
Barbados,BRB,2021-02-16,2.38
Barbados,BRB,2021-02-17,3.24
Barbados,BRB,2021-02-18,4.09
Barbados,BRB,2021-02-19,5.12
Barbados,BRB,2021-02-20,5.63
Barbados,BRB,2021-02-21,5.88
Barbados,BRB,2021-02-22,6.79
Barbados,BRB,2021-02-23,7.84
Barbados,BRB,2021-02-24,9.1
Barbados,BRB,2021-02-25,10.41
Barbados,BRB,2021-02-26,11.96
Barbados,BRB,2021-02-27,13.07
Barbados,BRB,2021-02-28,13.73
Barbados,BRB,2021-03-01,14.62
Barbados,BRB,2021-03-02,15.38
Barbados,BRB,2021-03-03,15.95
Barbados,BRB,2021-03-04,16.52
Barbados,BRB,2021-03-05,17.24
Barbados,BRB,2021-03-06,17.38
Barbados,BRB,2021-03-07,17.54
Barbados,BRB,2021-03-08,17.57
Barbados,BRB,2021-03-09,17.69
Barbados,BRB,2021-03-10,17.87
Barbados,BRB,2021-03-11,18.03
Barbados,BRB,2021-03-12,18.13
Barbados,BRB,2021-03-13,18.35
Barbados,BRB,2021-03-14,18.6
Barbados,BRB,2021-03-15,18.89
Barbados,BRB,2021-03-16,19.43
Barbados,BRB,2021-03-17,19.92
Barbados,BRB,2021-03-18,20.7
Barbados,BRB,2021-03-19,21.41
Barbados,BRB,2021-03-20,21.73
Barbados,BRB,2021-03-21,21.96
Barbados,BRB,2021-03-22,21.97
Barbados,BRB,2021-03-23,22.32
Barbados,BRB,2021-03-25,22.33
Barbados,BRB,2021-03-26,22.65
Barbados,BRB,2021-03-29,22.66
Barbados,BRB,2021-03-30,22.66
Barbados,BRB,2021-03-31,22.66
Barbados,BRB,2021-04-01,22.67
Barbados,BRB,2021-04-02,22.67
Barbados,BRB,2021-04-07,22.67
Barbados,BRB,2021-04-08,22.99
Barbados,BRB,2021-04-09,23.42
Barbados,BRB,2021-04-10,23.43
Barbados,BRB,2021-04-14,23.5
Barbados,BRB,2021-04-15,23.79
Barbados,BRB,2021-04-16,24.35
Barbados,BRB,2021-04-17,24.71
Barbados,BRB,2021-04-18,25.16
Barbados,BRB,2021-04-19,25.21
Barbados,BRB,2021-04-20,25.3
Barbados,BRB,2021-04-21,25.37
Barbados,BRB,2021-04-22,25.48
Barbados,BRB,2021-04-23,25.56
Barbados,BRB,2021-04-24,25.86
Barbados,BRB,2021-04-25,26.17
Barbados,BRB,2021-04-26,26.2
Barbados,BRB,2021-04-27,26.25
Barbados,BRB,2021-04-28,26.29
Barbados,BRB,2021-04-29,26.33
Barbados,BRB,2021-04-30,26.39
Barbados,BRB,2021-05-01,32.42
Barbados,BRB,2021-05-02,33.04
Barbados,BRB,2021-05-03,33.78
Barbados,BRB,2021-05-04,34.61
Barbados,BRB,2021-05-05,35.77
Barbados,BRB,2021-05-06,36.92
Barbados,BRB,2021-05-07,37.66
Barbados,BRB,2021-05-08,38.18
Barbados,BRB,2021-05-09,38.48
Barbados,BRB,2021-05-10,39.19
Barbados,BRB,2021-05-11,39.92
Barbados,BRB,2021-05-12,40.77
Barbados,BRB,2021-05-13,41.58
Barbados,BRB,2021-05-14,42.16
Barbados,BRB,2021-05-15,42.26
Barbados,BRB,2021-05-16,42.61
Barbados,BRB,2021-05-17,43.13
Barbados,BRB,2021-05-18,43.8
Barbados,BRB,2021-05-19,44.63
Barbados,BRB,2021-05-20,45.51
Barbados,BRB,2021-05-21,45.95
Barbados,BRB,2021-05-22,46.33
Barbados,BRB,2021-05-23,46.7
Barbados,BRB,2021-05-24,46.94
Barbados,BRB,2021-05-25,47.37
Barbados,BRB,2021-05-26,48.04
Barbados,BRB,2021-05-27,48.5
Barbados,BRB,2021-05-28,49.06
Barbados,BRB,2021-05-29,49.21
Barbados,BRB,2021-05-30,49.36
Barbados,BRB,2021-05-31,49.56
Barbados,BRB,2021-06-01,49.9
Barbados,BRB,2021-06-02,50.24
Barbados,BRB,2021-06-04,51.03
Barbados,BRB,2021-06-05,51.08
Barbados,BRB,2021-06-06,51.32
Barbados,BRB,2021-06-07,51.52
Barbados,BRB,2021-06-08,51.91
Barbados,BRB,2021-06-09,52.29
Barbados,BRB,2021-06-10,52.77
Barbados,BRB,2021-06-11,53.07
Barbados,BRB,2021-06-12,53.17
Barbados,BRB,2021-06-13,53.45
Barbados,BRB,2021-06-14,53.7
Barbados,BRB,2021-06-15,54.16
Barbados,BRB,2021-06-16,54.53
Barbados,BRB,2021-06-17,55.27
Barbados,BRB,2021-06-18,55.78
Barbados,BRB,2021-06-19,55.93
Barbados,BRB,2021-06-20,56.34
Barbados,BRB,2021-06-21,56.54
Barbados,BRB,2021-06-22,56.99
Barbados,BRB,2021-06-23,57.28
Barbados,BRB,2021-06-24,57.74
Barbados,BRB,2021-06-25,58.13
Barbados,BRB,2021-06-26,58.22
Barbados,BRB,2021-06-27,58.57
Barbados,BRB,2021-06-28,58.8
Barbados,BRB,2021-06-29,59.11
Barbados,BRB,2021-06-30,59.23
Barbados,BRB,2021-07-02,59.4
Barbados,BRB,2021-07-06,59.53
Barbados,BRB,2021-07-07,59.66
Barbados,BRB,2021-07-08,59.77
Barbados,BRB,2021-07-09,59.92
Barbados,BRB,2021-07-10,60
Barbados,BRB,2021-07-11,60.03
Barbados,BRB,2021-07-12,60.08
Barbados,BRB,2021-07-13,60.25
Barbados,BRB,2021-07-14,60.41
Barbados,BRB,2021-07-15,60.54
Barbados,BRB,2021-07-16,60.76
Barbados,BRB,2021-07-17,60.83
Barbados,BRB,2021-07-18,61.04
Barbados,BRB,2021-07-19,61.08
Barbados,BRB,2021-07-20,61.19
Barbados,BRB,2021-07-21,61.31
Barbados,BRB,2021-07-23,61.5
Barbados,BRB,2021-07-24,61.5
Barbados,BRB,2021-07-25,61.65
Barbados,BRB,2021-07-26,61.76
Barbados,BRB,2021-07-27,61.92
Barbados,BRB,2021-07-28,61.94
Barbados,BRB,2021-07-29,62.35
Barbados,BRB,2021-07-30,62.57
Barbados,BRB,2021-07-31,62.57
Barbados,BRB,2021-08-01,62.75
Barbados,BRB,2021-08-02,62.76
Barbados,BRB,2021-08-03,62.83
Barbados,BRB,2021-08-04,62.96
Barbados,BRB,2021-08-05,63.37
Barbados,BRB,2021-08-06,63.68
Barbados,BRB,2021-08-07,63.84
Barbados,BRB,2021-08-08,64.28
Barbados,BRB,2021-08-09,64.48
Barbados,BRB,2021-08-10,65
Barbados,BRB,2021-08-11,65.25
Barbados,BRB,2021-08-12,65.84
Barbados,BRB,2021-08-13,66.18
Barbados,BRB,2021-08-14,66.19
Barbados,BRB,2021-08-15,66.42
Barbados,BRB,2021-08-16,66.6
Barbados,BRB,2021-08-17,66.97
Barbados,BRB,2021-08-18,67.24
Barbados,BRB,2021-08-19,67.82
Barbados,BRB,2021-08-20,68.16
Barbados,BRB,2021-08-21,68.52
Barbados,BRB,2021-08-22,68.95
Barbados,BRB,2021-08-23,69.35
Barbados,BRB,2021-08-24,69.95
Barbados,BRB,2021-08-25,70.54
Barbados,BRB,2021-08-26,70.91
Barbados,BRB,2021-08-27,71.38
Barbados,BRB,2021-08-28,71.7
Barbados,BRB,2021-08-29,72.11
Barbados,BRB,2021-08-30,72.64
Barbados,BRB,2021-09-01,73.63
Barbados,BRB,2021-09-02,74.12
Barbados,BRB,2021-09-03,74.6
Barbados,BRB,2021-09-04,74.83
Barbados,BRB,2021-09-05,75.05
Barbados,BRB,2021-09-06,75.46
Barbados,BRB,2021-09-07,75.77
Barbados,BRB,2021-09-09,76.45
Barbados,BRB,2021-09-10,76.82
Barbados,BRB,2021-09-11,77.03
Barbados,BRB,2021-09-12,77.26
Barbados,BRB,2021-09-13,77.58
Barbados,BRB,2021-09-14,77.93
Barbados,BRB,2021-09-15,78.23
Barbados,BRB,2021-09-16,78.59
Barbados,BRB,2021-09-18,79.48
Barbados,BRB,2021-09-19,79.82
Barbados,BRB,2021-09-20,80.31
Barbados,BRB,2021-09-21,80.82
Barbados,BRB,2021-09-22,81.4
Barbados,BRB,2021-09-23,82.09
Barbados,BRB,2021-09-24,82.65
Barbados,BRB,2021-09-25,83.26
Barbados,BRB,2021-09-26,83.55
Barbados,BRB,2021-09-27,84.14
Barbados,BRB,2021-09-28,84.63
Barbados,BRB,2021-09-29,85.33
Barbados,BRB,2021-09-30,86.03
Barbados,BRB,2021-10-01,86.71
Barbados,BRB,2021-10-02,87.17
Barbados,BRB,2021-10-03,87.53
Barbados,BRB,2021-10-04,87.97
Barbados,BRB,2021-10-05,88.41
Barbados,BRB,2021-10-06,88.88
Barbados,BRB,2021-10-07,89.34
Barbados,BRB,2021-10-08,89.8
Barbados,BRB,2021-10-09,90.17
Barbados,BRB,2021-10-10,90.45
Barbados,BRB,2021-10-11,90.91
Barbados,BRB,2021-10-12,91.39
Barbados,BRB,2021-10-13,91.83
Barbados,BRB,2021-10-15,92.69
Barbados,BRB,2021-10-16,92.99
Barbados,BRB,2021-10-17,93.3
Barbados,BRB,2021-10-18,93.72
Barbados,BRB,2021-10-19,94.03
Barbados,BRB,2021-10-20,94.35
Barbados,BRB,2021-10-23,95.39
Barbados,BRB,2021-10-24,95.64
Barbados,BRB,2021-10-25,96.05
Barbados,BRB,2021-10-26,96.34
Barbados,BRB,2021-10-27,96.74
Barbados,BRB,2021-10-28,97.09
Barbados,BRB,2021-10-29,97.49
Barbados,BRB,2021-10-30,97.83
Barbados,BRB,2021-10-31,98.13
Barbados,BRB,2021-11-01,98.32
Barbados,BRB,2021-11-02,98.58
Barbados,BRB,2021-11-03,98.77
Barbados,BRB,2021-11-04,99.08
Barbados,BRB,2021-11-05,99.32
Barbados,BRB,2021-11-06,99.56
Barbados,BRB,2021-11-07,99.72
Barbados,BRB,2021-11-08,99.93
Barbados,BRB,2021-11-09,100.22
Barbados,BRB,2021-11-10,100.38
Barbados,BRB,2021-11-11,100.62
Barbados,BRB,2021-11-12,100.84
Barbados,BRB,2021-11-13,100.97
Barbados,BRB,2021-11-14,101.14
Barbados,BRB,2021-11-15,101.23
Barbados,BRB,2021-11-16,101.49
Barbados,BRB,2021-11-17,101.58
Barbados,BRB,2021-11-18,101.78
Barbados,BRB,2021-11-19,102
Barbados,BRB,2021-11-20,102.16
Barbados,BRB,2021-11-21,102.34
Barbados,BRB,2021-11-22,102.46
Barbados,BRB,2021-11-24,102.77
Barbados,BRB,2021-11-25,102.95
Barbados,BRB,2021-11-26,103.11
Barbados,BRB,2021-11-27,103.24
Barbados,BRB,2021-11-28,103.25
Barbados,BRB,2021-11-29,103.25
Barbados,BRB,2021-11-30,103.25
Barbados,BRB,2021-12-01,103.36
Barbados,BRB,2021-12-02,103.59
Barbados,BRB,2021-12-03,103.78
Barbados,BRB,2021-12-04,103.87
Barbados,BRB,2021-12-05,103.95
Barbados,BRB,2021-12-06,104.02
Barbados,BRB,2021-12-07,104.16
Barbados,BRB,2021-12-08,104.23
Barbados,BRB,2021-12-09,104.42
Barbados,BRB,2021-12-10,104.61
Barbados,BRB,2021-12-11,104.66
Barbados,BRB,2021-12-12,104.73
Barbados,BRB,2021-12-13,104.78
Barbados,BRB,2021-12-14,105.04
Barbados,BRB,2021-12-15,105.19
Barbados,BRB,2021-12-16,105.35
Barbados,BRB,2021-12-17,105.57
Barbados,BRB,2021-12-18,105.65
Barbados,BRB,2021-12-19,105.72
Barbados,BRB,2021-12-20,105.83
Barbados,BRB,2021-12-21,105.94
Barbados,BRB,2021-12-22,106.04
Barbados,BRB,2021-12-23,106.08
Barbados,BRB,2021-12-24,106.09
Barbados,BRB,2021-12-25,106.09
Barbados,BRB,2021-12-26,106.09
Barbados,BRB,2021-12-27,106.1
Barbados,BRB,2021-12-28,106.21
Barbados,BRB,2021-12-29,106.35
Barbados,BRB,2021-12-30,106.52
Barbados,BRB,2021-12-31,106.55
Barbados,BRB,2022-01-02,106.59
Barbados,BRB,2022-01-03,106.62
Barbados,BRB,2022-01-04,106.64
Barbados,BRB,2022-01-05,106.67
Barbados,BRB,2022-01-06,106.71
Barbados,BRB,2022-01-07,107.16
Barbados,BRB,2022-01-08,107.22
Barbados,BRB,2022-01-09,107.27
Barbados,BRB,2022-01-10,107.35
Barbados,BRB,2022-01-12,107.49
Barbados,BRB,2022-01-13,107.68
Barbados,BRB,2022-01-14,107.82
Barbados,BRB,2022-01-15,107.89
Barbados,BRB,2022-01-16,107.99
Barbados,BRB,2022-01-17,108.06
Barbados,BRB,2022-01-18,108.13
Barbados,BRB,2022-01-19,108.13
Barbados,BRB,2022-01-20,108.14
Barbados,BRB,2022-01-21,108.17
Barbados,BRB,2022-01-22,108.25
Barbados,BRB,2022-01-23,108.32
Barbados,BRB,2022-01-24,108.36
Barbados,BRB,2022-01-25,108.44
Barbados,BRB,2022-01-26,108.53
Barbados,BRB,2022-01-27,108.6
Barbados,BRB,2022-02-03,108.97
Barbados,BRB,2022-02-04,109.03
Barbados,BRB,2022-02-05,109.06
Barbados,BRB,2022-02-06,109.1
Barbados,BRB,2022-02-07,109.14
Barbados,BRB,2022-02-08,109.22
Barbados,BRB,2022-02-09,109.29
Barbados,BRB,2022-02-10,109.34
Barbados,BRB,2022-02-11,109.42
Barbados,BRB,2022-02-12,109.46
Barbados,BRB,2022-02-13,109.5
Barbados,BRB,2022-02-14,109.54
Barbados,BRB,2022-02-15,109.6
Barbados,BRB,2022-02-16,109.66
Barbados,BRB,2022-02-17,109.72
Barbados,BRB,2022-02-18,109.77
Barbados,BRB,2022-02-19,109.79
Barbados,BRB,2022-02-20,109.81
Barbados,BRB,2022-02-21,109.84
Barbados,BRB,2022-02-22,109.88
Barbados,BRB,2022-02-23,109.93
Barbados,BRB,2022-02-24,109.97
Barbados,BRB,2022-02-25,109.99
Barbados,BRB,2022-02-26,110.03
Barbados,BRB,2022-02-27,110.06
Barbados,BRB,2022-02-28,110.09
Barbados,BRB,2022-03-01,110.14
Barbados,BRB,2022-03-02,110.23
Barbados,BRB,2022-03-03,110.29
Barbados,BRB,2022-03-04,110.37
Barbados,BRB,2022-03-06,110.42
Barbados,BRB,2022-03-07,110.44
Barbados,BRB,2022-03-08,110.47
Barbados,BRB,2022-03-09,110.52
Barbados,BRB,2022-03-10,110.54
Barbados,BRB,2022-03-11,110.54
Barbados,BRB,2022-03-12,110.59
Barbados,BRB,2022-03-14,110.63
Barbados,BRB,2022-03-15,110.66
Barbados,BRB,2022-03-16,110.69
Barbados,BRB,2022-03-17,110.72
Barbados,BRB,2022-03-18,110.75
Barbados,BRB,2022-03-19,110.76
Barbados,BRB,2022-03-20,110.77
Barbados,BRB,2022-03-21,110.78
Barbados,BRB,2022-03-22,110.8
Barbados,BRB,2022-03-23,110.83
Barbados,BRB,2022-03-24,110.85
Barbados,BRB,2022-03-25,110.88
Barbados,BRB,2022-03-26,110.97
Barbados,BRB,2022-03-27,110.99
Barbados,BRB,2022-03-28,111
Barbados,BRB,2022-03-29,111.02
Barbados,BRB,2022-03-30,111.04
Barbados,BRB,2022-04-02,111.11
Barbados,BRB,2022-04-03,111.12
Barbados,BRB,2022-04-04,111.14
Barbados,BRB,2022-04-05,111.15
Barbados,BRB,2022-04-06,111.18
Barbados,BRB,2022-04-09,111.24
Barbados,BRB,2022-04-10,111.25
Barbados,BRB,2022-04-11,111.27
Barbados,BRB,2022-04-12,111.31
Barbados,BRB,2022-04-13,111.33
Barbados,BRB,2022-04-16,111.36
Barbados,BRB,2022-04-17,111.36
Barbados,BRB,2022-04-18,111.36
Barbados,BRB,2022-04-19,111.38
Barbados,BRB,2022-04-20,111.41
Barbados,BRB,2022-04-21,111.44
Barbados,BRB,2022-04-22,111.46
Barbados,BRB,2022-04-23,111.47
Barbados,BRB,2022-04-24,111.48
Barbados,BRB,2022-04-25,111.49
Barbados,BRB,2022-04-26,111.5
Barbados,BRB,2022-04-27,111.53
Barbados,BRB,2022-04-28,111.54
Barbados,BRB,2022-04-29,111.55
Barbados,BRB,2022-04-30,111.57
Barbados,BRB,2022-05-01,111.57
Barbados,BRB,2022-05-02,111.58
Barbados,BRB,2022-05-03,111.59
Barbados,BRB,2022-05-04,111.64
Barbados,BRB,2022-05-06,111.68
Barbados,BRB,2022-05-07,111.69
Barbados,BRB,2022-05-09,111.7
Barbados,BRB,2022-05-10,111.73
Barbados,BRB,2022-05-11,111.76
Barbados,BRB,2022-05-12,111.78
Barbados,BRB,2022-05-13,111.8
Barbados,BRB,2022-05-14,111.8
Barbados,BRB,2022-05-15,111.82
Barbados,BRB,2022-05-16,111.83
Barbados,BRB,2022-05-17,111.86
Barbados,BRB,2022-05-18,111.91
Barbados,BRB,2022-05-19,111.93
Barbados,BRB,2022-05-21,111.96
Barbados,BRB,2022-05-23,111.99
Barbados,BRB,2022-05-24,112.01
Barbados,BRB,2022-05-25,112.03
Barbados,BRB,2022-05-26,112.04
Barbados,BRB,2022-05-27,112.06
Barbados,BRB,2022-05-28,112.06
Barbados,BRB,2022-05-29,112.08
Barbados,BRB,2022-05-30,112.09
Barbados,BRB,2022-05-31,112.1
Barbados,BRB,2022-06-01,112.12
Barbados,BRB,2022-06-02,112.13
Barbados,BRB,2022-06-03,112.15
Barbados,BRB,2022-06-04,112.15
Barbados,BRB,2022-06-05,112.16
Barbados,BRB,2022-06-06,112.17
Barbados,BRB,2022-06-07,112.18
Barbados,BRB,2022-06-08,112.19
Barbados,BRB,2022-06-09,112.22
Barbados,BRB,2022-06-13,112.23
Barbados,BRB,2022-06-14,112.25
Barbados,BRB,2022-06-15,112.28
Barbados,BRB,2022-06-16,112.28
Barbados,BRB,2022-06-20,112.29
Barbados,BRB,2022-06-21,112.3
Barbados,BRB,2022-06-22,112.32
Barbados,BRB,2022-06-23,112.34
Barbados,BRB,2022-06-25,112.37
Barbados,BRB,2022-06-26,112.38
Barbados,BRB,2022-06-27,112.39
Barbados,BRB,2022-06-28,112.4
Barbados,BRB,2022-06-29,112.42
Barbados,BRB,2022-06-30,112.42
Barbados,BRB,2022-07-02,112.44
Barbados,BRB,2022-07-03,112.45
Barbados,BRB,2022-07-04,112.46
Barbados,BRB,2022-07-05,112.47
Barbados,BRB,2022-07-06,112.48
Barbados,BRB,2022-07-08,112.51
Barbados,BRB,2022-07-10,112.52
Barbados,BRB,2022-07-12,112.56
Barbados,BRB,2022-07-13,112.58
Barbados,BRB,2022-07-14,112.58
Barbados,BRB,2022-07-15,112.59
Barbados,BRB,2022-07-16,112.6
Barbados,BRB,2022-07-17,112.6
Barbados,BRB,2022-07-18,112.61
Barbados,BRB,2022-07-19,112.62
Barbados,BRB,2022-07-20,112.63
Barbados,BRB,2022-07-21,112.64
Barbados,BRB,2022-07-22,112.66
Barbados,BRB,2022-07-23,112.66
Barbados,BRB,2022-07-24,112.66
Barbados,BRB,2022-07-25,112.67
Barbados,BRB,2022-07-26,112.68
Barbados,BRB,2022-07-27,112.7
Barbados,BRB,2022-07-28,112.7
Barbados,BRB,2022-07-30,112.72
Barbados,BRB,2022-07-31,112.72
Belarus,BLR,2020-12-28,0
Belarus,BLR,2021-02-18,0.22
Belarus,BLR,2021-03-12,0.32
Belarus,BLR,2021-03-26,0.7
Belarus,BLR,2021-04-09,1.23
Belarus,BLR,2021-04-23,3.43
Belarus,BLR,2021-05-07,4.7
Belarus,BLR,2021-05-23,7.42
Belarus,BLR,2021-05-30,8.32
Belarus,BLR,2021-06-06,9.66
Belarus,BLR,2021-06-13,11.21
Belarus,BLR,2021-07-18,20.82
Belarus,BLR,2021-07-25,22.92
Belarus,BLR,2021-08-01,24.85
Belarus,BLR,2021-08-10,26.54
Belarus,BLR,2021-08-15,28.03
Belarus,BLR,2021-08-22,29.58
Belarus,BLR,2021-08-29,30.94
Belarus,BLR,2021-09-05,32.21
Belarus,BLR,2021-09-12,33.48
Belarus,BLR,2021-09-19,35.39
Belarus,BLR,2021-09-26,37.88
Belarus,BLR,2021-10-03,40.32
Belarus,BLR,2021-10-10,44.04
Belarus,BLR,2021-10-17,46.69
Belarus,BLR,2021-10-24,49.76
Belarus,BLR,2021-11-07,56.48
Belarus,BLR,2021-11-14,59.35
Belarus,BLR,2021-11-21,62.39
Belarus,BLR,2021-11-28,66.1
Belarus,BLR,2021-12-05,69.72
Belarus,BLR,2021-12-12,75.36
Belarus,BLR,2021-12-19,80.48
Belarus,BLR,2022-01-02,90.33
Belarus,BLR,2022-01-09,93.07
Belarus,BLR,2022-01-16,97.39
Belarus,BLR,2022-01-23,101.42
Belarus,BLR,2022-01-30,104.7
Belarus,BLR,2022-02-06,106.49
Belarus,BLR,2022-02-13,108.85
Belarus,BLR,2022-02-20,111.19
Belarus,BLR,2022-03-06,115.33
Belarus,BLR,2022-03-27,120.93
Belarus,BLR,2022-04-03,122.97
Belarus,BLR,2022-04-17,126.79
Belarus,BLR,2022-04-24,128.89
Belarus,BLR,2022-05-01,130.46
Belarus,BLR,2022-05-15,133.72
Belarus,BLR,2022-05-29,136.3
Belarus,BLR,2022-06-05,136.83
Belarus,BLR,2022-06-19,137.88
Belarus,BLR,2022-07-10,139.85
Belgium,BEL,2020-12-28,0
Belgium,BEL,2020-12-29,0
Belgium,BEL,2020-12-30,0.01
Belgium,BEL,2020-12-31,0.01
Belgium,BEL,2021-01-01,0.01
Belgium,BEL,2021-01-02,0.01
Belgium,BEL,2021-01-03,0.01
Belgium,BEL,2021-01-04,0.01
Belgium,BEL,2021-01-05,0.02
Belgium,BEL,2021-01-06,0.06
Belgium,BEL,2021-01-07,0.13
Belgium,BEL,2021-01-08,0.21
Belgium,BEL,2021-01-09,0.24
Belgium,BEL,2021-01-10,0.25
Belgium,BEL,2021-01-11,0.3
Belgium,BEL,2021-01-12,0.44
Belgium,BEL,2021-01-13,0.62
Belgium,BEL,2021-01-14,0.83
Belgium,BEL,2021-01-15,1.03
Belgium,BEL,2021-01-16,1.08
Belgium,BEL,2021-01-17,1.11
Belgium,BEL,2021-01-18,1.2
Belgium,BEL,2021-01-19,1.37
Belgium,BEL,2021-01-20,1.56
Belgium,BEL,2021-01-21,1.82
Belgium,BEL,2021-01-22,2.08
Belgium,BEL,2021-01-23,2.15
Belgium,BEL,2021-01-24,2.17
Belgium,BEL,2021-01-25,2.27
Belgium,BEL,2021-01-26,2.38
Belgium,BEL,2021-01-27,2.53
Belgium,BEL,2021-01-28,2.74
Belgium,BEL,2021-01-29,2.92
Belgium,BEL,2021-01-30,2.96
Belgium,BEL,2021-01-31,2.97
Belgium,BEL,2021-02-01,3.04
Belgium,BEL,2021-02-02,3.25
Belgium,BEL,2021-02-03,3.52
Belgium,BEL,2021-02-04,3.82
Belgium,BEL,2021-02-05,4.09
Belgium,BEL,2021-02-06,4.15
Belgium,BEL,2021-02-07,4.18
Belgium,BEL,2021-02-08,4.27
Belgium,BEL,2021-02-09,4.51
Belgium,BEL,2021-02-10,4.73
Belgium,BEL,2021-02-11,5.05
Belgium,BEL,2021-02-12,5.36
Belgium,BEL,2021-02-13,5.43
Belgium,BEL,2021-02-14,5.45
Belgium,BEL,2021-02-15,5.57
Belgium,BEL,2021-02-16,5.7
Belgium,BEL,2021-02-17,5.88
Belgium,BEL,2021-02-18,6.12
Belgium,BEL,2021-02-19,6.39
Belgium,BEL,2021-02-20,6.44
Belgium,BEL,2021-02-21,6.46
Belgium,BEL,2021-02-22,6.58
Belgium,BEL,2021-02-23,6.75
Belgium,BEL,2021-02-24,6.95
Belgium,BEL,2021-02-25,7.23
Belgium,BEL,2021-02-26,7.51
Belgium,BEL,2021-02-27,7.55
Belgium,BEL,2021-02-28,7.56
Belgium,BEL,2021-03-01,7.68
Belgium,BEL,2021-03-02,7.89
Belgium,BEL,2021-03-03,8.15
Belgium,BEL,2021-03-04,8.59
Belgium,BEL,2021-03-05,8.98
Belgium,BEL,2021-03-06,9.05
Belgium,BEL,2021-03-07,9.06
Belgium,BEL,2021-03-08,9.22
Belgium,BEL,2021-03-09,9.47
Belgium,BEL,2021-03-10,9.78
Belgium,BEL,2021-03-11,10.26
Belgium,BEL,2021-03-12,10.65
Belgium,BEL,2021-03-13,10.74
Belgium,BEL,2021-03-14,10.75
Belgium,BEL,2021-03-15,11.02
Belgium,BEL,2021-03-16,11.42
Belgium,BEL,2021-03-17,11.84
Belgium,BEL,2021-03-18,12.49
Belgium,BEL,2021-03-19,13.08
Belgium,BEL,2021-03-20,13.28
Belgium,BEL,2021-03-21,13.29
Belgium,BEL,2021-03-22,13.57
Belgium,BEL,2021-03-23,13.99
Belgium,BEL,2021-03-24,14.53
Belgium,BEL,2021-03-25,15.21
Belgium,BEL,2021-03-26,15.82
Belgium,BEL,2021-03-27,16.02
Belgium,BEL,2021-03-28,16.04
Belgium,BEL,2021-03-29,16.25
Belgium,BEL,2021-03-30,16.53
Belgium,BEL,2021-03-31,17.27
Belgium,BEL,2021-04-01,18.15
Belgium,BEL,2021-04-02,18.87
Belgium,BEL,2021-04-03,19.05
Belgium,BEL,2021-04-04,19.05
Belgium,BEL,2021-04-05,19.18
Belgium,BEL,2021-04-06,19.59
Belgium,BEL,2021-04-07,20.01
Belgium,BEL,2021-04-08,21.11
Belgium,BEL,2021-04-09,22.28
Belgium,BEL,2021-04-10,22.88
Belgium,BEL,2021-04-11,22.91
Belgium,BEL,2021-04-12,23.34
Belgium,BEL,2021-04-13,23.97
Belgium,BEL,2021-04-14,24.84
Belgium,BEL,2021-04-15,25.81
Belgium,BEL,2021-04-16,26.62
Belgium,BEL,2021-04-17,27.12
Belgium,BEL,2021-04-18,27.18
Belgium,BEL,2021-04-19,27.71
Belgium,BEL,2021-04-20,28.15
Belgium,BEL,2021-04-21,28.94
Belgium,BEL,2021-04-22,29.78
Belgium,BEL,2021-04-23,30.41
Belgium,BEL,2021-04-24,30.81
Belgium,BEL,2021-04-25,30.87
Belgium,BEL,2021-04-26,31.42
Belgium,BEL,2021-04-27,31.88
Belgium,BEL,2021-04-28,32.7
Belgium,BEL,2021-04-29,33.62
Belgium,BEL,2021-04-30,34.34
Belgium,BEL,2021-05-01,34.75
Belgium,BEL,2021-05-02,34.78
Belgium,BEL,2021-05-03,35.46
Belgium,BEL,2021-05-04,36.19
Belgium,BEL,2021-05-05,37.53
Belgium,BEL,2021-05-06,38.93
Belgium,BEL,2021-05-07,40.28
Belgium,BEL,2021-05-08,41.06
Belgium,BEL,2021-05-09,41.13
Belgium,BEL,2021-05-10,41.86
Belgium,BEL,2021-05-11,42.46
Belgium,BEL,2021-05-12,43.27
Belgium,BEL,2021-05-13,44.3
Belgium,BEL,2021-05-14,45.56
Belgium,BEL,2021-05-15,46.32
Belgium,BEL,2021-05-16,46.38
Belgium,BEL,2021-05-17,47.32
Belgium,BEL,2021-05-18,48.47
Belgium,BEL,2021-05-19,49.7
Belgium,BEL,2021-05-20,50.97
Belgium,BEL,2021-05-21,52.09
Belgium,BEL,2021-05-22,52.86
Belgium,BEL,2021-05-23,52.94
Belgium,BEL,2021-05-24,53.48
Belgium,BEL,2021-05-25,54.35
Belgium,BEL,2021-05-26,55.42
Belgium,BEL,2021-05-27,56.63
Belgium,BEL,2021-05-28,57.6
Belgium,BEL,2021-05-29,58.39
Belgium,BEL,2021-05-30,58.5
Belgium,BEL,2021-05-31,59.54
Belgium,BEL,2021-06-01,60.44
Belgium,BEL,2021-06-02,61.89
Belgium,BEL,2021-06-03,63.51
Belgium,BEL,2021-06-04,64.84
Belgium,BEL,2021-06-05,66.04
Belgium,BEL,2021-06-06,66.31
Belgium,BEL,2021-06-07,67.77
Belgium,BEL,2021-06-08,69.06
Belgium,BEL,2021-06-09,70.77
Belgium,BEL,2021-06-10,72.45
Belgium,BEL,2021-06-11,74.15
Belgium,BEL,2021-06-12,75.39
Belgium,BEL,2021-06-13,75.6
Belgium,BEL,2021-06-14,76.93
Belgium,BEL,2021-06-15,78.24
Belgium,BEL,2021-06-16,79.83
Belgium,BEL,2021-06-17,81.47
Belgium,BEL,2021-06-18,83.14
Belgium,BEL,2021-06-19,84.23
Belgium,BEL,2021-06-20,84.51
Belgium,BEL,2021-06-21,85.53
Belgium,BEL,2021-06-22,86.48
Belgium,BEL,2021-06-23,88.07
Belgium,BEL,2021-06-24,89.64
Belgium,BEL,2021-06-25,91.07
Belgium,BEL,2021-06-26,92.07
Belgium,BEL,2021-06-27,92.37
Belgium,BEL,2021-06-28,93.41
Belgium,BEL,2021-06-29,94.47
Belgium,BEL,2021-06-30,95.55
Belgium,BEL,2021-07-01,96.74
Belgium,BEL,2021-07-02,97.73
Belgium,BEL,2021-07-03,98.5
Belgium,BEL,2021-07-04,98.63
Belgium,BEL,2021-07-05,99.67
Belgium,BEL,2021-07-06,100.67
Belgium,BEL,2021-07-07,102.06
Belgium,BEL,2021-07-08,103.49
Belgium,BEL,2021-07-09,104.77
Belgium,BEL,2021-07-10,105.89
Belgium,BEL,2021-07-11,106.16
Belgium,BEL,2021-07-12,107.42
Belgium,BEL,2021-07-13,108.44
Belgium,BEL,2021-07-14,109.72
Belgium,BEL,2021-07-15,110.89
Belgium,BEL,2021-07-16,112.09
Belgium,BEL,2021-07-17,112.97
Belgium,BEL,2021-07-18,113.1
Belgium,BEL,2021-07-19,114.22
Belgium,BEL,2021-07-20,115.28
Belgium,BEL,2021-07-21,116.15
Belgium,BEL,2021-07-22,117.75
Belgium,BEL,2021-07-23,119.16
Belgium,BEL,2021-07-24,120.01
Belgium,BEL,2021-07-25,120.13
Belgium,BEL,2021-07-26,121.15
Belgium,BEL,2021-07-27,122.11
Belgium,BEL,2021-07-28,123.48
Belgium,BEL,2021-07-29,124.76
Belgium,BEL,2021-07-30,125.99
Belgium,BEL,2021-07-31,126.74
Belgium,BEL,2021-08-01,126.84
Belgium,BEL,2021-08-02,127.77
Belgium,BEL,2021-08-03,128.57
Belgium,BEL,2021-08-04,129.59
Belgium,BEL,2021-08-05,130.59
Belgium,BEL,2021-08-06,131.56
Belgium,BEL,2021-08-07,132.07
Belgium,BEL,2021-08-08,132.13
Belgium,BEL,2021-08-09,132.74
Belgium,BEL,2021-08-10,133.44
Belgium,BEL,2021-08-11,134.11
Belgium,BEL,2021-08-12,134.77
Belgium,BEL,2021-08-13,135.3
Belgium,BEL,2021-08-14,135.54
Belgium,BEL,2021-08-15,135.55
Belgium,BEL,2021-08-16,135.9
Belgium,BEL,2021-08-17,136.3
Belgium,BEL,2021-08-18,136.75
Belgium,BEL,2021-08-19,137.17
Belgium,BEL,2021-08-20,137.54
Belgium,BEL,2021-08-21,137.76
Belgium,BEL,2021-08-22,137.79
Belgium,BEL,2021-08-23,138.14
Belgium,BEL,2021-08-24,138.48
Belgium,BEL,2021-08-25,138.86
Belgium,BEL,2021-08-26,139.29
Belgium,BEL,2021-08-27,139.63
Belgium,BEL,2021-08-28,139.93
Belgium,BEL,2021-08-29,139.94
Belgium,BEL,2021-08-30,140.22
Belgium,BEL,2021-08-31,140.56
Belgium,BEL,2021-09-01,140.75
Belgium,BEL,2021-09-02,140.9
Belgium,BEL,2021-09-03,141.11
Belgium,BEL,2021-09-04,141.38
Belgium,BEL,2021-09-05,141.39
Belgium,BEL,2021-09-06,141.45
Belgium,BEL,2021-09-07,141.53
Belgium,BEL,2021-09-08,141.76
Belgium,BEL,2021-09-09,141.86
Belgium,BEL,2021-09-10,142.02
Belgium,BEL,2021-09-11,142.22
Belgium,BEL,2021-09-12,142.23
Belgium,BEL,2021-09-13,142.31
Belgium,BEL,2021-09-14,142.35
Belgium,BEL,2021-09-15,142.5
Belgium,BEL,2021-09-16,142.63
Belgium,BEL,2021-09-17,142.82
Belgium,BEL,2021-09-18,143.06
Belgium,BEL,2021-09-19,143.07
Belgium,BEL,2021-09-20,143.14
Belgium,BEL,2021-09-21,143.28
Belgium,BEL,2021-09-22,143.55
Belgium,BEL,2021-09-23,143.72
Belgium,BEL,2021-09-24,143.95
Belgium,BEL,2021-09-25,144.3
Belgium,BEL,2021-09-26,144.31
Belgium,BEL,2021-09-27,144.44
Belgium,BEL,2021-09-28,144.64
Belgium,BEL,2021-09-29,145.02
Belgium,BEL,2021-09-30,145.27
Belgium,BEL,2021-10-01,145.53
Belgium,BEL,2021-10-02,145.78
Belgium,BEL,2021-10-03,145.79
Belgium,BEL,2021-10-04,145.91
Belgium,BEL,2021-10-05,146.08
Belgium,BEL,2021-10-06,146.44
Belgium,BEL,2021-10-07,146.84
Belgium,BEL,2021-10-08,147.19
Belgium,BEL,2021-10-09,147.43
Belgium,BEL,2021-10-10,147.44
Belgium,BEL,2021-10-11,147.62
Belgium,BEL,2021-10-12,147.92
Belgium,BEL,2021-10-13,148.3
Belgium,BEL,2021-10-14,148.65
Belgium,BEL,2021-10-15,148.94
Belgium,BEL,2021-10-16,149.13
Belgium,BEL,2021-10-17,149.14
Belgium,BEL,2021-10-18,149.24
Belgium,BEL,2021-10-19,149.44
Belgium,BEL,2021-10-20,149.72
Belgium,BEL,2021-10-21,150.03
Belgium,BEL,2021-10-22,150.3
Belgium,BEL,2021-10-23,150.45
Belgium,BEL,2021-10-24,150.46
Belgium,BEL,2021-10-25,150.6
Belgium,BEL,2021-10-26,150.86
Belgium,BEL,2021-10-27,151.18
Belgium,BEL,2021-10-28,151.51
Belgium,BEL,2021-10-29,151.78
Belgium,BEL,2021-10-30,151.92
Belgium,BEL,2021-10-31,151.93
Belgium,BEL,2021-11-01,151.94
Belgium,BEL,2021-11-02,152.1
Belgium,BEL,2021-11-03,152.38
Belgium,BEL,2021-11-04,152.64
Belgium,BEL,2021-11-05,152.89
Belgium,BEL,2021-11-06,153.05
Belgium,BEL,2021-11-07,153.07
Belgium,BEL,2021-11-08,153.25
Belgium,BEL,2021-11-09,153.52
Belgium,BEL,2021-11-10,153.93
Belgium,BEL,2021-11-11,153.99
Belgium,BEL,2021-11-12,154.26
Belgium,BEL,2021-11-13,154.45
Belgium,BEL,2021-11-14,154.45
Belgium,BEL,2021-11-15,154.72
Belgium,BEL,2021-11-16,155.17
Belgium,BEL,2021-11-17,155.83
Belgium,BEL,2021-11-18,156.42
Belgium,BEL,2021-11-19,156.96
Belgium,BEL,2021-11-20,157.23
Belgium,BEL,2021-11-21,157.24
Belgium,BEL,2021-11-22,157.67
Belgium,BEL,2021-11-23,158.42
Belgium,BEL,2021-11-24,159.34
Belgium,BEL,2021-11-25,160.39
Belgium,BEL,2021-11-26,161.24
Belgium,BEL,2021-11-27,161.59
Belgium,BEL,2021-11-28,161.62
Belgium,BEL,2021-11-29,162.31
Belgium,BEL,2021-11-30,163.23
Belgium,BEL,2021-12-01,164.3
Belgium,BEL,2021-12-02,165.38
Belgium,BEL,2021-12-03,166.38
Belgium,BEL,2021-12-04,166.84
Belgium,BEL,2021-12-05,166.88
Belgium,BEL,2021-12-06,167.6
Belgium,BEL,2021-12-07,168.59
Belgium,BEL,2021-12-08,169.64
Belgium,BEL,2021-12-09,170.8
Belgium,BEL,2021-12-10,171.81
Belgium,BEL,2021-12-11,172.36
Belgium,BEL,2021-12-12,172.41
Belgium,BEL,2021-12-13,173.32
Belgium,BEL,2021-12-14,174.44
Belgium,BEL,2021-12-15,175.56
Belgium,BEL,2021-12-16,176.76
Belgium,BEL,2021-12-17,177.95
Belgium,BEL,2021-12-18,178.6
Belgium,BEL,2021-12-19,178.72
Belgium,BEL,2021-12-20,179.97
Belgium,BEL,2021-12-21,181.52
Belgium,BEL,2021-12-22,183
Belgium,BEL,2021-12-23,184.18
Belgium,BEL,2021-12-24,184.3
Belgium,BEL,2021-12-25,184.3
Belgium,BEL,2021-12-26,184.31
Belgium,BEL,2021-12-27,184.96
Belgium,BEL,2021-12-28,185.74
Belgium,BEL,2021-12-29,186.55
Belgium,BEL,2021-12-30,187.03
Belgium,BEL,2021-12-31,187.07
Belgium,BEL,2022-01-01,187.07
Belgium,BEL,2022-01-02,187.07
Belgium,BEL,2022-01-03,188.15
Belgium,BEL,2022-01-04,189.43
Belgium,BEL,2022-01-05,190.85
Belgium,BEL,2022-01-06,192.24
Belgium,BEL,2022-01-07,193.61
Belgium,BEL,2022-01-08,194.41
Belgium,BEL,2022-01-09,194.66
Belgium,BEL,2022-01-10,195.75
Belgium,BEL,2022-01-11,197.01
Belgium,BEL,2022-01-12,198.23
Belgium,BEL,2022-01-13,199.41
Belgium,BEL,2022-01-14,200.48
Belgium,BEL,2022-01-15,201.24
Belgium,BEL,2022-01-16,201.43
Belgium,BEL,2022-01-17,202.19
Belgium,BEL,2022-01-18,202.97
Belgium,BEL,2022-01-19,203.77
Belgium,BEL,2022-01-20,204.44
Belgium,BEL,2022-01-21,205.07
Belgium,BEL,2022-01-22,205.61
Belgium,BEL,2022-01-23,205.69
Belgium,BEL,2022-01-24,206.15
Belgium,BEL,2022-01-25,206.53
Belgium,BEL,2022-01-26,207.06
Belgium,BEL,2022-01-27,207.43
Belgium,BEL,2022-01-28,207.83
Belgium,BEL,2022-01-29,208.23
Belgium,BEL,2022-01-30,208.28
Belgium,BEL,2022-01-31,208.49
Belgium,BEL,2022-02-01,208.76
Belgium,BEL,2022-02-02,209.21
Belgium,BEL,2022-02-03,209.47
Belgium,BEL,2022-02-04,209.74
Belgium,BEL,2022-02-05,210.13
Belgium,BEL,2022-02-06,210.21
Belgium,BEL,2022-02-07,210.33
Belgium,BEL,2022-02-08,210.52
Belgium,BEL,2022-02-09,211.06
Belgium,BEL,2022-02-10,211.39
Belgium,BEL,2022-02-11,211.71
Belgium,BEL,2022-02-12,212.22
Belgium,BEL,2022-02-13,212.32
Belgium,BEL,2022-02-14,212.42
Belgium,BEL,2022-02-15,212.6
Belgium,BEL,2022-02-16,213.23
Belgium,BEL,2022-02-17,213.47
Belgium,BEL,2022-02-18,213.65
Belgium,BEL,2022-02-19,214.02
Belgium,BEL,2022-02-20,214.06
Belgium,BEL,2022-02-21,214.19
Belgium,BEL,2022-02-22,214.46
Belgium,BEL,2022-02-23,214.95
Belgium,BEL,2022-02-24,215.26
Belgium,BEL,2022-02-25,215.51
Belgium,BEL,2022-02-26,215.74
Belgium,BEL,2022-02-27,215.76
Belgium,BEL,2022-02-28,215.81
Belgium,BEL,2022-03-01,215.88
Belgium,BEL,2022-03-02,216.08
Belgium,BEL,2022-03-03,216.16
Belgium,BEL,2022-03-04,216.23
Belgium,BEL,2022-03-05,216.33
Belgium,BEL,2022-03-06,216.33
Belgium,BEL,2022-03-07,216.37
Belgium,BEL,2022-03-08,216.42
Belgium,BEL,2022-03-09,216.69
Belgium,BEL,2022-03-10,216.74
Belgium,BEL,2022-03-11,216.77
Belgium,BEL,2022-03-12,216.85
Belgium,BEL,2022-03-13,216.87
Belgium,BEL,2022-03-14,216.88
Belgium,BEL,2022-03-15,216.92
Belgium,BEL,2022-03-16,217.08
Belgium,BEL,2022-03-17,217.13
Belgium,BEL,2022-03-18,217.17
Belgium,BEL,2022-03-19,217.23
Belgium,BEL,2022-03-20,217.23
Belgium,BEL,2022-03-21,217.25
Belgium,BEL,2022-03-22,217.28
Belgium,BEL,2022-03-23,217.4
Belgium,BEL,2022-03-24,217.43
Belgium,BEL,2022-03-25,217.47
Belgium,BEL,2022-03-26,217.52
Belgium,BEL,2022-03-27,217.52
Belgium,BEL,2022-03-28,217.54
Belgium,BEL,2022-03-29,217.56
Belgium,BEL,2022-03-30,217.71
Belgium,BEL,2022-03-31,217.74
Belgium,BEL,2022-04-01,217.75
Belgium,BEL,2022-04-02,217.77
Belgium,BEL,2022-04-03,217.77
Belgium,BEL,2022-04-04,217.77
Belgium,BEL,2022-04-05,217.78
Belgium,BEL,2022-04-06,217.82
Belgium,BEL,2022-04-07,217.83
Belgium,BEL,2022-04-08,217.85
Belgium,BEL,2022-04-09,217.87
Belgium,BEL,2022-04-10,217.87
Belgium,BEL,2022-04-11,217.88
Belgium,BEL,2022-04-12,217.89
Belgium,BEL,2022-04-13,217.91
Belgium,BEL,2022-04-14,217.92
Belgium,BEL,2022-04-15,217.94
Belgium,BEL,2022-04-16,217.95
Belgium,BEL,2022-04-17,217.95
Belgium,BEL,2022-04-18,217.95
Belgium,BEL,2022-04-19,217.97
Belgium,BEL,2022-04-20,218
Belgium,BEL,2022-04-21,218.02
Belgium,BEL,2022-04-22,218.04
Belgium,BEL,2022-04-23,218.06
Belgium,BEL,2022-04-24,218.06
Belgium,BEL,2022-04-25,218.06
Belgium,BEL,2022-04-26,218.08
Belgium,BEL,2022-04-27,218.11
Belgium,BEL,2022-04-28,218.12
Belgium,BEL,2022-04-29,218.14
Belgium,BEL,2022-04-30,218.15
Belgium,BEL,2022-05-01,218.15
Belgium,BEL,2022-05-02,218.16
Belgium,BEL,2022-05-03,218.16
Belgium,BEL,2022-05-04,218.18
Belgium,BEL,2022-05-05,218.19
Belgium,BEL,2022-05-06,218.21
Belgium,BEL,2022-05-07,218.22
Belgium,BEL,2022-05-08,218.22
Belgium,BEL,2022-05-09,218.22
Belgium,BEL,2022-05-10,218.23
Belgium,BEL,2022-05-11,218.26
Belgium,BEL,2022-05-12,218.26
Belgium,BEL,2022-05-13,218.28
Belgium,BEL,2022-05-14,218.29
Belgium,BEL,2022-05-15,218.29
Belgium,BEL,2022-05-16,218.29
Belgium,BEL,2022-05-17,218.3
Belgium,BEL,2022-05-18,218.33
Belgium,BEL,2022-05-19,218.36
Belgium,BEL,2022-05-20,218.38
Belgium,BEL,2022-05-21,218.39
Belgium,BEL,2022-05-22,218.39
Belgium,BEL,2022-05-23,218.41
Belgium,BEL,2022-05-24,218.48
Belgium,BEL,2022-05-25,218.56
Belgium,BEL,2022-05-26,218.56
Belgium,BEL,2022-05-27,218.59
Belgium,BEL,2022-05-28,218.6
Belgium,BEL,2022-05-29,218.6
Belgium,BEL,2022-05-30,218.68
Belgium,BEL,2022-05-31,218.85
Belgium,BEL,2022-06-01,219.03
Belgium,BEL,2022-06-02,219.18
Belgium,BEL,2022-06-03,219.28
Belgium,BEL,2022-06-04,219.31
Belgium,BEL,2022-06-05,219.31
Belgium,BEL,2022-06-06,219.32
Belgium,BEL,2022-06-07,219.5
Belgium,BEL,2022-06-08,219.7
Belgium,BEL,2022-06-09,219.86
Belgium,BEL,2022-06-10,219.98
Belgium,BEL,2022-06-11,220.03
Belgium,BEL,2022-06-12,220.04
Belgium,BEL,2022-06-13,220.1
Belgium,BEL,2022-06-14,220.21
Belgium,BEL,2022-06-15,220.37
Belgium,BEL,2022-06-16,220.48
Belgium,BEL,2022-06-17,220.56
Belgium,BEL,2022-06-18,220.61
Belgium,BEL,2022-06-19,220.62
Belgium,BEL,2022-06-20,220.66
Belgium,BEL,2022-06-21,220.73
Belgium,BEL,2022-06-22,220.85
Belgium,BEL,2022-06-23,220.94
Belgium,BEL,2022-06-24,220.99
Belgium,BEL,2022-06-25,221.01
Belgium,BEL,2022-06-26,221.01
Belgium,BEL,2022-06-27,221.03
Belgium,BEL,2022-06-28,221.06
Belgium,BEL,2022-06-29,221.12
Belgium,BEL,2022-06-30,221.15
Belgium,BEL,2022-07-01,221.18
Belgium,BEL,2022-07-02,221.2
Belgium,BEL,2022-07-03,221.2
Belgium,BEL,2022-07-04,221.21
Belgium,BEL,2022-07-05,221.23
Belgium,BEL,2022-07-06,221.27
Belgium,BEL,2022-07-07,221.28
Belgium,BEL,2022-07-08,221.31
Belgium,BEL,2022-07-09,221.33
Belgium,BEL,2022-07-10,221.33
Belgium,BEL,2022-07-11,221.34
Belgium,BEL,2022-07-12,221.35
Belgium,BEL,2022-07-13,221.39
Belgium,BEL,2022-07-14,221.41
Belgium,BEL,2022-07-15,221.44
Belgium,BEL,2022-07-16,221.45
Belgium,BEL,2022-07-17,221.45
Belgium,BEL,2022-07-18,221.46
Belgium,BEL,2022-07-19,221.47
Belgium,BEL,2022-07-20,221.49
Belgium,BEL,2022-07-21,221.49
Belgium,BEL,2022-07-22,221.5
Belgium,BEL,2022-07-23,221.51
Belgium,BEL,2022-07-24,221.51
Belgium,BEL,2022-07-25,221.52
Belgium,BEL,2022-07-26,221.54
Belgium,BEL,2022-07-27,221.55
Belgium,BEL,2022-07-28,221.57
Belgium,BEL,2022-07-29,221.58
Belgium,BEL,2022-07-30,221.59
Belize,BLZ,2021-02-28,0
Belize,BLZ,2021-03-02,0.1
Belize,BLZ,2021-03-03,0.17
Belize,BLZ,2021-03-04,0.2
Belize,BLZ,2021-03-05,0.25
Belize,BLZ,2021-03-09,0.37
Belize,BLZ,2021-03-10,0.62
Belize,BLZ,2021-03-11,1.23
Belize,BLZ,2021-03-12,1.86
Belize,BLZ,2021-03-15,2.4
Belize,BLZ,2021-03-16,2.74
Belize,BLZ,2021-03-17,2.99
Belize,BLZ,2021-03-18,3.29
Belize,BLZ,2021-03-19,3.75
Belize,BLZ,2021-03-22,4.05
Belize,BLZ,2021-03-23,4.32
Belize,BLZ,2021-03-24,4.55
Belize,BLZ,2021-03-26,5.1
Belize,BLZ,2021-03-31,5.52
Belize,BLZ,2021-04-07,5.99
Belize,BLZ,2021-04-09,6.84
Belize,BLZ,2021-04-12,7.05
Belize,BLZ,2021-04-13,7.48
Belize,BLZ,2021-04-15,8.29
Belize,BLZ,2021-04-16,8.56
Belize,BLZ,2021-04-20,9
Belize,BLZ,2021-04-21,9.27
Belize,BLZ,2021-04-22,9.54
Belize,BLZ,2021-04-23,9.83
Belize,BLZ,2021-04-27,10.25
Belize,BLZ,2021-04-28,10.52
Belize,BLZ,2021-05-03,11.14
Belize,BLZ,2021-05-05,11.52
Belize,BLZ,2021-05-06,11.66
Belize,BLZ,2021-05-07,11.92
Belize,BLZ,2021-05-11,12.34
Belize,BLZ,2021-05-12,12.57
Belize,BLZ,2021-05-14,13.19
Belize,BLZ,2021-05-17,13.37
Belize,BLZ,2021-05-18,16.1
Belize,BLZ,2021-05-19,16.6
Belize,BLZ,2021-05-21,17.64
Belize,BLZ,2021-05-25,17.98
Belize,BLZ,2021-05-27,18.5
Belize,BLZ,2021-05-28,18.81
Belize,BLZ,2021-06-01,19.2
Belize,BLZ,2021-06-02,19.4
Belize,BLZ,2021-06-03,19.63
Belize,BLZ,2021-06-04,20.03
Belize,BLZ,2021-06-11,22.14
Belize,BLZ,2021-06-15,23.36
Belize,BLZ,2021-06-16,23.86
Belize,BLZ,2021-06-17,24.35
Belize,BLZ,2021-06-23,26.5
Belize,BLZ,2021-07-01,29.74
Belize,BLZ,2021-07-02,30.97
Belize,BLZ,2021-07-05,31.99
Belize,BLZ,2021-07-06,32.98
Belize,BLZ,2021-07-07,34.04
Belize,BLZ,2021-07-08,34.88
Belize,BLZ,2021-07-13,36.77
Belize,BLZ,2021-07-15,38.21
Belize,BLZ,2021-07-16,38.97
Belize,BLZ,2021-07-19,39.59
Belize,BLZ,2021-07-20,40.07
Belize,BLZ,2021-07-22,41.32
Belize,BLZ,2021-07-23,42.02
Belize,BLZ,2021-07-26,43.26
Belize,BLZ,2021-07-27,43.93
Belize,BLZ,2021-07-28,43.93
Belize,BLZ,2021-07-29,44.61
Belize,BLZ,2021-07-30,45.89
Belize,BLZ,2021-08-03,46.7
Belize,BLZ,2021-08-04,47.35
Belize,BLZ,2021-08-05,48.05
Belize,BLZ,2021-08-06,48.64
Belize,BLZ,2021-08-09,49.5
Belize,BLZ,2021-08-10,50.13
Belize,BLZ,2021-08-11,50.7
Belize,BLZ,2021-08-12,51.28
Belize,BLZ,2021-08-13,52.12
Belize,BLZ,2021-08-16,52.74
Belize,BLZ,2021-08-17,53.09
Belize,BLZ,2021-08-18,53.48
Belize,BLZ,2021-08-20,54.34
Belize,BLZ,2021-08-30,59.37
Belize,BLZ,2021-09-03,61.79
Belize,BLZ,2021-09-06,62.33
Belize,BLZ,2021-09-07,62.82
Belize,BLZ,2021-09-09,63.96
Belize,BLZ,2021-09-13,64.36
Belize,BLZ,2021-09-14,65.29
Belize,BLZ,2021-09-16,68.92
Belize,BLZ,2021-09-20,72.36
Belize,BLZ,2021-09-22,73.41
Belize,BLZ,2021-09-23,74.58
Belize,BLZ,2021-09-24,76.05
Belize,BLZ,2021-09-28,78.95
Belize,BLZ,2021-09-29,80.31
Belize,BLZ,2021-10-01,83.08
Belize,BLZ,2021-10-04,84.43
Belize,BLZ,2021-10-06,86.11
Belize,BLZ,2021-10-29,96.1
Belize,BLZ,2021-11-05,97.95
Belize,BLZ,2021-11-12,99.53
Belize,BLZ,2021-11-19,100.87
Belize,BLZ,2021-11-29,101.93
Belize,BLZ,2021-12-03,102.99
Belize,BLZ,2021-12-10,104.21
Belize,BLZ,2021-12-17,105.36
Belize,BLZ,2021-12-23,106.15
Belize,BLZ,2022-01-07,107.42
Belize,BLZ,2022-01-14,108.86
Belize,BLZ,2022-01-21,110.04
Belize,BLZ,2022-01-28,111.41
Belize,BLZ,2022-02-04,112.48
Belize,BLZ,2022-02-11,113.33
Belize,BLZ,2022-02-18,113.86
Belize,BLZ,2022-02-25,114.58
Belize,BLZ,2022-03-04,115.2
Belize,BLZ,2022-03-11,115.72
Belize,BLZ,2022-03-18,116.31
Belize,BLZ,2022-03-25,116.8
Belize,BLZ,2022-04-01,117.16
Belize,BLZ,2022-04-15,117.75
Belize,BLZ,2022-04-22,117.89
Belize,BLZ,2022-04-29,118.1
Belize,BLZ,2022-05-06,118.28
Belize,BLZ,2022-05-13,118.52
Belize,BLZ,2022-05-20,118.78
Belize,BLZ,2022-06-03,119.14
Belize,BLZ,2022-06-08,119.51
Belize,BLZ,2022-06-10,119.59
Belize,BLZ,2022-06-17,121.76
Belize,BLZ,2022-06-24,122.37
Belize,BLZ,2022-07-08,123.43
Belize,BLZ,2022-07-15,123.72
Belize,BLZ,2022-07-22,123.88
Belize,BLZ,2022-07-29,124.01
Benin,BEN,2021-05-12,0.08
Benin,BEN,2021-05-21,0.1
Benin,BEN,2021-06-08,0.2
Benin,BEN,2021-06-28,0.35
Benin,BEN,2021-07-12,0.4
Benin,BEN,2021-07-24,0.45
Benin,BEN,2021-08-03,0.54
Benin,BEN,2021-08-16,0.56
Benin,BEN,2021-08-25,0.91
Benin,BEN,2021-09-01,1.09
Benin,BEN,2021-09-09,1.34
Benin,BEN,2021-09-15,1.34
Benin,BEN,2021-10-12,1.94
Benin,BEN,2021-10-28,2.14
Benin,BEN,2021-11-02,2.39
Benin,BEN,2021-11-08,2.67
Benin,BEN,2021-11-19,2.95
Benin,BEN,2021-11-30,6.37
Benin,BEN,2021-12-09,8.81
Benin,BEN,2021-12-12,10.97
Benin,BEN,2021-12-21,12.53
Benin,BEN,2021-12-27,13.65
Benin,BEN,2022-01-03,14.6
Benin,BEN,2022-01-18,16.45
Benin,BEN,2022-02-04,18.4
Benin,BEN,2022-02-22,21.46
Benin,BEN,2022-03-08,23.55
Benin,BEN,2022-04-07,23.95
Benin,BEN,2022-04-26,25.65
Benin,BEN,2022-05-01,25.65
Benin,BEN,2022-05-08,25.65
Benin,BEN,2022-05-22,27.85
Benin,BEN,2022-06-19,28.33
Benin,BEN,2022-07-03,28.33
Bermuda,BMU,2021-01-10,0
Bermuda,BMU,2021-01-16,2.59
Bermuda,BMU,2021-01-23,4.57
Bermuda,BMU,2021-01-30,7.63
Bermuda,BMU,2021-02-06,14.17
Bermuda,BMU,2021-02-09,15.58
Bermuda,BMU,2021-02-15,20.5
Bermuda,BMU,2021-02-22,26.6
Bermuda,BMU,2021-02-27,32.26
Bermuda,BMU,2021-03-01,33.32
Bermuda,BMU,2021-03-03,37.3
Bermuda,BMU,2021-03-10,43.2
Bermuda,BMU,2021-03-15,47.49
Bermuda,BMU,2021-03-22,53.29
Bermuda,BMU,2021-03-27,58.87
Bermuda,BMU,2021-04-04,64.11
Bermuda,BMU,2021-04-10,71.3
Bermuda,BMU,2021-04-19,81.54
Bermuda,BMU,2021-04-26,87.1
Bermuda,BMU,2021-05-02,90.66
Bermuda,BMU,2021-05-12,99.7
Bermuda,BMU,2021-05-17,103.71
Bermuda,BMU,2021-05-24,107.22
Bermuda,BMU,2021-05-31,110.8
Bermuda,BMU,2021-06-05,114.83
Bermuda,BMU,2021-06-07,116.62
Bermuda,BMU,2021-06-14,119.75
Bermuda,BMU,2021-06-25,122.17
Bermuda,BMU,2021-06-29,125.76
Bermuda,BMU,2021-07-03,127.51
Bermuda,BMU,2021-07-16,127.83
Bermuda,BMU,2021-07-23,128.48
Bermuda,BMU,2021-07-30,129.11
Bermuda,BMU,2021-08-06,129.28
Bermuda,BMU,2021-08-13,129.78
Bermuda,BMU,2021-08-20,130.91
Bermuda,BMU,2021-08-27,132.04
Bermuda,BMU,2021-09-03,133.08
Bermuda,BMU,2021-09-10,133.85
Bermuda,BMU,2021-09-17,134.29
Bermuda,BMU,2021-09-24,135.04
Bermuda,BMU,2021-10-01,135.88
Bermuda,BMU,2021-10-08,136.67
Bermuda,BMU,2021-10-15,137.75
Bermuda,BMU,2021-10-22,138.71
Bermuda,BMU,2021-10-29,144.54
Bermuda,BMU,2021-11-05,157.89
Bermuda,BMU,2021-12-10,165.96
Bermuda,BMU,2021-12-17,171.89
Bermuda,BMU,2021-12-29,175.58
Bermuda,BMU,2022-01-05,177.99
Bermuda,BMU,2022-01-14,179.83
Bermuda,BMU,2022-01-19,180.14
Bermuda,BMU,2022-01-28,187.79
Bermuda,BMU,2022-02-04,189.75
Bermuda,BMU,2022-02-11,191.76
Bermuda,BMU,2022-02-18,192.77
Bermuda,BMU,2022-02-25,193.72
Bermuda,BMU,2022-03-04,194.88
Bermuda,BMU,2022-03-11,196.19
Bermuda,BMU,2022-03-18,197.03
Bermuda,BMU,2022-03-25,198.01
Bermuda,BMU,2022-04-01,199.8
Bermuda,BMU,2022-04-08,204.38
Bermuda,BMU,2022-04-22,204.78
Bermuda,BMU,2022-05-13,204.99
Bermuda,BMU,2022-05-20,205.05
Bermuda,BMU,2022-07-08,205.72
Bhutan,BTN,2021-03-26,0
Bhutan,BTN,2021-03-27,11.05
Bhutan,BTN,2021-03-28,23.57
Bhutan,BTN,2021-03-29,35.33
Bhutan,BTN,2021-03-30,43.85
Bhutan,BTN,2021-03-31,50.77
Bhutan,BTN,2021-04-01,55.93
Bhutan,BTN,2021-04-02,58.34
Bhutan,BTN,2021-04-03,59.13
Bhutan,BTN,2021-04-04,60.04
Bhutan,BTN,2021-04-05,60.23
Bhutan,BTN,2021-04-06,60.41
Bhutan,BTN,2021-04-07,60.58
Bhutan,BTN,2021-04-08,60.73
Bhutan,BTN,2021-04-09,60.89
Bhutan,BTN,2021-04-10,60.99
Bhutan,BTN,2021-04-11,61
Bhutan,BTN,2021-04-12,61.18
Bhutan,BTN,2021-04-13,61.32
Bhutan,BTN,2021-04-14,61.36
Bhutan,BTN,2021-04-15,61.43
Bhutan,BTN,2021-04-16,61.51
Bhutan,BTN,2021-04-17,61.54
Bhutan,BTN,2021-04-18,61.55
Bhutan,BTN,2021-04-19,61.59
Bhutan,BTN,2021-04-20,61.61
Bhutan,BTN,2021-04-21,61.65
Bhutan,BTN,2021-04-22,61.65
Bhutan,BTN,2021-04-23,61.67
Bhutan,BTN,2021-04-24,61.7
Bhutan,BTN,2021-04-25,61.7
Bhutan,BTN,2021-04-26,61.74
Bhutan,BTN,2021-04-27,61.76
Bhutan,BTN,2021-04-28,61.77
Bhutan,BTN,2021-04-29,61.78
Bhutan,BTN,2021-04-30,61.79
Bhutan,BTN,2021-05-01,61.8
Bhutan,BTN,2021-05-04,61.84
Bhutan,BTN,2021-05-05,61.86
Bhutan,BTN,2021-05-06,61.88
Bhutan,BTN,2021-05-07,61.92
Bhutan,BTN,2021-05-08,61.93
Bhutan,BTN,2021-05-10,61.95
Bhutan,BTN,2021-05-11,61.96
Bhutan,BTN,2021-05-12,61.98
Bhutan,BTN,2021-05-14,61.99
Bhutan,BTN,2021-05-15,62
Bhutan,BTN,2021-05-16,62
Bhutan,BTN,2021-05-17,62.01
Bhutan,BTN,2021-05-18,62.02
Bhutan,BTN,2021-05-19,62.02
Bhutan,BTN,2021-05-20,62.03
Bhutan,BTN,2021-05-21,62.05
Bhutan,BTN,2021-05-22,62.06
Bhutan,BTN,2021-05-24,62.07
Bhutan,BTN,2021-05-25,62.08
Bhutan,BTN,2021-05-26,62.08
Bhutan,BTN,2021-05-27,62.09
Bhutan,BTN,2021-06-13,62.28
Bhutan,BTN,2021-06-20,62.35
Bhutan,BTN,2021-07-05,62.53
Bhutan,BTN,2021-07-12,62.65
Bhutan,BTN,2021-07-18,62.88
Bhutan,BTN,2021-07-20,75.32
Bhutan,BTN,2021-07-21,87.57
Bhutan,BTN,2021-07-22,98.84
Bhutan,BTN,2021-07-23,107.47
Bhutan,BTN,2021-07-24,114.01
Bhutan,BTN,2021-07-25,118.07
Bhutan,BTN,2021-07-26,120.96
Bhutan,BTN,2021-07-27,121.48
Bhutan,BTN,2021-07-28,121.73
Bhutan,BTN,2021-07-29,123.79
Bhutan,BTN,2021-07-30,123.91
Bhutan,BTN,2021-08-01,129.64
Bhutan,BTN,2021-08-02,129.67
Bhutan,BTN,2021-08-03,129.71
Bhutan,BTN,2021-08-04,129.81
Bhutan,BTN,2021-08-05,129.86
Bhutan,BTN,2021-08-06,129.92
Bhutan,BTN,2021-08-09,129.92
Bhutan,BTN,2021-08-15,133.19
Bhutan,BTN,2021-08-22,133.36
Bhutan,BTN,2021-08-30,134.42
Bhutan,BTN,2021-09-05,134.44
Bhutan,BTN,2021-09-12,134.55
Bhutan,BTN,2021-09-19,137.42
Bhutan,BTN,2021-09-26,139.05
Bhutan,BTN,2021-10-03,139.33
Bhutan,BTN,2021-10-10,139.91
Bhutan,BTN,2021-10-18,141.93
Bhutan,BTN,2021-10-24,142.05
Bhutan,BTN,2021-10-31,147.67
Bhutan,BTN,2021-11-21,148.33
Bhutan,BTN,2021-11-28,148.37
Bhutan,BTN,2021-12-05,148.44
Bhutan,BTN,2021-12-20,148.54
Bhutan,BTN,2022-01-02,149.4
Bhutan,BTN,2022-01-16,149.69
Bhutan,BTN,2022-01-23,180.15
Bhutan,BTN,2022-01-30,184.67
Bhutan,BTN,2022-02-06,187.47
Bhutan,BTN,2022-02-13,193.94
Bhutan,BTN,2022-02-20,203.79
Bhutan,BTN,2022-02-27,204.85
Bhutan,BTN,2022-03-13,223.58
Bhutan,BTN,2022-03-20,229.96
Bhutan,BTN,2022-03-27,231.29
Bhutan,BTN,2022-04-03,232.06
Bhutan,BTN,2022-04-10,242.85
Bhutan,BTN,2022-04-24,244.69
Bhutan,BTN,2022-04-30,245.23
Bhutan,BTN,2022-05-09,245.34
Bhutan,BTN,2022-05-22,245.43
Bhutan,BTN,2022-05-29,245.5
Bhutan,BTN,2022-06-05,245.63
Bhutan,BTN,2022-06-12,245.67
Bhutan,BTN,2022-07-10,245.84
Bhutan,BTN,2022-07-17,245.9
Bhutan,BTN,2022-07-24,246.24
Bolivia,BOL,2021-02-02,0.01
Bolivia,BOL,2021-02-03,0.03
Bolivia,BOL,2021-02-04,0.04
Bolivia,BOL,2021-02-05,0.06
Bolivia,BOL,2021-02-06,0.06
Bolivia,BOL,2021-02-07,0.06
Bolivia,BOL,2021-02-08,0.07
Bolivia,BOL,2021-02-09,0.08
Bolivia,BOL,2021-02-10,0.08
Bolivia,BOL,2021-02-20,0.09
Bolivia,BOL,2021-02-22,0.09
Bolivia,BOL,2021-02-23,0.09
Bolivia,BOL,2021-02-24,0.11
Bolivia,BOL,2021-02-25,0.15
Bolivia,BOL,2021-02-27,0.25
Bolivia,BOL,2021-03-02,0.46
Bolivia,BOL,2021-03-06,0.88
Bolivia,BOL,2021-03-07,0.89
Bolivia,BOL,2021-03-08,0.93
Bolivia,BOL,2021-03-09,0.99
Bolivia,BOL,2021-03-10,1.05
Bolivia,BOL,2021-03-11,1.1
Bolivia,BOL,2021-03-12,1.14
Bolivia,BOL,2021-03-13,1.14
Bolivia,BOL,2021-03-14,1.14
Bolivia,BOL,2021-03-15,1.17
Bolivia,BOL,2021-03-16,1.21
Bolivia,BOL,2021-03-17,1.25
Bolivia,BOL,2021-03-18,1.29
Bolivia,BOL,2021-03-19,1.38
Bolivia,BOL,2021-03-20,1.4
Bolivia,BOL,2021-03-21,1.41
Bolivia,BOL,2021-03-22,1.51
Bolivia,BOL,2021-03-23,1.64
Bolivia,BOL,2021-03-24,1.81
Bolivia,BOL,2021-03-25,1.97
Bolivia,BOL,2021-03-26,2.15
Bolivia,BOL,2021-03-27,2.18
Bolivia,BOL,2021-03-28,2.18
Bolivia,BOL,2021-03-29,2.28
Bolivia,BOL,2021-03-30,2.4
Bolivia,BOL,2021-03-31,2.52
Bolivia,BOL,2021-04-01,2.63
Bolivia,BOL,2021-04-02,2.65
Bolivia,BOL,2021-04-03,2.66
Bolivia,BOL,2021-04-04,2.67
Bolivia,BOL,2021-04-05,2.81
Bolivia,BOL,2021-04-06,2.96
Bolivia,BOL,2021-04-07,3.13
Bolivia,BOL,2021-04-08,3.32
Bolivia,BOL,2021-04-09,3.51
Bolivia,BOL,2021-04-10,3.55
Bolivia,BOL,2021-04-11,3.57
Bolivia,BOL,2021-04-12,3.7
Bolivia,BOL,2021-04-13,3.86
Bolivia,BOL,2021-04-14,4.03
Bolivia,BOL,2021-04-15,4.2
Bolivia,BOL,2021-04-16,4.39
Bolivia,BOL,2021-04-17,4.44
Bolivia,BOL,2021-04-18,4.46
Bolivia,BOL,2021-04-19,4.61
Bolivia,BOL,2021-04-20,4.78
Bolivia,BOL,2021-04-21,4.94
Bolivia,BOL,2021-04-22,5.13
Bolivia,BOL,2021-04-23,5.36
Bolivia,BOL,2021-04-24,5.44
Bolivia,BOL,2021-04-25,5.47
Bolivia,BOL,2021-04-26,5.7
Bolivia,BOL,2021-04-27,5.98
Bolivia,BOL,2021-04-28,6.31
Bolivia,BOL,2021-04-29,6.62
Bolivia,BOL,2021-04-30,6.98
Bolivia,BOL,2021-05-01,7.02
Bolivia,BOL,2021-05-02,7.05
Bolivia,BOL,2021-05-03,7.27
Bolivia,BOL,2021-05-04,7.53
Bolivia,BOL,2021-05-05,7.79
Bolivia,BOL,2021-05-06,8
Bolivia,BOL,2021-05-07,8.2
Bolivia,BOL,2021-05-08,8.26
Bolivia,BOL,2021-05-09,8.27
Bolivia,BOL,2021-05-10,8.37
Bolivia,BOL,2021-05-11,8.46
Bolivia,BOL,2021-05-12,8.54
Bolivia,BOL,2021-05-13,8.75
Bolivia,BOL,2021-05-14,9.06
Bolivia,BOL,2021-05-15,9.13
Bolivia,BOL,2021-05-16,9.16
Bolivia,BOL,2021-05-17,9.49
Bolivia,BOL,2021-05-18,9.89
Bolivia,BOL,2021-05-19,10.32
Bolivia,BOL,2021-05-20,10.77
Bolivia,BOL,2021-05-21,11.23
Bolivia,BOL,2021-05-22,11.35
Bolivia,BOL,2021-05-23,11.4
Bolivia,BOL,2021-05-24,11.72
Bolivia,BOL,2021-05-25,12.07
Bolivia,BOL,2021-05-26,12.52
Bolivia,BOL,2021-05-27,12.95
Bolivia,BOL,2021-05-28,13.38
Bolivia,BOL,2021-05-29,13.5
Bolivia,BOL,2021-05-30,13.54
Bolivia,BOL,2021-05-31,13.92
Bolivia,BOL,2021-06-01,14.32
Bolivia,BOL,2021-06-02,14.63
Bolivia,BOL,2021-06-03,14.71
Bolivia,BOL,2021-06-04,15.02
Bolivia,BOL,2021-06-05,15.11
Bolivia,BOL,2021-06-06,15.15
Bolivia,BOL,2021-06-07,15.55
Bolivia,BOL,2021-06-08,16.06
Bolivia,BOL,2021-06-09,16.42
Bolivia,BOL,2021-06-10,16.66
Bolivia,BOL,2021-06-11,17.03
Bolivia,BOL,2021-06-12,17.1
Bolivia,BOL,2021-06-13,17.13
Bolivia,BOL,2021-06-14,17.32
Bolivia,BOL,2021-06-15,17.53
Bolivia,BOL,2021-06-16,17.81
Bolivia,BOL,2021-06-17,18.06
Bolivia,BOL,2021-06-18,18.31
Bolivia,BOL,2021-06-19,18.39
Bolivia,BOL,2021-06-20,18.44
Bolivia,BOL,2021-06-21,18.48
Bolivia,BOL,2021-06-22,18.77
Bolivia,BOL,2021-06-23,19.17
Bolivia,BOL,2021-06-24,19.57
Bolivia,BOL,2021-06-25,20.06
Bolivia,BOL,2021-06-26,20.18
Bolivia,BOL,2021-06-27,20.29
Bolivia,BOL,2021-06-28,20.69
Bolivia,BOL,2021-06-29,21.11
Bolivia,BOL,2021-06-30,21.45
Bolivia,BOL,2021-07-01,21.92
Bolivia,BOL,2021-07-02,22.53
Bolivia,BOL,2021-07-03,22.67
Bolivia,BOL,2021-07-04,22.87
Bolivia,BOL,2021-07-05,23.25
Bolivia,BOL,2021-07-06,23.96
Bolivia,BOL,2021-07-07,24.62
Bolivia,BOL,2021-07-08,25.1
Bolivia,BOL,2021-07-09,25.5
Bolivia,BOL,2021-07-10,25.64
Bolivia,BOL,2021-07-11,25.81
Bolivia,BOL,2021-07-12,26.34
Bolivia,BOL,2021-07-13,26.91
Bolivia,BOL,2021-07-14,27.47
Bolivia,BOL,2021-07-15,28.11
Bolivia,BOL,2021-07-16,28.68
Bolivia,BOL,2021-07-17,28.91
Bolivia,BOL,2021-07-18,29.21
Bolivia,BOL,2021-07-19,29.96
Bolivia,BOL,2021-07-20,30.69
Bolivia,BOL,2021-07-21,31.43
Bolivia,BOL,2021-07-22,32.18
Bolivia,BOL,2021-07-23,32.99
Bolivia,BOL,2021-07-24,33.24
Bolivia,BOL,2021-07-25,33.54
Bolivia,BOL,2021-07-26,34.37
Bolivia,BOL,2021-07-27,35.27
Bolivia,BOL,2021-07-28,36.04
Bolivia,BOL,2021-07-29,36.65
Bolivia,BOL,2021-07-30,37.15
Bolivia,BOL,2021-07-31,37.3
Bolivia,BOL,2021-08-01,37.47
Bolivia,BOL,2021-08-02,37.96
Bolivia,BOL,2021-08-03,38.34
Bolivia,BOL,2021-08-04,38.67
Bolivia,BOL,2021-08-05,38.99
Bolivia,BOL,2021-08-06,39.03
Bolivia,BOL,2021-08-07,39.11
Bolivia,BOL,2021-08-08,39.2
Bolivia,BOL,2021-08-09,39.57
Bolivia,BOL,2021-08-10,39.94
Bolivia,BOL,2021-08-11,40.39
Bolivia,BOL,2021-08-12,40.91
Bolivia,BOL,2021-08-13,41.43
Bolivia,BOL,2021-08-14,41.57
Bolivia,BOL,2021-08-15,41.69
Bolivia,BOL,2021-08-16,42.19
Bolivia,BOL,2021-08-17,42.67
Bolivia,BOL,2021-08-18,43.18
Bolivia,BOL,2021-08-19,43.63
Bolivia,BOL,2021-08-20,44.04
Bolivia,BOL,2021-08-21,44.13
Bolivia,BOL,2021-08-22,44.22
Bolivia,BOL,2021-08-23,44.62
Bolivia,BOL,2021-08-24,45.37
Bolivia,BOL,2021-08-25,46.15
Bolivia,BOL,2021-08-26,46.98
Bolivia,BOL,2021-08-27,47.79
Bolivia,BOL,2021-08-28,48.12
Bolivia,BOL,2021-08-29,48.44
Bolivia,BOL,2021-08-30,49.26
Bolivia,BOL,2021-08-31,49.68
Bolivia,BOL,2021-09-01,49.95
Bolivia,BOL,2021-09-02,50.15
Bolivia,BOL,2021-09-03,50.35
Bolivia,BOL,2021-09-04,50.52
Bolivia,BOL,2021-09-05,50.61
Bolivia,BOL,2021-09-06,50.83
Bolivia,BOL,2021-09-07,51.12
Bolivia,BOL,2021-09-08,51.4
Bolivia,BOL,2021-09-09,51.69
Bolivia,BOL,2021-09-10,51.89
Bolivia,BOL,2021-09-11,51.94
Bolivia,BOL,2021-09-12,51.97
Bolivia,BOL,2021-09-13,52.16
Bolivia,BOL,2021-09-14,52.35
Bolivia,BOL,2021-09-15,52.55
Bolivia,BOL,2021-09-16,52.66
Bolivia,BOL,2021-09-17,52.78
Bolivia,BOL,2021-09-18,52.89
Bolivia,BOL,2021-09-19,53.11
Bolivia,BOL,2021-09-20,53.34
Bolivia,BOL,2021-09-21,54
Bolivia,BOL,2021-09-22,54.65
Bolivia,BOL,2021-09-24,54.94
Bolivia,BOL,2021-09-25,55.03
Bolivia,BOL,2021-09-26,55.07
Bolivia,BOL,2021-09-27,55.47
Bolivia,BOL,2021-09-28,55.8
Bolivia,BOL,2021-09-29,56.13
Bolivia,BOL,2021-09-30,56.3
Bolivia,BOL,2021-10-01,56.47
Bolivia,BOL,2021-10-02,56.5
Bolivia,BOL,2021-10-03,56.53
Bolivia,BOL,2021-10-04,56.88
Bolivia,BOL,2021-10-05,57.07
Bolivia,BOL,2021-10-06,57.24
Bolivia,BOL,2021-10-07,57.38
Bolivia,BOL,2021-10-08,57.55
Bolivia,BOL,2021-10-09,57.58
Bolivia,BOL,2021-10-10,57.6
Bolivia,BOL,2021-10-11,57.79
Bolivia,BOL,2021-10-12,58.04
Bolivia,BOL,2021-10-13,58.29
Bolivia,BOL,2021-10-14,58.65
Bolivia,BOL,2021-10-15,59
Bolivia,BOL,2021-10-16,59.06
Bolivia,BOL,2021-10-17,59.14
Bolivia,BOL,2021-10-18,59.64
Bolivia,BOL,2021-10-19,60.28
Bolivia,BOL,2021-10-20,60.82
Bolivia,BOL,2021-10-21,61.31
Bolivia,BOL,2021-10-22,61.73
Bolivia,BOL,2021-10-23,61.8
Bolivia,BOL,2021-10-24,61.84
Bolivia,BOL,2021-10-25,62.41
Bolivia,BOL,2021-10-26,62.83
Bolivia,BOL,2021-10-27,63.34
Bolivia,BOL,2021-10-28,63.69
Bolivia,BOL,2021-10-29,64.32
Bolivia,BOL,2021-10-30,64.6
Bolivia,BOL,2021-10-31,64.72
Bolivia,BOL,2021-11-01,65
Bolivia,BOL,2021-11-02,65.02
Bolivia,BOL,2021-11-03,65.19
Bolivia,BOL,2021-11-04,65.42
Bolivia,BOL,2021-11-05,65.66
Bolivia,BOL,2021-11-06,65.73
Bolivia,BOL,2021-11-07,65.76
Bolivia,BOL,2021-11-08,65.93
Bolivia,BOL,2021-11-09,66.11
Bolivia,BOL,2021-11-10,66.28
Bolivia,BOL,2021-11-11,66.57
Bolivia,BOL,2021-11-12,66.87
Bolivia,BOL,2021-11-13,67
Bolivia,BOL,2021-11-14,67.09
Bolivia,BOL,2021-11-15,67.32
Bolivia,BOL,2021-11-16,67.68
Bolivia,BOL,2021-11-17,68.03
Bolivia,BOL,2021-11-18,68.45
Bolivia,BOL,2021-11-19,68.82
Bolivia,BOL,2021-11-20,69.02
Bolivia,BOL,2021-11-21,69.05
Bolivia,BOL,2021-11-22,69.25
Bolivia,BOL,2021-11-23,69.63
Bolivia,BOL,2021-11-24,69.94
Bolivia,BOL,2021-11-25,70.22
Bolivia,BOL,2021-11-26,70.51
Bolivia,BOL,2021-11-27,70.63
Bolivia,BOL,2021-11-28,70.66
Bolivia,BOL,2021-11-29,70.96
Bolivia,BOL,2021-11-30,71.28
Bolivia,BOL,2021-12-01,71.61
Bolivia,BOL,2021-12-02,71.95
Bolivia,BOL,2021-12-03,72.33
Bolivia,BOL,2021-12-04,72.46
Bolivia,BOL,2021-12-05,72.49
Bolivia,BOL,2021-12-06,72.83
Bolivia,BOL,2021-12-07,73.2
Bolivia,BOL,2021-12-08,73.6
Bolivia,BOL,2021-12-09,73.99
Bolivia,BOL,2021-12-10,74.43
Bolivia,BOL,2021-12-11,74.58
Bolivia,BOL,2021-12-12,74.62
Bolivia,BOL,2021-12-13,75.04
Bolivia,BOL,2021-12-14,75.51
Bolivia,BOL,2021-12-15,75.98
Bolivia,BOL,2021-12-16,76.42
Bolivia,BOL,2021-12-17,76.79
Bolivia,BOL,2021-12-18,76.91
Bolivia,BOL,2021-12-19,77.04
Bolivia,BOL,2021-12-20,77.42
Bolivia,BOL,2021-12-21,77.81
Bolivia,BOL,2021-12-22,78.16
Bolivia,BOL,2021-12-23,78.44
Bolivia,BOL,2021-12-24,78.68
Bolivia,BOL,2021-12-25,78.7
Bolivia,BOL,2021-12-26,78.73
Bolivia,BOL,2021-12-27,79.12
Bolivia,BOL,2021-12-28,79.75
Bolivia,BOL,2021-12-29,80.16
Bolivia,BOL,2021-12-30,80.77
Bolivia,BOL,2021-12-31,81.07
Bolivia,BOL,2022-01-01,81.37
Bolivia,BOL,2022-01-02,81.42
Bolivia,BOL,2022-01-03,82.63
Bolivia,BOL,2022-01-04,83.77
Bolivia,BOL,2022-01-05,84.88
Bolivia,BOL,2022-01-06,86.1
Bolivia,BOL,2022-01-07,86.81
Bolivia,BOL,2022-01-08,87.53
Bolivia,BOL,2022-01-09,87.67
Bolivia,BOL,2022-01-10,88.53
Bolivia,BOL,2022-01-11,89.3
Bolivia,BOL,2022-01-12,89.97
Bolivia,BOL,2022-01-13,90.78
Bolivia,BOL,2022-01-14,91.38
Bolivia,BOL,2022-01-15,91.61
Bolivia,BOL,2022-01-16,91.69
Bolivia,BOL,2022-01-17,92.84
Bolivia,BOL,2022-01-18,93.46
Bolivia,BOL,2022-01-19,94.03
Bolivia,BOL,2022-01-20,94.44
Bolivia,BOL,2022-01-21,94.94
Bolivia,BOL,2022-01-22,95.03
Bolivia,BOL,2022-01-23,95.08
Bolivia,BOL,2022-01-24,95.45
Bolivia,BOL,2022-01-25,96.04
Bolivia,BOL,2022-01-26,96.52
Bolivia,BOL,2022-01-27,96.94
Bolivia,BOL,2022-01-28,97.39
Bolivia,BOL,2022-01-29,97.58
Bolivia,BOL,2022-01-30,97.64
Bolivia,BOL,2022-01-31,98.19
Bolivia,BOL,2022-02-01,98.48
Bolivia,BOL,2022-02-02,98.78
Bolivia,BOL,2022-02-03,99.06
Bolivia,BOL,2022-02-04,99.47
Bolivia,BOL,2022-02-05,99.63
Bolivia,BOL,2022-02-06,99.67
Bolivia,BOL,2022-02-07,99.94
Bolivia,BOL,2022-02-08,100.23
Bolivia,BOL,2022-02-09,100.54
Bolivia,BOL,2022-02-10,100.84
Bolivia,BOL,2022-02-11,101.17
Bolivia,BOL,2022-02-12,101.34
Bolivia,BOL,2022-02-13,101.39
Bolivia,BOL,2022-02-14,101.65
Bolivia,BOL,2022-02-15,101.92
Bolivia,BOL,2022-02-16,102.19
Bolivia,BOL,2022-02-17,102.48
Bolivia,BOL,2022-02-18,102.75
Bolivia,BOL,2022-02-19,102.91
Bolivia,BOL,2022-02-20,102.94
Bolivia,BOL,2022-02-21,103.17
Bolivia,BOL,2022-02-22,103.4
Bolivia,BOL,2022-02-23,103.63
Bolivia,BOL,2022-02-24,103.93
Bolivia,BOL,2022-02-25,104.12
Bolivia,BOL,2022-02-26,104.2
Bolivia,BOL,2022-02-27,104.21
Bolivia,BOL,2022-02-28,104.22
Bolivia,BOL,2022-03-01,104.23
Bolivia,BOL,2022-03-02,104.44
Bolivia,BOL,2022-03-03,104.52
Bolivia,BOL,2022-03-04,105
Bolivia,BOL,2022-03-05,105.14
Bolivia,BOL,2022-03-06,105.16
Bolivia,BOL,2022-03-07,105.3
Bolivia,BOL,2022-03-08,105.44
Bolivia,BOL,2022-03-09,105.59
Bolivia,BOL,2022-03-10,105.78
Bolivia,BOL,2022-03-11,105.99
Bolivia,BOL,2022-03-12,106.05
Bolivia,BOL,2022-03-13,106.08
Bolivia,BOL,2022-03-14,106.4
Bolivia,BOL,2022-03-15,106.64
Bolivia,BOL,2022-03-16,106.96
Bolivia,BOL,2022-03-17,107.14
Bolivia,BOL,2022-03-18,107.31
Bolivia,BOL,2022-03-19,107.38
Bolivia,BOL,2022-03-20,107.4
Bolivia,BOL,2022-03-21,107.51
Bolivia,BOL,2022-03-22,107.65
Bolivia,BOL,2022-03-23,107.8
Bolivia,BOL,2022-03-24,107.9
Bolivia,BOL,2022-03-25,108.09
Bolivia,BOL,2022-03-26,108.14
Bolivia,BOL,2022-03-27,108.15
Bolivia,BOL,2022-03-28,108.28
Bolivia,BOL,2022-03-29,108.4
Bolivia,BOL,2022-03-30,108.52
Bolivia,BOL,2022-03-31,108.66
Bolivia,BOL,2022-04-01,108.78
Bolivia,BOL,2022-04-02,108.83
Bolivia,BOL,2022-04-03,108.84
Bolivia,BOL,2022-04-04,108.91
Bolivia,BOL,2022-04-05,108.99
Bolivia,BOL,2022-04-06,109.03
Bolivia,BOL,2022-04-07,109.08
Bolivia,BOL,2022-04-08,109.19
Bolivia,BOL,2022-04-09,109.23
Bolivia,BOL,2022-04-10,109.24
Bolivia,BOL,2022-04-11,109.29
Bolivia,BOL,2022-04-12,109.34
Bolivia,BOL,2022-04-13,109.4
Bolivia,BOL,2022-04-14,109.47
Bolivia,BOL,2022-04-15,109.49
Bolivia,BOL,2022-04-16,109.5
Bolivia,BOL,2022-04-17,109.51
Bolivia,BOL,2022-04-18,110.39
Bolivia,BOL,2022-04-19,110.46
Bolivia,BOL,2022-04-20,110.56
Bolivia,BOL,2022-04-21,110.65
Bolivia,BOL,2022-04-22,110.81
Bolivia,BOL,2022-04-23,110.83
Bolivia,BOL,2022-04-24,110.86
Bolivia,BOL,2022-04-25,110.94
Bolivia,BOL,2022-04-26,111.04
Bolivia,BOL,2022-04-27,111.12
Bolivia,BOL,2022-04-28,111.22
Bolivia,BOL,2022-04-29,111.31
Bolivia,BOL,2022-04-30,111.37
Bolivia,BOL,2022-05-01,111.37
Bolivia,BOL,2022-05-02,111.37
Bolivia,BOL,2022-05-03,111.45
Bolivia,BOL,2022-05-04,111.53
Bolivia,BOL,2022-05-05,111.59
Bolivia,BOL,2022-05-06,111.71
Bolivia,BOL,2022-05-07,111.76
Bolivia,BOL,2022-05-08,111.77
Bolivia,BOL,2022-05-09,111.83
Bolivia,BOL,2022-05-10,111.9
Bolivia,BOL,2022-05-11,111.98
Bolivia,BOL,2022-05-12,112.23
Bolivia,BOL,2022-05-13,112.26
Bolivia,BOL,2022-05-14,112.27
Bolivia,BOL,2022-05-15,112.28
Bolivia,BOL,2022-05-16,112.34
Bolivia,BOL,2022-05-17,112.39
Bolivia,BOL,2022-05-18,112.51
Bolivia,BOL,2022-05-19,112.63
Bolivia,BOL,2022-05-20,112.79
Bolivia,BOL,2022-05-21,112.87
Bolivia,BOL,2022-05-22,112.89
Bolivia,BOL,2022-05-23,112.95
Bolivia,BOL,2022-05-24,113.07
Bolivia,BOL,2022-05-25,113.15
Bolivia,BOL,2022-05-26,113.22
Bolivia,BOL,2022-05-27,113.28
Bolivia,BOL,2022-05-28,113.32
Bolivia,BOL,2022-05-29,113.33
Bolivia,BOL,2022-05-30,113.39
Bolivia,BOL,2022-05-31,113.49
Bolivia,BOL,2022-06-01,113.56
Bolivia,BOL,2022-06-02,113.62
Bolivia,BOL,2022-06-03,113.69
Bolivia,BOL,2022-06-04,113.75
Bolivia,BOL,2022-06-05,113.76
Bolivia,BOL,2022-06-06,113.83
Bolivia,BOL,2022-06-07,113.93
Bolivia,BOL,2022-06-08,114.02
Bolivia,BOL,2022-06-09,114.13
Bolivia,BOL,2022-06-10,114.23
Bolivia,BOL,2022-06-11,114.31
Bolivia,BOL,2022-06-12,114.32
Bolivia,BOL,2022-06-13,114.4
Bolivia,BOL,2022-06-14,114.48
Bolivia,BOL,2022-06-15,114.56
Bolivia,BOL,2022-06-16,114.65
Bolivia,BOL,2022-06-17,114.74
Bolivia,BOL,2022-06-18,114.81
Bolivia,BOL,2022-06-19,114.82
Bolivia,BOL,2022-06-20,114.88
Bolivia,BOL,2022-06-21,114.94
Bolivia,BOL,2022-06-22,115.01
Bolivia,BOL,2022-06-23,115.12
Bolivia,BOL,2022-06-24,115.24
Bolivia,BOL,2022-06-25,115.3
Bolivia,BOL,2022-06-26,115.31
Bolivia,BOL,2022-06-27,115.38
Bolivia,BOL,2022-06-28,115.5
Bolivia,BOL,2022-06-29,115.63
Bolivia,BOL,2022-06-30,115.76
Bolivia,BOL,2022-07-01,115.85
Bolivia,BOL,2022-07-02,115.91
Bolivia,BOL,2022-07-03,115.92
Bolivia,BOL,2022-07-04,115.97
Bolivia,BOL,2022-07-05,116.04
Bolivia,BOL,2022-07-06,116.11
Bolivia,BOL,2022-07-07,116.18
Bolivia,BOL,2022-07-08,116.25
Bolivia,BOL,2022-07-09,116.29
Bolivia,BOL,2022-07-10,116.3
Bolivia,BOL,2022-07-11,116.37
Bolivia,BOL,2022-07-12,116.45
Bolivia,BOL,2022-07-13,116.54
Bolivia,BOL,2022-07-14,116.62
Bolivia,BOL,2022-07-15,116.73
Bolivia,BOL,2022-07-16,116.77
Bolivia,BOL,2022-07-17,116.78
Bolivia,BOL,2022-07-18,116.85
Bolivia,BOL,2022-07-19,116.99
Bolivia,BOL,2022-07-20,117.13
Bolivia,BOL,2022-07-21,117.3
Bolivia,BOL,2022-07-22,117.47
Bolivia,BOL,2022-07-23,117.53
Bolivia,BOL,2022-07-24,117.54
Bolivia,BOL,2022-07-25,117.62
Bolivia,BOL,2022-07-26,117.75
Bolivia,BOL,2022-07-27,117.89
Bolivia,BOL,2022-07-28,118.06
Bonaire Sint Eustatius and Saba,BES,2021-04-09,27.68
Bonaire Sint Eustatius and Saba,BES,2021-09-01,134.22
Bosnia and Herzegovina,BIH,2021-02-11,0
Bosnia and Herzegovina,BIH,2021-04-14,1.09
Bosnia and Herzegovina,BIH,2021-04-24,2.48
Bosnia and Herzegovina,BIH,2021-05-01,3.35
Bosnia and Herzegovina,BIH,2021-05-19,4.63
Bosnia and Herzegovina,BIH,2021-05-25,7.23
Bosnia and Herzegovina,BIH,2021-06-10,9.88
Bosnia and Herzegovina,BIH,2021-06-24,13.16
Bosnia and Herzegovina,BIH,2021-06-25,13.99
Bosnia and Herzegovina,BIH,2021-07-05,14.38
Bosnia and Herzegovina,BIH,2021-07-21,19.07
Bosnia and Herzegovina,BIH,2021-08-04,23.78
Bosnia and Herzegovina,BIH,2021-08-10,24.41
Bosnia and Herzegovina,BIH,2021-08-11,26.45
Bosnia and Herzegovina,BIH,2021-08-18,28.37
Bosnia and Herzegovina,BIH,2021-09-07,32.41
Bosnia and Herzegovina,BIH,2021-09-29,37.98
Bosnia and Herzegovina,BIH,2021-10-31,45.23
Bosnia and Herzegovina,BIH,2021-11-04,47.51
Bosnia and Herzegovina,BIH,2022-01-29,58.85
Botswana,BWA,2021-03-25,0
Botswana,BWA,2021-04-02,0.5
Botswana,BWA,2021-04-09,0.69
Botswana,BWA,2021-04-12,0.97
Botswana,BWA,2021-04-16,1.42
Botswana,BWA,2021-04-19,1.61
Botswana,BWA,2021-04-23,1.82
Botswana,BWA,2021-04-26,1.87
Botswana,BWA,2021-04-30,1.93
Botswana,BWA,2021-05-07,2.06
Botswana,BWA,2021-05-10,2.17
Botswana,BWA,2021-05-14,2.76
Botswana,BWA,2021-05-17,3.43
Botswana,BWA,2021-05-21,4.64
Botswana,BWA,2021-05-24,5.13
Botswana,BWA,2021-05-28,5.52
Botswana,BWA,2021-05-31,5.67
Botswana,BWA,2021-06-07,5.8
Botswana,BWA,2021-06-14,6.74
Botswana,BWA,2021-06-18,7.76
Botswana,BWA,2021-06-21,8.48
Botswana,BWA,2021-06-25,9.33
Botswana,BWA,2021-06-28,9.67
Botswana,BWA,2021-07-02,10.06
Botswana,BWA,2021-07-05,10.34
Botswana,BWA,2021-07-09,10.59
Botswana,BWA,2021-07-10,11
Botswana,BWA,2021-07-16,12.01
Botswana,BWA,2021-07-19,12.29
Botswana,BWA,2021-07-23,12.8
Botswana,BWA,2021-07-26,13.61
Botswana,BWA,2021-07-30,14.11
Botswana,BWA,2021-08-02,14.32
Botswana,BWA,2021-08-06,14.54
Botswana,BWA,2021-08-10,15.12
Botswana,BWA,2021-08-13,15.76
Botswana,BWA,2021-08-25,16.79
Botswana,BWA,2021-09-01,20.4
Botswana,BWA,2021-09-09,22.16
Botswana,BWA,2021-09-15,22.7
Botswana,BWA,2021-09-22,23.44
Botswana,BWA,2021-09-30,24.32
Botswana,BWA,2021-10-07,26.66
Botswana,BWA,2021-10-14,30.29
Botswana,BWA,2021-10-21,34.11
Botswana,BWA,2021-10-28,36.47
Botswana,BWA,2021-11-04,39.74
Botswana,BWA,2021-11-10,43.58
Botswana,BWA,2022-02-09,53.19
Botswana,BWA,2022-02-20,53.69
Botswana,BWA,2022-02-25,54.96
Botswana,BWA,2022-03-06,55.58
Botswana,BWA,2022-03-13,55.84
Botswana,BWA,2022-05-01,74.18
Botswana,BWA,2022-05-08,74.18
Botswana,BWA,2022-05-22,90.04
Botswana,BWA,2022-05-29,90.04
Botswana,BWA,2022-06-05,105.39
Botswana,BWA,2022-06-19,105.49
Botswana,BWA,2022-07-17,110.59
Brazil,BRA,2021-01-17,0
Brazil,BRA,2021-01-18,0
Brazil,BRA,2021-01-19,0.01
Brazil,BRA,2021-01-20,0.05
Brazil,BRA,2021-01-21,0.09
Brazil,BRA,2021-01-22,0.22
Brazil,BRA,2021-01-23,0.27
Brazil,BRA,2021-01-24,0.29
Brazil,BRA,2021-01-25,0.37
Brazil,BRA,2021-01-26,0.49
Brazil,BRA,2021-01-27,0.62
Brazil,BRA,2021-01-28,0.73
Brazil,BRA,2021-01-29,0.9
Brazil,BRA,2021-01-30,0.95
Brazil,BRA,2021-01-31,0.97
Brazil,BRA,2021-02-01,1.07
Brazil,BRA,2021-02-02,1.18
Brazil,BRA,2021-02-03,1.31
Brazil,BRA,2021-02-04,1.43
Brazil,BRA,2021-02-05,1.59
Brazil,BRA,2021-02-06,1.66
Brazil,BRA,2021-02-07,1.68
Brazil,BRA,2021-02-08,1.78
Brazil,BRA,2021-02-09,1.92
Brazil,BRA,2021-02-10,2.06
Brazil,BRA,2021-02-11,2.19
Brazil,BRA,2021-02-12,2.39
Brazil,BRA,2021-02-13,2.44
Brazil,BRA,2021-02-14,2.47
Brazil,BRA,2021-02-15,2.62
Brazil,BRA,2021-02-16,2.75
Brazil,BRA,2021-02-17,2.9
Brazil,BRA,2021-02-18,3.05
Brazil,BRA,2021-02-19,3.18
Brazil,BRA,2021-02-20,3.24
Brazil,BRA,2021-02-21,3.28
Brazil,BRA,2021-02-22,3.4
Brazil,BRA,2021-02-23,3.52
Brazil,BRA,2021-02-24,3.64
Brazil,BRA,2021-02-25,3.78
Brazil,BRA,2021-02-26,3.88
Brazil,BRA,2021-02-27,3.93
Brazil,BRA,2021-02-28,3.95
Brazil,BRA,2021-03-01,4.13
Brazil,BRA,2021-03-02,4.33
Brazil,BRA,2021-03-03,4.54
Brazil,BRA,2021-03-04,4.74
Brazil,BRA,2021-03-05,4.93
Brazil,BRA,2021-03-06,5.05
Brazil,BRA,2021-03-07,5.11
Brazil,BRA,2021-03-08,5.3
Brazil,BRA,2021-03-09,5.49
Brazil,BRA,2021-03-10,5.68
Brazil,BRA,2021-03-11,5.89
Brazil,BRA,2021-03-12,6.07
Brazil,BRA,2021-03-13,6.17
Brazil,BRA,2021-03-14,6.2
Brazil,BRA,2021-03-15,6.42
Brazil,BRA,2021-03-16,6.62
Brazil,BRA,2021-03-17,6.83
Brazil,BRA,2021-03-18,7.04
Brazil,BRA,2021-03-19,7.29
Brazil,BRA,2021-03-20,7.41
Brazil,BRA,2021-03-21,7.46
Brazil,BRA,2021-03-22,7.73
Brazil,BRA,2021-03-23,8.01
Brazil,BRA,2021-03-24,8.35
Brazil,BRA,2021-03-25,8.7
Brazil,BRA,2021-03-26,9.13
Brazil,BRA,2021-03-27,9.31
Brazil,BRA,2021-03-28,9.43
Brazil,BRA,2021-03-29,9.87
Brazil,BRA,2021-03-30,10.24
Brazil,BRA,2021-03-31,10.66
Brazil,BRA,2021-04-01,11.14
Brazil,BRA,2021-04-02,11.28
Brazil,BRA,2021-04-03,11.47
Brazil,BRA,2021-04-04,11.62
Brazil,BRA,2021-04-05,11.97
Brazil,BRA,2021-04-06,12.47
Brazil,BRA,2021-04-07,12.9
Brazil,BRA,2021-04-08,13.37
Brazil,BRA,2021-04-09,13.78
Brazil,BRA,2021-04-10,14.04
Brazil,BRA,2021-04-11,14.16
Brazil,BRA,2021-04-12,14.61
Brazil,BRA,2021-04-13,15.03
Brazil,BRA,2021-04-14,15.47
Brazil,BRA,2021-04-15,15.89
Brazil,BRA,2021-04-16,16.33
Brazil,BRA,2021-04-17,16.61
Brazil,BRA,2021-04-18,16.71
Brazil,BRA,2021-04-19,17.22
Brazil,BRA,2021-04-20,17.69
Brazil,BRA,2021-04-21,17.95
Brazil,BRA,2021-04-22,18.33
Brazil,BRA,2021-04-23,19.16
Brazil,BRA,2021-04-24,19.36
Brazil,BRA,2021-04-25,19.42
Brazil,BRA,2021-04-26,19.96
Brazil,BRA,2021-04-27,20.66
Brazil,BRA,2021-04-28,21.17
Brazil,BRA,2021-04-29,21.66
Brazil,BRA,2021-04-30,22.12
Brazil,BRA,2021-05-01,22.24
Brazil,BRA,2021-05-02,22.28
Brazil,BRA,2021-05-03,22.7
Brazil,BRA,2021-05-04,23.15
Brazil,BRA,2021-05-05,23.6
Brazil,BRA,2021-05-06,24.09
Brazil,BRA,2021-05-07,24.56
Brazil,BRA,2021-05-08,24.72
Brazil,BRA,2021-05-09,24.76
Brazil,BRA,2021-05-10,25.2
Brazil,BRA,2021-05-11,25.62
Brazil,BRA,2021-05-12,26.09
Brazil,BRA,2021-05-13,26.4
Brazil,BRA,2021-05-14,26.74
Brazil,BRA,2021-05-15,26.91
Brazil,BRA,2021-05-16,27.03
Brazil,BRA,2021-05-17,27.39
Brazil,BRA,2021-05-18,27.81
Brazil,BRA,2021-05-19,28.16
Brazil,BRA,2021-05-20,28.6
Brazil,BRA,2021-05-21,28.99
Brazil,BRA,2021-05-22,29.14
Brazil,BRA,2021-05-23,29.52
Brazil,BRA,2021-05-24,29.91
Brazil,BRA,2021-05-25,30.29
Brazil,BRA,2021-05-26,30.64
Brazil,BRA,2021-05-27,30.96
Brazil,BRA,2021-05-28,31.43
Brazil,BRA,2021-05-29,31.62
Brazil,BRA,2021-05-30,31.67
Brazil,BRA,2021-05-31,32.04
Brazil,BRA,2021-06-01,32.42
Brazil,BRA,2021-06-02,32.98
Brazil,BRA,2021-06-03,33.24
Brazil,BRA,2021-06-04,33.58
Brazil,BRA,2021-06-05,33.87
Brazil,BRA,2021-06-06,33.97
Brazil,BRA,2021-06-07,34.35
Brazil,BRA,2021-06-08,34.96
Brazil,BRA,2021-06-09,35.51
Brazil,BRA,2021-06-10,36.04
Brazil,BRA,2021-06-11,36.61
Brazil,BRA,2021-06-12,36.91
Brazil,BRA,2021-06-13,37.08
Brazil,BRA,2021-06-14,37.6
Brazil,BRA,2021-06-15,38.23
Brazil,BRA,2021-06-16,38.81
Brazil,BRA,2021-06-17,39.86
Brazil,BRA,2021-06-18,40.67
Brazil,BRA,2021-06-19,41.11
Brazil,BRA,2021-06-20,41.32
Brazil,BRA,2021-06-21,42
Brazil,BRA,2021-06-22,42.65
Brazil,BRA,2021-06-23,43.29
Brazil,BRA,2021-06-24,44.01
Brazil,BRA,2021-06-25,44.68
Brazil,BRA,2021-06-26,45.05
Brazil,BRA,2021-06-27,45.16
Brazil,BRA,2021-06-28,45.69
Brazil,BRA,2021-06-29,46.58
Brazil,BRA,2021-06-30,47.2
Brazil,BRA,2021-07-01,47.85
Brazil,BRA,2021-07-02,48.55
Brazil,BRA,2021-07-03,48.88
Brazil,BRA,2021-07-04,49.04
Brazil,BRA,2021-07-05,49.78
Brazil,BRA,2021-07-06,50.51
Brazil,BRA,2021-07-07,51.31
Brazil,BRA,2021-07-08,52.06
Brazil,BRA,2021-07-09,52.72
Brazil,BRA,2021-07-10,53.16
Brazil,BRA,2021-07-11,53.35
Brazil,BRA,2021-07-12,53.96
Brazil,BRA,2021-07-13,54.66
Brazil,BRA,2021-07-14,55.38
Brazil,BRA,2021-07-15,56.06
Brazil,BRA,2021-07-16,56.76
Brazil,BRA,2021-07-17,57.21
Brazil,BRA,2021-07-18,57.32
Brazil,BRA,2021-07-19,58.06
Brazil,BRA,2021-07-20,58.94
Brazil,BRA,2021-07-21,59.82
Brazil,BRA,2021-07-22,60.72
Brazil,BRA,2021-07-23,61.52
Brazil,BRA,2021-07-24,61.97
Brazil,BRA,2021-07-25,62.12
Brazil,BRA,2021-07-26,62.77
Brazil,BRA,2021-07-27,63.53
Brazil,BRA,2021-07-28,64.36
Brazil,BRA,2021-07-29,65.08
Brazil,BRA,2021-07-30,65.94
Brazil,BRA,2021-07-31,66.4
Brazil,BRA,2021-08-01,66.53
Brazil,BRA,2021-08-02,67.08
Brazil,BRA,2021-08-03,67.94
Brazil,BRA,2021-08-04,69.08
Brazil,BRA,2021-08-05,69.88
Brazil,BRA,2021-08-06,70.69
Brazil,BRA,2021-08-07,71.07
Brazil,BRA,2021-08-08,71.24
Brazil,BRA,2021-08-09,71.94
Brazil,BRA,2021-08-10,72.97
Brazil,BRA,2021-08-11,73.92
Brazil,BRA,2021-08-12,74.97
Brazil,BRA,2021-08-13,75.97
Brazil,BRA,2021-08-14,76.62
Brazil,BRA,2021-08-15,76.84
Brazil,BRA,2021-08-16,77.8
Brazil,BRA,2021-08-17,79.2
Brazil,BRA,2021-08-18,80.13
Brazil,BRA,2021-08-19,81.31
Brazil,BRA,2021-08-20,82.29
Brazil,BRA,2021-08-21,82.86
Brazil,BRA,2021-08-22,83.13
Brazil,BRA,2021-08-23,84.1
Brazil,BRA,2021-08-24,85.22
Brazil,BRA,2021-08-25,86.18
Brazil,BRA,2021-08-26,86.83
Brazil,BRA,2021-08-27,87.74
Brazil,BRA,2021-08-28,88.36
Brazil,BRA,2021-08-29,88.64
Brazil,BRA,2021-08-30,89.36
Brazil,BRA,2021-08-31,90.6
Brazil,BRA,2021-09-01,91.53
Brazil,BRA,2021-09-02,92.45
Brazil,BRA,2021-09-03,93.35
Brazil,BRA,2021-09-04,93.84
Brazil,BRA,2021-09-05,94.03
Brazil,BRA,2021-09-06,94.73
Brazil,BRA,2021-09-07,94.98
Brazil,BRA,2021-09-08,95.79
Brazil,BRA,2021-09-09,96.82
Brazil,BRA,2021-09-10,97.94
Brazil,BRA,2021-09-11,98.55
Brazil,BRA,2021-09-12,98.78
Brazil,BRA,2021-09-13,99.48
Brazil,BRA,2021-09-14,100.47
Brazil,BRA,2021-09-15,101.36
Brazil,BRA,2021-09-16,102.06
Brazil,BRA,2021-09-17,103.15
Brazil,BRA,2021-09-18,103.65
Brazil,BRA,2021-09-19,103.85
Brazil,BRA,2021-09-20,104.41
Brazil,BRA,2021-09-21,105.26
Brazil,BRA,2021-09-22,106.06
Brazil,BRA,2021-09-23,106.89
Brazil,BRA,2021-09-24,107.73
Brazil,BRA,2021-09-25,108.24
Brazil,BRA,2021-09-26,108.48
Brazil,BRA,2021-09-27,109.07
Brazil,BRA,2021-09-28,109.93
Brazil,BRA,2021-09-29,110.73
Brazil,BRA,2021-09-30,111.6
Brazil,BRA,2021-10-01,112.54
Brazil,BRA,2021-10-02,113.03
Brazil,BRA,2021-10-03,113.21
Brazil,BRA,2021-10-04,113.72
Brazil,BRA,2021-10-05,114.45
Brazil,BRA,2021-10-06,115.27
Brazil,BRA,2021-10-07,116.09
Brazil,BRA,2021-10-08,116.89
Brazil,BRA,2021-10-09,117.36
Brazil,BRA,2021-10-10,117.65
Brazil,BRA,2021-10-11,118.12
Brazil,BRA,2021-10-12,118.31
Brazil,BRA,2021-10-13,118.71
Brazil,BRA,2021-10-14,119.8
Brazil,BRA,2021-10-15,120.77
Brazil,BRA,2021-10-16,121.38
Brazil,BRA,2021-10-17,121.63
Brazil,BRA,2021-10-18,122.16
Brazil,BRA,2021-10-19,122.98
Brazil,BRA,2021-10-20,123.93
Brazil,BRA,2021-10-21,124.4
Brazil,BRA,2021-10-22,125.03
Brazil,BRA,2021-10-23,125.34
Brazil,BRA,2021-10-24,125.72
Brazil,BRA,2021-10-25,126.84
Brazil,BRA,2021-10-26,127.71
Brazil,BRA,2021-10-27,128.51
Brazil,BRA,2021-10-28,129.27
Brazil,BRA,2021-10-29,130.03
Brazil,BRA,2021-10-30,130.3
Brazil,BRA,2021-10-31,130.49
Brazil,BRA,2021-11-01,130.62
Brazil,BRA,2021-11-02,130.73
Brazil,BRA,2021-11-03,131.22
Brazil,BRA,2021-11-04,131.88
Brazil,BRA,2021-11-05,132.83
Brazil,BRA,2021-11-06,133.15
Brazil,BRA,2021-11-07,133.41
Brazil,BRA,2021-11-08,134.16
Brazil,BRA,2021-11-09,134.82
Brazil,BRA,2021-11-10,135.51
Brazil,BRA,2021-11-11,136.25
Brazil,BRA,2021-11-12,136.83
Brazil,BRA,2021-11-13,137.14
Brazil,BRA,2021-11-14,137.33
Brazil,BRA,2021-11-15,137.61
Brazil,BRA,2021-11-16,137.93
Brazil,BRA,2021-11-17,138.69
Brazil,BRA,2021-11-18,139.25
Brazil,BRA,2021-11-19,139.85
Brazil,BRA,2021-11-20,140.24
Brazil,BRA,2021-11-21,140.53
Brazil,BRA,2021-11-22,141.06
Brazil,BRA,2021-11-23,141.61
Brazil,BRA,2021-11-24,142.15
Brazil,BRA,2021-11-25,142.54
Brazil,BRA,2021-11-26,143.12
Brazil,BRA,2021-11-27,143.34
Brazil,BRA,2021-11-28,143.51
Brazil,BRA,2021-11-29,143.62
Brazil,BRA,2021-11-30,144.4
Brazil,BRA,2021-12-01,145
Brazil,BRA,2021-12-02,145.55
Brazil,BRA,2021-12-03,146.35
Brazil,BRA,2021-12-04,146.72
Brazil,BRA,2021-12-05,146.79
Brazil,BRA,2021-12-06,147.21
Brazil,BRA,2021-12-07,147.75
Brazil,BRA,2021-12-08,148.13
Brazil,BRA,2021-12-09,148.74
Brazil,BRA,2021-12-10,149.18
Brazil,BRA,2021-12-11,149.3
Brazil,BRA,2021-12-12,149.36
Brazil,BRA,2021-12-13,149.65
Brazil,BRA,2021-12-14,150.05
Brazil,BRA,2021-12-15,150.66
Brazil,BRA,2021-12-16,151.09
Brazil,BRA,2021-12-17,151.45
Brazil,BRA,2021-12-18,151.54
Brazil,BRA,2021-12-19,151.57
Brazil,BRA,2021-12-20,151.91
Brazil,BRA,2021-12-21,152.26
Brazil,BRA,2021-12-22,152.83
Brazil,BRA,2021-12-23,153.26
Brazil,BRA,2021-12-27,153.51
Brazil,BRA,2021-12-28,153.91
Brazil,BRA,2021-12-29,154.31
Brazil,BRA,2021-12-30,154.51
Brazil,BRA,2021-12-31,154.57
Brazil,BRA,2022-01-01,154.57
Brazil,BRA,2022-01-02,154.59
Brazil,BRA,2022-01-03,154.94
Brazil,BRA,2022-01-04,155.33
Brazil,BRA,2022-01-05,155.66
Brazil,BRA,2022-01-09,156.65
Brazil,BRA,2022-01-10,157.16
Brazil,BRA,2022-01-11,157.54
Brazil,BRA,2022-01-12,157.88
Brazil,BRA,2022-01-13,158.29
Brazil,BRA,2022-01-14,158.63
Brazil,BRA,2022-01-15,158.77
Brazil,BRA,2022-01-16,160.2
Brazil,BRA,2022-01-17,162.06
Brazil,BRA,2022-01-18,162.45
Brazil,BRA,2022-01-19,163.07
Brazil,BRA,2022-01-20,163.6
Brazil,BRA,2022-01-21,164
Brazil,BRA,2022-01-22,164.58
Brazil,BRA,2022-01-23,164.68
Brazil,BRA,2022-01-24,165.58
Brazil,BRA,2022-01-25,166.1
Brazil,BRA,2022-01-26,166.63
Brazil,BRA,2022-01-27,167.4
Brazil,BRA,2022-01-28,168.2
Brazil,BRA,2022-01-29,168.51
Brazil,BRA,2022-01-30,168.58
Brazil,BRA,2022-01-31,169.14
Brazil,BRA,2022-02-01,169.75
Brazil,BRA,2022-02-02,170.35
Brazil,BRA,2022-02-03,171
Brazil,BRA,2022-02-04,171.6
Brazil,BRA,2022-02-05,171.97
Brazil,BRA,2022-02-06,172.41
Brazil,BRA,2022-02-07,172.94
Brazil,BRA,2022-02-08,173.49
Brazil,BRA,2022-02-09,174.19
Brazil,BRA,2022-02-10,174.98
Brazil,BRA,2022-02-11,175.81
Brazil,BRA,2022-02-12,176.19
Brazil,BRA,2022-02-13,176.37
Brazil,BRA,2022-02-14,176.79
Brazil,BRA,2022-02-15,177.2
Brazil,BRA,2022-02-16,177.71
Brazil,BRA,2022-02-17,178.32
Brazil,BRA,2022-02-18,179.22
Brazil,BRA,2022-02-19,179.65
Brazil,BRA,2022-02-20,179.82
Brazil,BRA,2022-02-21,180.24
Brazil,BRA,2022-02-22,180.67
Brazil,BRA,2022-02-23,181.18
Brazil,BRA,2022-02-24,181.85
Brazil,BRA,2022-02-25,182.55
Brazil,BRA,2022-02-26,182.8
Brazil,BRA,2022-02-27,182.88
Brazil,BRA,2022-02-28,183.26
Brazil,BRA,2022-03-01,183.33
Brazil,BRA,2022-03-03,183.88
Brazil,BRA,2022-03-04,184.21
Brazil,BRA,2022-03-05,184.52
Brazil,BRA,2022-03-06,184.61
Brazil,BRA,2022-03-07,185.02
Brazil,BRA,2022-03-08,185.41
Brazil,BRA,2022-03-09,185.91
Brazil,BRA,2022-03-10,186.88
Brazil,BRA,2022-03-11,187.22
Brazil,BRA,2022-03-12,187.73
Brazil,BRA,2022-03-13,187.83
Brazil,BRA,2022-03-14,188.16
Brazil,BRA,2022-03-15,188.43
Brazil,BRA,2022-03-16,188.91
Brazil,BRA,2022-03-17,189.26
Brazil,BRA,2022-03-18,189.75
Brazil,BRA,2022-03-19,190.03
Brazil,BRA,2022-03-20,190.1
Brazil,BRA,2022-03-21,190.53
Brazil,BRA,2022-03-22,190.81
Brazil,BRA,2022-03-23,191.11
Brazil,BRA,2022-03-24,191.38
Brazil,BRA,2022-03-25,191.7
Brazil,BRA,2022-03-26,191.82
Brazil,BRA,2022-03-27,192.02
Brazil,BRA,2022-03-28,192.31
Brazil,BRA,2022-03-29,192.96
Brazil,BRA,2022-03-30,193.45
Brazil,BRA,2022-03-31,193.79
Brazil,BRA,2022-04-03,194.39
Brazil,BRA,2022-04-04,194.63
Brazil,BRA,2022-04-05,195.07
Brazil,BRA,2022-04-06,195.49
Brazil,BRA,2022-04-07,195.81
Brazil,BRA,2022-04-08,196.15
Brazil,BRA,2022-04-09,196.36
Brazil,BRA,2022-04-10,196.44
Brazil,BRA,2022-04-11,196.73
Brazil,BRA,2022-04-12,197.07
Brazil,BRA,2022-04-13,197.27
Brazil,BRA,2022-04-14,197.64
Brazil,BRA,2022-04-17,197.86
Brazil,BRA,2022-04-18,198.02
Brazil,BRA,2022-04-19,198.44
Brazil,BRA,2022-04-20,198.76
Brazil,BRA,2022-04-21,198.97
Brazil,BRA,2022-04-23,199.08
Brazil,BRA,2022-04-24,199.08
Brazil,BRA,2022-04-25,199.22
Brazil,BRA,2022-04-26,199.35
Brazil,BRA,2022-04-27,199.78
Brazil,BRA,2022-04-28,200.04
Brazil,BRA,2022-04-29,200.26
Brazil,BRA,2022-05-01,200.45
Brazil,BRA,2022-05-02,200.63
Brazil,BRA,2022-05-03,200.83
Brazil,BRA,2022-05-04,201.07
Brazil,BRA,2022-05-05,201.23
Brazil,BRA,2022-05-06,201.5
Brazil,BRA,2022-05-07,201.57
Brazil,BRA,2022-05-08,201.62
Brazil,BRA,2022-05-09,201.73
Brazil,BRA,2022-05-10,201.86
Brazil,BRA,2022-05-11,202.5
Brazil,BRA,2022-05-12,202.97
Brazil,BRA,2022-05-13,203.05
Brazil,BRA,2022-05-14,203.07
Brazil,BRA,2022-05-15,203.08
Brazil,BRA,2022-05-16,203.11
Brazil,BRA,2022-05-18,203.56
Brazil,BRA,2022-05-19,203.87
Brazil,BRA,2022-05-20,203.94
Brazil,BRA,2022-05-21,203.96
Brazil,BRA,2022-05-26,204.75
Brazil,BRA,2022-05-27,205.4
Brazil,BRA,2022-05-28,205.56
Brazil,BRA,2022-05-29,205.6
Brazil,BRA,2022-05-30,205.71
Brazil,BRA,2022-05-31,205.79
Brazil,BRA,2022-06-01,205.89
Brazil,BRA,2022-06-03,206.49
Brazil,BRA,2022-06-04,206.82
Brazil,BRA,2022-06-05,206.92
Brazil,BRA,2022-06-06,207.08
Brazil,BRA,2022-06-07,207.41
Brazil,BRA,2022-06-08,207.67
Brazil,BRA,2022-06-09,208.44
Brazil,BRA,2022-06-11,208.75
Brazil,BRA,2022-06-12,208.77
Brazil,BRA,2022-06-13,208.92
Brazil,BRA,2022-06-14,209.14
Brazil,BRA,2022-06-15,209.29
Brazil,BRA,2022-06-16,209.51
Brazil,BRA,2022-06-17,209.58
Brazil,BRA,2022-06-18,209.63
Brazil,BRA,2022-06-19,209.65
Brazil,BRA,2022-06-20,209.87
Brazil,BRA,2022-06-21,210.12
Brazil,BRA,2022-06-22,210.36
Brazil,BRA,2022-06-23,210.56
Brazil,BRA,2022-06-24,210.73
Brazil,BRA,2022-06-25,210.73
Brazil,BRA,2022-06-26,210.79
Brazil,BRA,2022-06-27,211
Brazil,BRA,2022-06-29,212.19
Brazil,BRA,2022-06-30,212.23
Brazil,BRA,2022-07-01,212.53
Brazil,BRA,2022-07-02,212.63
Brazil,BRA,2022-07-03,212.81
Brazil,BRA,2022-07-04,213.18
Brazil,BRA,2022-07-05,213.34
Brazil,BRA,2022-07-07,213.71
Brazil,BRA,2022-07-09,213.9
Brazil,BRA,2022-07-10,213.94
Brazil,BRA,2022-07-11,214.46
Brazil,BRA,2022-07-13,214.65
Brazil,BRA,2022-07-14,215.16
Brazil,BRA,2022-07-16,215.32
Brazil,BRA,2022-07-17,215.36
Brazil,BRA,2022-07-24,217.11
British Virgin Islands,VGB,2021-05-21,48.3
British Virgin Islands,VGB,2021-05-28,52.38
British Virgin Islands,VGB,2021-06-11,62.77
British Virgin Islands,VGB,2021-06-18,65.16
British Virgin Islands,VGB,2021-06-25,68.77
British Virgin Islands,VGB,2021-07-02,71.48
British Virgin Islands,VGB,2021-07-09,73.38
British Virgin Islands,VGB,2021-07-16,77.48
British Virgin Islands,VGB,2021-07-23,85.15
British Virgin Islands,VGB,2021-07-30,89.59
British Virgin Islands,VGB,2021-08-06,92.47
British Virgin Islands,VGB,2021-08-13,93.73
British Virgin Islands,VGB,2021-08-20,94.57
British Virgin Islands,VGB,2021-08-27,95.84
British Virgin Islands,VGB,2021-09-03,103.56
British Virgin Islands,VGB,2021-09-24,104.1
British Virgin Islands,VGB,2021-10-01,105.81
British Virgin Islands,VGB,2021-10-08,106.28
British Virgin Islands,VGB,2021-10-22,107.73
British Virgin Islands,VGB,2021-10-29,108.84
British Virgin Islands,VGB,2021-11-05,110.46
British Virgin Islands,VGB,2021-11-12,111.2
British Virgin Islands,VGB,2021-11-29,112.17
British Virgin Islands,VGB,2021-12-03,112.43
British Virgin Islands,VGB,2021-12-17,113.21
British Virgin Islands,VGB,2021-12-23,115.03
British Virgin Islands,VGB,2022-01-07,115.58
British Virgin Islands,VGB,2022-01-14,116.1
British Virgin Islands,VGB,2022-01-21,116.61
British Virgin Islands,VGB,2022-01-28,116.73
British Virgin Islands,VGB,2022-02-04,116.91
British Virgin Islands,VGB,2022-02-18,117.5
British Virgin Islands,VGB,2022-02-25,117.63
British Virgin Islands,VGB,2022-03-11,118.34
British Virgin Islands,VGB,2022-03-25,130.25
British Virgin Islands,VGB,2022-04-08,130.77
British Virgin Islands,VGB,2022-04-22,131.11
British Virgin Islands,VGB,2022-04-29,131.2
British Virgin Islands,VGB,2022-05-06,131.33
British Virgin Islands,VGB,2022-05-13,131.45
British Virgin Islands,VGB,2022-05-20,131.64
British Virgin Islands,VGB,2022-06-03,132.07
British Virgin Islands,VGB,2022-06-10,132.2
British Virgin Islands,VGB,2022-06-17,132.38
British Virgin Islands,VGB,2022-07-08,132.7
British Virgin Islands,VGB,2022-07-15,132.85
Brunei,BRN,2021-04-02,0
Brunei,BRN,2021-04-03,0.17
Brunei,BRN,2021-04-04,0.18
Brunei,BRN,2021-04-05,0.27
Brunei,BRN,2021-04-06,0.57
Brunei,BRN,2021-04-07,0.72
Brunei,BRN,2021-04-08,0.9
Brunei,BRN,2021-04-09,0.97
Brunei,BRN,2021-04-10,1.13
Brunei,BRN,2021-04-11,1.16
Brunei,BRN,2021-04-12,1.37
Brunei,BRN,2021-04-13,1.49
Brunei,BRN,2021-04-14,1.5
Brunei,BRN,2021-04-15,1.68
Brunei,BRN,2021-04-16,1.73
Brunei,BRN,2021-04-17,1.9
Brunei,BRN,2021-04-19,2.04
Brunei,BRN,2021-04-20,2.21
Brunei,BRN,2021-04-21,2.41
Brunei,BRN,2021-04-22,2.58
Brunei,BRN,2021-04-24,2.77
Brunei,BRN,2021-04-26,2.91
Brunei,BRN,2021-04-27,3.03
Brunei,BRN,2021-04-28,3.17
Brunei,BRN,2021-04-29,3.34
Brunei,BRN,2021-05-03,3.57
Brunei,BRN,2021-05-04,3.73
Brunei,BRN,2021-05-05,3.99
Brunei,BRN,2021-05-06,4.3
Brunei,BRN,2021-05-08,4.71
Brunei,BRN,2021-05-09,4.72
Brunei,BRN,2021-05-10,5.21
Brunei,BRN,2021-05-11,5.63
Brunei,BRN,2021-05-18,6.3
Brunei,BRN,2021-05-21,7.48
Brunei,BRN,2021-05-22,8.07
Brunei,BRN,2021-05-24,8.75
Brunei,BRN,2021-05-25,9.46
Brunei,BRN,2021-05-26,10.28
Brunei,BRN,2021-05-27,11.09
Brunei,BRN,2021-05-28,11.1
Brunei,BRN,2021-05-29,11.85
Brunei,BRN,2021-06-02,12.37
Brunei,BRN,2021-06-07,13.12
Brunei,BRN,2021-06-09,13.51
Brunei,BRN,2021-06-10,13.75
Brunei,BRN,2021-06-11,13.76
Brunei,BRN,2021-06-13,14
Brunei,BRN,2021-06-14,14.25
Brunei,BRN,2021-06-17,14.81
Brunei,BRN,2021-06-18,14.83
Brunei,BRN,2021-06-19,15.04
Brunei,BRN,2021-06-21,15.69
Brunei,BRN,2021-06-26,17.17
Brunei,BRN,2021-06-28,17.86
Brunei,BRN,2021-06-29,18.45
Brunei,BRN,2021-06-30,18.96
Brunei,BRN,2021-07-01,19.63
Brunei,BRN,2021-07-02,19.71
Brunei,BRN,2021-07-03,20.47
Brunei,BRN,2021-07-04,20.72
Brunei,BRN,2021-07-05,21.56
Brunei,BRN,2021-07-06,22.41
Brunei,BRN,2021-07-07,23.27
Brunei,BRN,2021-07-08,24.2
Brunei,BRN,2021-07-09,24.35
Brunei,BRN,2021-07-13,27.22
Brunei,BRN,2021-07-16,28.23
Brunei,BRN,2021-07-19,30.2
Brunei,BRN,2021-07-21,30.97
Brunei,BRN,2021-07-23,31.89
Brunei,BRN,2021-07-24,32.67
Brunei,BRN,2021-07-25,32.94
Brunei,BRN,2021-07-26,33.7
Brunei,BRN,2021-07-28,35.16
Brunei,BRN,2021-07-29,35.91
Brunei,BRN,2021-07-30,36.04
Brunei,BRN,2021-07-31,36.82
Brunei,BRN,2021-08-02,37.95
Brunei,BRN,2021-08-03,38.9
Brunei,BRN,2021-08-04,39.88
Brunei,BRN,2021-08-07,42.27
Brunei,BRN,2021-08-08,42.64
Brunei,BRN,2021-08-10,44.11
Brunei,BRN,2021-08-11,45.23
Brunei,BRN,2021-08-14,48.14
Brunei,BRN,2021-08-17,51.71
Brunei,BRN,2021-08-20,55.4
Brunei,BRN,2021-08-23,59.98
Brunei,BRN,2021-08-25,64.08
Brunei,BRN,2021-08-27,66.37
Brunei,BRN,2021-08-29,69.2
Brunei,BRN,2021-08-31,73.61
Brunei,BRN,2021-09-02,75.98
Brunei,BRN,2021-09-04,77.6
Brunei,BRN,2021-09-06,79.36
Brunei,BRN,2021-09-08,82
Brunei,BRN,2021-09-10,83.41
Brunei,BRN,2021-09-12,85.01
Brunei,BRN,2021-09-14,86.58
Brunei,BRN,2021-09-18,91.01
Brunei,BRN,2021-09-20,93.3
Brunei,BRN,2021-09-22,97.2
Brunei,BRN,2021-09-24,99.62
Brunei,BRN,2021-09-26,102.24
Brunei,BRN,2021-09-28,106.52
Brunei,BRN,2021-09-30,110.83
Brunei,BRN,2021-10-02,112.68
Brunei,BRN,2021-10-04,115.04
Brunei,BRN,2021-10-06,118.15
Brunei,BRN,2021-10-08,119.74
Brunei,BRN,2021-10-10,121.7
Brunei,BRN,2021-10-12,124
Brunei,BRN,2021-10-14,126.57
Brunei,BRN,2021-10-18,130.06
Brunei,BRN,2021-10-20,131.18
Brunei,BRN,2021-10-22,132.07
Brunei,BRN,2021-10-24,133.06
Brunei,BRN,2021-10-26,134.44
Brunei,BRN,2021-10-27,134.95
Brunei,BRN,2021-10-28,135.6
Brunei,BRN,2021-10-29,135.77
Brunei,BRN,2021-10-30,136.39
Brunei,BRN,2021-11-01,137.8
Brunei,BRN,2021-11-03,140.62
Brunei,BRN,2021-11-05,142.1
Brunei,BRN,2021-11-06,142.23
Brunei,BRN,2021-11-07,143.86
Brunei,BRN,2021-11-08,144.43
Brunei,BRN,2021-11-09,145.76
Brunei,BRN,2021-11-10,146.95
Brunei,BRN,2021-11-11,148.46
Brunei,BRN,2021-11-12,150.04
Brunei,BRN,2021-11-13,151.24
Brunei,BRN,2021-11-14,152.85
Brunei,BRN,2021-11-15,153.74
Brunei,BRN,2021-11-16,155.45
Brunei,BRN,2021-11-17,157.09
Brunei,BRN,2021-11-18,158.81
Brunei,BRN,2021-11-19,160.76
Brunei,BRN,2021-11-20,161.46
Brunei,BRN,2021-11-21,163.21
Brunei,BRN,2021-11-22,163.6
Brunei,BRN,2021-11-23,164.86
Brunei,BRN,2021-11-24,165.77
Brunei,BRN,2021-11-26,167.13
Brunei,BRN,2021-11-27,167.23
Brunei,BRN,2021-11-28,167.81
Brunei,BRN,2021-11-29,167.95
Brunei,BRN,2021-11-30,168.66
Brunei,BRN,2021-12-01,168.95
Brunei,BRN,2021-12-02,169.14
Brunei,BRN,2021-12-03,169.36
Brunei,BRN,2021-12-04,169.43
Brunei,BRN,2021-12-05,169.76
Brunei,BRN,2021-12-06,169.89
Brunei,BRN,2021-12-07,171.13
Brunei,BRN,2021-12-08,172.2
Brunei,BRN,2021-12-09,173.33
Brunei,BRN,2021-12-10,174.43
Brunei,BRN,2021-12-11,174.89
Brunei,BRN,2021-12-12,175.93
Brunei,BRN,2021-12-13,176.63
Brunei,BRN,2021-12-14,177.49
Brunei,BRN,2021-12-31,201.72
Brunei,BRN,2022-01-07,207.23
Brunei,BRN,2022-01-14,212.44
Brunei,BRN,2022-01-21,216.7
Brunei,BRN,2022-01-28,219.88
Brunei,BRN,2022-02-11,225.69
Brunei,BRN,2022-02-18,230.56
Brunei,BRN,2022-02-25,233.87
Brunei,BRN,2022-03-11,238.42
Brunei,BRN,2022-03-18,239.9
Brunei,BRN,2022-03-25,241.03
Brunei,BRN,2022-04-01,242.15
Brunei,BRN,2022-04-08,243.51
Brunei,BRN,2022-05-06,252.39
Brunei,BRN,2022-05-13,258.14
Brunei,BRN,2022-05-20,261.05
Brunei,BRN,2022-05-27,263.4
Bulgaria,BGR,2020-12-29,0.02
Bulgaria,BGR,2020-12-30,0.07
Bulgaria,BGR,2021-01-01,0.07
Bulgaria,BGR,2021-01-05,0.08
Bulgaria,BGR,2021-01-06,0.11
Bulgaria,BGR,2021-01-07,0.16
Bulgaria,BGR,2021-01-08,0.19
Bulgaria,BGR,2021-01-09,0.2
Bulgaria,BGR,2021-01-11,0.21
Bulgaria,BGR,2021-01-12,0.23
Bulgaria,BGR,2021-01-13,0.25
Bulgaria,BGR,2021-01-14,0.26
Bulgaria,BGR,2021-01-15,0.26
Bulgaria,BGR,2021-01-16,0.27
Bulgaria,BGR,2021-01-17,0.27
Bulgaria,BGR,2021-01-18,0.29
Bulgaria,BGR,2021-01-19,0.32
Bulgaria,BGR,2021-01-20,0.35
Bulgaria,BGR,2021-01-21,0.37
Bulgaria,BGR,2021-01-22,0.38
Bulgaria,BGR,2021-01-23,0.38
Bulgaria,BGR,2021-01-24,0.38
Bulgaria,BGR,2021-01-25,0.39
Bulgaria,BGR,2021-01-26,0.42
Bulgaria,BGR,2021-01-27,0.48
Bulgaria,BGR,2021-01-28,0.55
Bulgaria,BGR,2021-01-29,0.59
Bulgaria,BGR,2021-01-30,0.6
Bulgaria,BGR,2021-01-31,0.6
Bulgaria,BGR,2021-02-01,0.62
Bulgaria,BGR,2021-02-02,0.67
Bulgaria,BGR,2021-02-03,0.73
Bulgaria,BGR,2021-02-04,0.78
Bulgaria,BGR,2021-02-05,0.83
Bulgaria,BGR,2021-02-06,0.83
Bulgaria,BGR,2021-02-07,0.83
Bulgaria,BGR,2021-02-08,0.86
Bulgaria,BGR,2021-02-09,0.91
Bulgaria,BGR,2021-02-10,0.96
Bulgaria,BGR,2021-02-11,1.03
Bulgaria,BGR,2021-02-12,1.08
Bulgaria,BGR,2021-02-13,1.09
Bulgaria,BGR,2021-02-14,1.09
Bulgaria,BGR,2021-02-15,1.12
Bulgaria,BGR,2021-02-16,1.18
Bulgaria,BGR,2021-02-17,1.25
Bulgaria,BGR,2021-02-18,1.31
Bulgaria,BGR,2021-02-19,1.51
Bulgaria,BGR,2021-02-20,1.57
Bulgaria,BGR,2021-02-21,1.73
Bulgaria,BGR,2021-02-22,1.9
Bulgaria,BGR,2021-02-23,2.15
Bulgaria,BGR,2021-02-24,2.45
Bulgaria,BGR,2021-02-25,2.74
Bulgaria,BGR,2021-02-26,2.97
Bulgaria,BGR,2021-02-27,3.05
Bulgaria,BGR,2021-02-28,3.09
Bulgaria,BGR,2021-03-01,3.25
Bulgaria,BGR,2021-03-02,3.54
Bulgaria,BGR,2021-03-03,3.6
Bulgaria,BGR,2021-03-04,3.9
Bulgaria,BGR,2021-03-05,4.13
Bulgaria,BGR,2021-03-06,4.17
Bulgaria,BGR,2021-03-07,4.19
Bulgaria,BGR,2021-03-08,4.27
Bulgaria,BGR,2021-03-09,4.39
Bulgaria,BGR,2021-03-10,4.49
Bulgaria,BGR,2021-03-11,4.71
Bulgaria,BGR,2021-03-12,4.89
Bulgaria,BGR,2021-03-13,4.91
Bulgaria,BGR,2021-03-14,4.92
Bulgaria,BGR,2021-03-15,4.96
Bulgaria,BGR,2021-03-16,5.02
Bulgaria,BGR,2021-03-17,5.09
Bulgaria,BGR,2021-03-18,5.17
Bulgaria,BGR,2021-03-19,5.27
Bulgaria,BGR,2021-03-20,5.32
Bulgaria,BGR,2021-03-21,5.36
Bulgaria,BGR,2021-03-22,5.47
Bulgaria,BGR,2021-03-23,5.65
Bulgaria,BGR,2021-03-24,5.83
Bulgaria,BGR,2021-03-25,6.04
Bulgaria,BGR,2021-03-26,6.25
Bulgaria,BGR,2021-03-27,6.31
Bulgaria,BGR,2021-03-28,6.34
Bulgaria,BGR,2021-03-29,6.47
Bulgaria,BGR,2021-03-30,6.66
Bulgaria,BGR,2021-03-31,6.86
Bulgaria,BGR,2021-04-01,7.06
Bulgaria,BGR,2021-04-02,7.23
Bulgaria,BGR,2021-04-03,7.29
Bulgaria,BGR,2021-04-04,7.31
Bulgaria,BGR,2021-04-05,7.41
Bulgaria,BGR,2021-04-06,7.55
Bulgaria,BGR,2021-04-07,7.75
Bulgaria,BGR,2021-04-08,8.02
Bulgaria,BGR,2021-04-09,8.24
Bulgaria,BGR,2021-04-10,8.29
Bulgaria,BGR,2021-04-11,8.32
Bulgaria,BGR,2021-04-12,8.42
Bulgaria,BGR,2021-04-13,8.58
Bulgaria,BGR,2021-04-14,8.79
Bulgaria,BGR,2021-04-15,9.01
Bulgaria,BGR,2021-04-16,9.21
Bulgaria,BGR,2021-04-17,9.25
Bulgaria,BGR,2021-04-18,9.27
Bulgaria,BGR,2021-04-19,9.37
Bulgaria,BGR,2021-04-20,9.55
Bulgaria,BGR,2021-04-21,9.82
Bulgaria,BGR,2021-04-22,10.14
Bulgaria,BGR,2021-04-23,10.41
Bulgaria,BGR,2021-04-24,10.47
Bulgaria,BGR,2021-04-25,10.5
Bulgaria,BGR,2021-04-26,10.66
Bulgaria,BGR,2021-04-27,10.9
Bulgaria,BGR,2021-04-28,11.27
Bulgaria,BGR,2021-04-29,11.66
Bulgaria,BGR,2021-04-30,11.84
Bulgaria,BGR,2021-05-01,11.93
Bulgaria,BGR,2021-05-02,11.98
Bulgaria,BGR,2021-05-03,12.1
Bulgaria,BGR,2021-05-04,12.27
Bulgaria,BGR,2021-05-05,12.74
Bulgaria,BGR,2021-05-06,12.84
Bulgaria,BGR,2021-05-07,13.4
Bulgaria,BGR,2021-05-08,13.54
Bulgaria,BGR,2021-05-09,13.62
Bulgaria,BGR,2021-05-10,13.99
Bulgaria,BGR,2021-05-11,14.51
Bulgaria,BGR,2021-05-12,15.04
Bulgaria,BGR,2021-05-13,15.59
Bulgaria,BGR,2021-05-14,16.07
Bulgaria,BGR,2021-05-15,16.17
Bulgaria,BGR,2021-05-16,16.22
Bulgaria,BGR,2021-05-17,16.48
Bulgaria,BGR,2021-05-18,16.86
Bulgaria,BGR,2021-05-19,17.3
Bulgaria,BGR,2021-05-20,17.8
Bulgaria,BGR,2021-05-21,18.16
Bulgaria,BGR,2021-05-22,18.25
Bulgaria,BGR,2021-05-23,18.31
Bulgaria,BGR,2021-05-24,18.38
Bulgaria,BGR,2021-05-25,18.63
Bulgaria,BGR,2021-05-26,18.93
Bulgaria,BGR,2021-05-27,19.2
Bulgaria,BGR,2021-05-28,19.48
Bulgaria,BGR,2021-05-29,19.58
Bulgaria,BGR,2021-05-30,19.65
Bulgaria,BGR,2021-05-31,19.84
Bulgaria,BGR,2021-06-01,20.1
Bulgaria,BGR,2021-06-02,20.42
Bulgaria,BGR,2021-06-03,20.75
Bulgaria,BGR,2021-06-04,21.07
Bulgaria,BGR,2021-06-05,21.16
Bulgaria,BGR,2021-06-06,21.26
Bulgaria,BGR,2021-06-07,21.48
Bulgaria,BGR,2021-06-08,21.79
Bulgaria,BGR,2021-06-09,22.14
Bulgaria,BGR,2021-06-10,22.49
Bulgaria,BGR,2021-06-11,22.78
Bulgaria,BGR,2021-06-12,22.85
Bulgaria,BGR,2021-06-13,22.9
Bulgaria,BGR,2021-06-14,23.04
Bulgaria,BGR,2021-06-15,23.27
Bulgaria,BGR,2021-06-16,23.52
Bulgaria,BGR,2021-06-17,23.79
Bulgaria,BGR,2021-06-18,24.01
Bulgaria,BGR,2021-06-19,24.06
Bulgaria,BGR,2021-06-20,24.11
Bulgaria,BGR,2021-06-21,24.23
Bulgaria,BGR,2021-06-22,24.42
Bulgaria,BGR,2021-06-23,24.62
Bulgaria,BGR,2021-06-24,24.83
Bulgaria,BGR,2021-06-25,25
Bulgaria,BGR,2021-06-26,25.05
Bulgaria,BGR,2021-06-27,25.09
Bulgaria,BGR,2021-06-28,25.21
Bulgaria,BGR,2021-06-29,25.39
Bulgaria,BGR,2021-06-30,25.58
Bulgaria,BGR,2021-07-01,25.76
Bulgaria,BGR,2021-07-02,25.93
Bulgaria,BGR,2021-07-03,25.98
Bulgaria,BGR,2021-07-04,26.01
Bulgaria,BGR,2021-07-05,26.12
Bulgaria,BGR,2021-07-06,26.29
Bulgaria,BGR,2021-07-07,26.48
Bulgaria,BGR,2021-07-08,26.66
Bulgaria,BGR,2021-07-09,26.83
Bulgaria,BGR,2021-07-10,26.87
Bulgaria,BGR,2021-07-11,26.9
Bulgaria,BGR,2021-07-12,27.03
Bulgaria,BGR,2021-07-27,28.88
Bulgaria,BGR,2021-07-28,29.07
Bulgaria,BGR,2021-07-29,29.25
Bulgaria,BGR,2021-07-30,29.41
Bulgaria,BGR,2021-07-31,29.45
Bulgaria,BGR,2021-08-01,29.49
Bulgaria,BGR,2021-08-02,29.61
Bulgaria,BGR,2021-08-03,29.79
Bulgaria,BGR,2021-08-04,29.97
Bulgaria,BGR,2021-08-05,30.15
Bulgaria,BGR,2021-08-06,30.32
Bulgaria,BGR,2021-08-07,30.37
Bulgaria,BGR,2021-08-08,30.4
Bulgaria,BGR,2021-08-09,30.54
Bulgaria,BGR,2021-08-10,30.71
Bulgaria,BGR,2021-08-11,30.89
Bulgaria,BGR,2021-08-12,31.06
Bulgaria,BGR,2021-08-13,31.21
Bulgaria,BGR,2021-08-14,31.26
Bulgaria,BGR,2021-08-15,31.29
Bulgaria,BGR,2021-08-16,31.43
Bulgaria,BGR,2021-08-17,31.6
Bulgaria,BGR,2021-08-18,31.79
Bulgaria,BGR,2021-08-19,31.97
Bulgaria,BGR,2021-08-20,32.14
Bulgaria,BGR,2021-08-21,32.19
Bulgaria,BGR,2021-08-22,32.22
Bulgaria,BGR,2021-08-23,32.37
Bulgaria,BGR,2021-08-24,32.57
Bulgaria,BGR,2021-08-25,32.77
Bulgaria,BGR,2021-08-26,32.96
Bulgaria,BGR,2021-08-27,33.14
Bulgaria,BGR,2021-08-28,33.2
Bulgaria,BGR,2021-08-29,33.24
Bulgaria,BGR,2021-08-30,33.39
Bulgaria,BGR,2021-08-31,33.58
Bulgaria,BGR,2021-09-01,33.76
Bulgaria,BGR,2021-09-02,33.94
Bulgaria,BGR,2021-09-03,34.11
Bulgaria,BGR,2021-09-04,34.16
Bulgaria,BGR,2021-09-05,34.19
Bulgaria,BGR,2021-09-06,34.22
Bulgaria,BGR,2021-09-07,34.38
Bulgaria,BGR,2021-09-08,34.56
Bulgaria,BGR,2021-09-09,34.74
Bulgaria,BGR,2021-09-10,34.9
Bulgaria,BGR,2021-09-11,34.94
Bulgaria,BGR,2021-09-12,34.97
Bulgaria,BGR,2021-09-13,35.09
Bulgaria,BGR,2021-09-14,35.25
Bulgaria,BGR,2021-09-15,35.4
Bulgaria,BGR,2021-09-16,35.56
Bulgaria,BGR,2021-09-17,35.71
Bulgaria,BGR,2021-09-18,35.75
Bulgaria,BGR,2021-09-19,35.78
Bulgaria,BGR,2021-09-20,35.89
Bulgaria,BGR,2021-09-21,36.03
Bulgaria,BGR,2021-09-22,36.06
Bulgaria,BGR,2021-09-23,36.23
Bulgaria,BGR,2021-09-24,36.37
Bulgaria,BGR,2021-09-25,36.41
Bulgaria,BGR,2021-09-26,36.43
Bulgaria,BGR,2021-09-27,36.51
Bulgaria,BGR,2021-09-28,36.62
Bulgaria,BGR,2021-09-29,36.75
Bulgaria,BGR,2021-09-30,36.88
Bulgaria,BGR,2021-10-01,36.98
Bulgaria,BGR,2021-10-02,37.02
Bulgaria,BGR,2021-10-03,37.02
Bulgaria,BGR,2021-10-04,37.11
Bulgaria,BGR,2021-10-05,37.22
Bulgaria,BGR,2021-10-06,37.33
Bulgaria,BGR,2021-10-07,37.44
Bulgaria,BGR,2021-10-08,37.54
Bulgaria,BGR,2021-10-09,37.58
Bulgaria,BGR,2021-10-10,37.59
Bulgaria,BGR,2021-10-11,37.67
Bulgaria,BGR,2021-10-12,37.78
Bulgaria,BGR,2021-10-13,37.86
Bulgaria,BGR,2021-10-14,37.98
Bulgaria,BGR,2021-10-15,38.1
Bulgaria,BGR,2021-10-16,38.15
Bulgaria,BGR,2021-10-17,38.17
Bulgaria,BGR,2021-10-18,38.26
Bulgaria,BGR,2021-10-19,38.39
Bulgaria,BGR,2021-10-20,38.59
Bulgaria,BGR,2021-10-21,39
Bulgaria,BGR,2021-10-22,39.35
Bulgaria,BGR,2021-10-24,39.48
Bulgaria,BGR,2021-10-25,39.84
Bulgaria,BGR,2021-10-26,40.31
Bulgaria,BGR,2021-10-27,40.68
Bulgaria,BGR,2021-10-28,41.02
Bulgaria,BGR,2021-10-29,41.35
Bulgaria,BGR,2021-10-30,41.46
Bulgaria,BGR,2021-10-31,41.54
Bulgaria,BGR,2021-11-01,41.75
Bulgaria,BGR,2021-11-02,42.02
Bulgaria,BGR,2021-11-03,42.3
Bulgaria,BGR,2021-11-04,42.61
Bulgaria,BGR,2021-11-05,42.9
Bulgaria,BGR,2021-11-06,43
Bulgaria,BGR,2021-11-07,43.07
Bulgaria,BGR,2021-11-08,43.26
Bulgaria,BGR,2021-11-09,43.51
Bulgaria,BGR,2021-11-10,43.76
Bulgaria,BGR,2021-11-11,44.08
Bulgaria,BGR,2021-11-12,44.4
Bulgaria,BGR,2021-11-13,44.51
Bulgaria,BGR,2021-11-15,44.83
Bulgaria,BGR,2021-11-16,45.15
Bulgaria,BGR,2021-11-17,45.46
Bulgaria,BGR,2021-11-18,45.78
Bulgaria,BGR,2021-11-19,46.1
Bulgaria,BGR,2021-11-20,46.2
Bulgaria,BGR,2021-11-21,46.27
Bulgaria,BGR,2021-11-22,46.5
Bulgaria,BGR,2021-11-23,46.79
Bulgaria,BGR,2021-11-24,47.07
Bulgaria,BGR,2021-11-25,47.38
Bulgaria,BGR,2021-11-26,47.69
Bulgaria,BGR,2021-11-27,47.79
Bulgaria,BGR,2021-11-28,47.85
Bulgaria,BGR,2021-11-29,48.08
Bulgaria,BGR,2021-11-30,48.37
Bulgaria,BGR,2021-12-01,48.65
Bulgaria,BGR,2021-12-02,48.95
Bulgaria,BGR,2021-12-03,49.24
Bulgaria,BGR,2021-12-04,49.33
Bulgaria,BGR,2021-12-05,49.44
Bulgaria,BGR,2021-12-06,49.56
Bulgaria,BGR,2021-12-07,49.82
Bulgaria,BGR,2021-12-08,50.07
Bulgaria,BGR,2021-12-09,50.34
Bulgaria,BGR,2021-12-10,50.61
Bulgaria,BGR,2021-12-11,50.69
Bulgaria,BGR,2021-12-12,50.75
Bulgaria,BGR,2021-12-13,50.92
Bulgaria,BGR,2021-12-14,51.17
Bulgaria,BGR,2021-12-15,51.43
Bulgaria,BGR,2021-12-16,51.7
Bulgaria,BGR,2021-12-17,51.96
Bulgaria,BGR,2021-12-18,52.05
Bulgaria,BGR,2021-12-19,52.1
Bulgaria,BGR,2021-12-20,52.32
Bulgaria,BGR,2021-12-21,52.6
Bulgaria,BGR,2021-12-22,52.84
Bulgaria,BGR,2021-12-23,53.04
Bulgaria,BGR,2021-12-24,53.06
Bulgaria,BGR,2021-12-25,53.06
Bulgaria,BGR,2021-12-26,53.08
Bulgaria,BGR,2021-12-27,53.13
Bulgaria,BGR,2021-12-28,53.19
Bulgaria,BGR,2021-12-29,53.48
Bulgaria,BGR,2021-12-30,53.69
Bulgaria,BGR,2021-12-31,53.74
Bulgaria,BGR,2022-01-01,53.75
Bulgaria,BGR,2022-01-02,53.8
Bulgaria,BGR,2022-01-03,53.9
Bulgaria,BGR,2022-01-04,54.26
Bulgaria,BGR,2022-01-05,54.73
Bulgaria,BGR,2022-01-06,55.25
Bulgaria,BGR,2022-01-07,55.75
Bulgaria,BGR,2022-01-08,55.91
Bulgaria,BGR,2022-01-09,56.01
Bulgaria,BGR,2022-01-10,56.34
Bulgaria,BGR,2022-01-11,56.81
Bulgaria,BGR,2022-01-12,57.25
Bulgaria,BGR,2022-01-13,57.68
Bulgaria,BGR,2022-01-14,58.04
Bulgaria,BGR,2022-01-15,58.14
Bulgaria,BGR,2022-01-16,58.19
Bulgaria,BGR,2022-01-17,58.39
Bulgaria,BGR,2022-01-18,58.67
Bulgaria,BGR,2022-01-19,58.95
Bulgaria,BGR,2022-01-20,59.22
Bulgaria,BGR,2022-01-21,59.42
Bulgaria,BGR,2022-01-22,59.48
Bulgaria,BGR,2022-01-23,59.5
Bulgaria,BGR,2022-01-24,59.6
Bulgaria,BGR,2022-01-25,59.76
Bulgaria,BGR,2022-01-26,59.93
Bulgaria,BGR,2022-01-27,60.11
Bulgaria,BGR,2022-01-28,60.3
Bulgaria,BGR,2022-01-29,60.35
Bulgaria,BGR,2022-01-30,60.38
Bulgaria,BGR,2022-01-31,60.49
Bulgaria,BGR,2022-02-01,60.61
Bulgaria,BGR,2022-02-02,60.74
Bulgaria,BGR,2022-02-03,60.88
Bulgaria,BGR,2022-02-04,61.02
Bulgaria,BGR,2022-02-05,61.06
Bulgaria,BGR,2022-02-06,61.08
Bulgaria,BGR,2022-02-07,61.16
Bulgaria,BGR,2022-02-08,61.27
Bulgaria,BGR,2022-02-09,61.38
Bulgaria,BGR,2022-02-10,61.5
Bulgaria,BGR,2022-02-11,61.61
Bulgaria,BGR,2022-02-12,61.64
Bulgaria,BGR,2022-02-13,61.65
Bulgaria,BGR,2022-02-14,61.71
Bulgaria,BGR,2022-02-15,61.79
Bulgaria,BGR,2022-02-16,61.87
Bulgaria,BGR,2022-02-17,61.95
Bulgaria,BGR,2022-02-18,62.04
Bulgaria,BGR,2022-02-19,62.06
Bulgaria,BGR,2022-02-21,62.13
Bulgaria,BGR,2022-02-22,62.19
Bulgaria,BGR,2022-02-23,62.26
Bulgaria,BGR,2022-02-24,62.33
Bulgaria,BGR,2022-02-25,62.39
Bulgaria,BGR,2022-02-26,62.4
Bulgaria,BGR,2022-02-27,62.41
Bulgaria,BGR,2022-02-28,62.45
Bulgaria,BGR,2022-03-01,62.49
Bulgaria,BGR,2022-03-02,62.53
Bulgaria,BGR,2022-03-03,62.53
Bulgaria,BGR,2022-03-04,62.58
Bulgaria,BGR,2022-03-05,62.59
Bulgaria,BGR,2022-03-07,62.63
Bulgaria,BGR,2022-03-08,62.66
Bulgaria,BGR,2022-03-09,62.7
Bulgaria,BGR,2022-03-10,62.74
Bulgaria,BGR,2022-03-11,62.77
Bulgaria,BGR,2022-03-12,62.78
Bulgaria,BGR,2022-03-13,62.79
Bulgaria,BGR,2022-03-14,62.81
Bulgaria,BGR,2022-03-15,62.85
Bulgaria,BGR,2022-03-16,62.88
Bulgaria,BGR,2022-03-17,62.92
Bulgaria,BGR,2022-03-18,62.95
Bulgaria,BGR,2022-03-19,62.95
Bulgaria,BGR,2022-03-21,62.98
Bulgaria,BGR,2022-03-22,63.01
Bulgaria,BGR,2022-03-23,63.04
Bulgaria,BGR,2022-03-24,63.06
Bulgaria,BGR,2022-03-25,63.09
Bulgaria,BGR,2022-03-26,63.1
Bulgaria,BGR,2022-03-28,63.12
Bulgaria,BGR,2022-03-29,63.15
Bulgaria,BGR,2022-03-30,63.18
Bulgaria,BGR,2022-03-31,63.2
Bulgaria,BGR,2022-04-04,63.25
Bulgaria,BGR,2022-04-05,63.27
Bulgaria,BGR,2022-04-06,63.3
Bulgaria,BGR,2022-04-07,63.32
Bulgaria,BGR,2022-04-08,63.34
Bulgaria,BGR,2022-04-09,63.35
Bulgaria,BGR,2022-04-11,63.37
Bulgaria,BGR,2022-04-12,63.4
Bulgaria,BGR,2022-04-13,63.42
Bulgaria,BGR,2022-04-14,63.45
Bulgaria,BGR,2022-04-18,63.5
Bulgaria,BGR,2022-04-19,63.52
Bulgaria,BGR,2022-04-20,63.54
Bulgaria,BGR,2022-04-21,63.56
Bulgaria,BGR,2022-04-22,63.56
Bulgaria,BGR,2022-04-23,63.56
Bulgaria,BGR,2022-04-25,63.56
Bulgaria,BGR,2022-04-26,63.58
Bulgaria,BGR,2022-04-27,63.6
Bulgaria,BGR,2022-04-28,63.62
Bulgaria,BGR,2022-04-29,63.64
Bulgaria,BGR,2022-04-30,63.65
Bulgaria,BGR,2022-05-02,63.65
Bulgaria,BGR,2022-05-03,63.66
Bulgaria,BGR,2022-05-04,63.68
Bulgaria,BGR,2022-05-05,63.7
Bulgaria,BGR,2022-05-06,63.7
Bulgaria,BGR,2022-05-07,63.7
Bulgaria,BGR,2022-05-08,63.7
Bulgaria,BGR,2022-05-09,63.71
Bulgaria,BGR,2022-05-10,63.73
Bulgaria,BGR,2022-05-11,63.74
Bulgaria,BGR,2022-05-12,63.76
Bulgaria,BGR,2022-05-13,63.77
Bulgaria,BGR,2022-05-14,63.77
Bulgaria,BGR,2022-05-16,63.78
Bulgaria,BGR,2022-05-17,63.8
Bulgaria,BGR,2022-05-18,63.81
Bulgaria,BGR,2022-05-19,63.82
Bulgaria,BGR,2022-05-20,63.83
Bulgaria,BGR,2022-05-21,63.83
Bulgaria,BGR,2022-05-23,63.84
Bulgaria,BGR,2022-05-24,63.84
Bulgaria,BGR,2022-05-25,63.85
Bulgaria,BGR,2022-05-26,63.86
Bulgaria,BGR,2022-05-27,63.87
Bulgaria,BGR,2022-05-28,63.87
Bulgaria,BGR,2022-05-30,63.88
Bulgaria,BGR,2022-05-31,63.89
Bulgaria,BGR,2022-06-01,63.89
Bulgaria,BGR,2022-06-02,63.9
Bulgaria,BGR,2022-06-03,63.91
Bulgaria,BGR,2022-06-04,63.91
Bulgaria,BGR,2022-06-06,63.91
Bulgaria,BGR,2022-06-07,63.92
Bulgaria,BGR,2022-06-08,63.93
Bulgaria,BGR,2022-06-09,63.93
Bulgaria,BGR,2022-06-10,63.94
Bulgaria,BGR,2022-06-11,63.94
Bulgaria,BGR,2022-06-12,63.94
Bulgaria,BGR,2022-06-13,63.94
Bulgaria,BGR,2022-06-14,63.95
Bulgaria,BGR,2022-06-15,63.96
Bulgaria,BGR,2022-06-16,63.96
Bulgaria,BGR,2022-06-17,63.97
Bulgaria,BGR,2022-06-18,63.97
Bulgaria,BGR,2022-06-20,63.97
Bulgaria,BGR,2022-06-21,63.98
Bulgaria,BGR,2022-06-22,63.99
Bulgaria,BGR,2022-06-23,63.99
Bulgaria,BGR,2022-06-24,64
Bulgaria,BGR,2022-06-25,64
Bulgaria,BGR,2022-06-27,64.01
Bulgaria,BGR,2022-06-28,64.02
Bulgaria,BGR,2022-06-29,64.04
Bulgaria,BGR,2022-06-30,64.06
Bulgaria,BGR,2022-07-01,64.08
Bulgaria,BGR,2022-07-02,64.08
Bulgaria,BGR,2022-07-03,64.08
Bulgaria,BGR,2022-07-04,64.1
Bulgaria,BGR,2022-07-05,64.12
Bulgaria,BGR,2022-07-06,64.16
Bulgaria,BGR,2022-07-07,64.19
Bulgaria,BGR,2022-07-09,64.23
Bulgaria,BGR,2022-07-11,64.26
Bulgaria,BGR,2022-07-12,64.31
Bulgaria,BGR,2022-07-13,64.36
Bulgaria,BGR,2022-07-14,64.42
Bulgaria,BGR,2022-07-15,64.47
Bulgaria,BGR,2022-07-16,64.47
Bulgaria,BGR,2022-07-17,64.47
Bulgaria,BGR,2022-07-18,64.52
Bulgaria,BGR,2022-07-19,64.57
Bulgaria,BGR,2022-07-20,64.63
Bulgaria,BGR,2022-07-21,64.68
Bulgaria,BGR,2022-07-22,64.73
Bulgaria,BGR,2022-07-23,64.74
Bulgaria,BGR,2022-07-24,64.74
Bulgaria,BGR,2022-07-25,64.77
Bulgaria,BGR,2022-07-26,64.83
Bulgaria,BGR,2022-07-27,64.88
Bulgaria,BGR,2022-07-28,64.94
Bulgaria,BGR,2022-07-29,64.97
Bulgaria,BGR,2022-07-30,64.98
Bulgaria,BGR,2022-07-31,64.98
Bulgaria,BGR,2022-08-01,65
Bulgaria,BGR,2022-08-02,65.04
Bulgaria,BGR,2022-08-03,65.09
Burkina Faso,BFA,2021-06-02,0
Burkina Faso,BFA,2021-06-10,0.04
Burkina Faso,BFA,2021-06-14,0.08
Burkina Faso,BFA,2021-06-28,0.12
Burkina Faso,BFA,2021-07-12,0.15
Burkina Faso,BFA,2021-08-09,0.17
Burkina Faso,BFA,2021-08-16,0.32
Burkina Faso,BFA,2021-08-23,0.45
Burkina Faso,BFA,2021-08-31,0.49
Burkina Faso,BFA,2021-09-12,0.75
Burkina Faso,BFA,2021-09-22,1.15
Burkina Faso,BFA,2021-10-09,1.34
Burkina Faso,BFA,2021-10-24,1.72
Burkina Faso,BFA,2021-10-28,2.82
Burkina Faso,BFA,2021-11-04,2.99
Burkina Faso,BFA,2021-12-15,3.52
Burkina Faso,BFA,2021-12-22,4.77
Burkina Faso,BFA,2022-01-04,5.4
Burkina Faso,BFA,2022-01-13,5.7
Burkina Faso,BFA,2022-02-20,10.45
Burkina Faso,BFA,2022-02-27,10.5
Burkina Faso,BFA,2022-03-06,10.54
Burkina Faso,BFA,2022-03-14,10.66
Burkina Faso,BFA,2022-03-20,10.72
Burkina Faso,BFA,2022-04-08,11.04
Burkina Faso,BFA,2022-05-01,13.25
Burkina Faso,BFA,2022-05-08,13.25
Burkina Faso,BFA,2022-05-22,13.3
Burkina Faso,BFA,2022-06-05,13.34
Burkina Faso,BFA,2022-06-19,13.34
Burkina Faso,BFA,2022-06-26,13.34
Burkina Faso,BFA,2022-07-17,14.18
Burundi,BDI,2021-10-19,0
Burundi,BDI,2021-10-20,0
Burundi,BDI,2021-10-22,0
Burundi,BDI,2021-10-26,0
Burundi,BDI,2021-10-28,0
Burundi,BDI,2021-10-29,0
Burundi,BDI,2021-11-09,0.01
Burundi,BDI,2021-11-10,0.01
Burundi,BDI,2021-11-11,0.01
Burundi,BDI,2021-11-12,0.01
Burundi,BDI,2021-11-15,0.01
Burundi,BDI,2021-11-18,0.01
Burundi,BDI,2021-11-23,0.02
Burundi,BDI,2021-11-25,0.02
Burundi,BDI,2021-11-26,0.02
Burundi,BDI,2021-12-01,0.02
Burundi,BDI,2021-12-05,0.02
Burundi,BDI,2021-12-09,0.03
Burundi,BDI,2021-12-12,0.03
Burundi,BDI,2021-12-15,0.05
Burundi,BDI,2021-12-23,0.06
Burundi,BDI,2022-01-13,0.07
Burundi,BDI,2022-02-02,0.08
Burundi,BDI,2022-04-03,0.09
Burundi,BDI,2022-05-01,0.1
Burundi,BDI,2022-05-08,0.1
Burundi,BDI,2022-05-22,0.12
Burundi,BDI,2022-06-05,0.13
Burundi,BDI,2022-06-19,0.13
Burundi,BDI,2022-06-26,0.14
Burundi,BDI,2022-07-10,0.14
Burundi,BDI,2022-07-17,0.15
Cambodia,KHM,2021-02-09,0
Cambodia,KHM,2021-02-10,0
Cambodia,KHM,2021-02-12,0.01
Cambodia,KHM,2021-02-15,0.04
Cambodia,KHM,2021-02-16,0.07
Cambodia,KHM,2021-02-17,0.07
Cambodia,KHM,2021-02-18,0.1
Cambodia,KHM,2021-02-19,0.13
Cambodia,KHM,2021-02-21,0.17
Cambodia,KHM,2021-02-22,0.23
Cambodia,KHM,2021-02-23,0.27
Cambodia,KHM,2021-02-24,0.33
Cambodia,KHM,2021-02-25,0.36
Cambodia,KHM,2021-02-26,0.38
Cambodia,KHM,2021-02-28,0.42
Cambodia,KHM,2021-03-01,0.52
Cambodia,KHM,2021-03-02,0.69
Cambodia,KHM,2021-03-03,0.82
Cambodia,KHM,2021-03-04,0.91
Cambodia,KHM,2021-03-05,1.01
Cambodia,KHM,2021-03-06,1.08
Cambodia,KHM,2021-03-07,1.12
Cambodia,KHM,2021-03-08,1.2
Cambodia,KHM,2021-03-09,1.34
Cambodia,KHM,2021-03-10,1.53
Cambodia,KHM,2021-03-11,1.72
Cambodia,KHM,2021-03-12,1.86
Cambodia,KHM,2021-03-13,1.97
Cambodia,KHM,2021-03-14,2.03
Cambodia,KHM,2021-03-15,2.09
Cambodia,KHM,2021-03-16,2.25
Cambodia,KHM,2021-03-17,2.43
Cambodia,KHM,2021-03-19,2.66
Cambodia,KHM,2021-03-20,2.75
Cambodia,KHM,2021-03-21,2.8
Cambodia,KHM,2021-03-22,2.87
Cambodia,KHM,2021-03-23,2.95
Cambodia,KHM,2021-03-24,3.05
Cambodia,KHM,2021-03-25,3.2
Cambodia,KHM,2021-03-26,3.36
Cambodia,KHM,2021-03-27,3.5
Cambodia,KHM,2021-03-28,3.59
Cambodia,KHM,2021-03-29,3.69
Cambodia,KHM,2021-03-30,3.78
Cambodia,KHM,2021-03-31,3.89
Cambodia,KHM,2021-04-01,4.05
Cambodia,KHM,2021-04-02,4.35
Cambodia,KHM,2021-04-03,4.69
Cambodia,KHM,2021-04-04,5
Cambodia,KHM,2021-04-05,5.34
Cambodia,KHM,2021-04-06,5.7
Cambodia,KHM,2021-04-07,6.1
Cambodia,KHM,2021-04-08,6.46
Cambodia,KHM,2021-04-09,7.08
Cambodia,KHM,2021-04-10,7.46
Cambodia,KHM,2021-04-11,7.76
Cambodia,KHM,2021-04-12,8.27
Cambodia,KHM,2021-04-13,8.72
Cambodia,KHM,2021-04-14,8.93
Cambodia,KHM,2021-04-15,9.1
Cambodia,KHM,2021-04-16,9.29
Cambodia,KHM,2021-04-17,9.38
Cambodia,KHM,2021-04-18,9.4
Cambodia,KHM,2021-04-19,9.98
Cambodia,KHM,2021-04-20,10.31
Cambodia,KHM,2021-04-21,10.7
Cambodia,KHM,2021-04-22,11.13
Cambodia,KHM,2021-04-23,11.55
Cambodia,KHM,2021-04-24,11.93
Cambodia,KHM,2021-04-25,12.22
Cambodia,KHM,2021-04-26,12.5
Cambodia,KHM,2021-04-27,12.76
Cambodia,KHM,2021-04-29,13.51
Cambodia,KHM,2021-04-30,13.77
Cambodia,KHM,2021-05-01,14.07
Cambodia,KHM,2021-05-02,14.51
Cambodia,KHM,2021-05-03,14.89
Cambodia,KHM,2021-05-04,15.33
Cambodia,KHM,2021-05-05,15.73
Cambodia,KHM,2021-05-06,16.2
Cambodia,KHM,2021-05-07,16.67
Cambodia,KHM,2021-05-08,17.04
Cambodia,KHM,2021-05-09,17.39
Cambodia,KHM,2021-05-10,17.74
Cambodia,KHM,2021-05-11,18.09
Cambodia,KHM,2021-05-12,18.5
Cambodia,KHM,2021-05-13,18.88
Cambodia,KHM,2021-05-14,19.17
Cambodia,KHM,2021-05-15,19.38
Cambodia,KHM,2021-05-16,19.7
Cambodia,KHM,2021-05-17,20.09
Cambodia,KHM,2021-05-18,20.59
Cambodia,KHM,2021-05-19,21.12
Cambodia,KHM,2021-05-20,21.65
Cambodia,KHM,2021-05-21,22.14
Cambodia,KHM,2021-05-22,22.71
Cambodia,KHM,2021-05-23,23.15
Cambodia,KHM,2021-05-24,23.68
Cambodia,KHM,2021-05-25,24.14
Cambodia,KHM,2021-05-26,24.8
Cambodia,KHM,2021-05-27,25.44
Cambodia,KHM,2021-05-28,26.1
Cambodia,KHM,2021-05-29,26.75
Cambodia,KHM,2021-05-30,27.3
Cambodia,KHM,2021-05-31,27.81
Cambodia,KHM,2021-06-01,28.16
Cambodia,KHM,2021-06-02,28.48
Cambodia,KHM,2021-06-03,28.83
Cambodia,KHM,2021-06-04,29.17
Cambodia,KHM,2021-06-05,29.5
Cambodia,KHM,2021-06-06,29.77
Cambodia,KHM,2021-06-07,29.96
Cambodia,KHM,2021-06-08,30.17
Cambodia,KHM,2021-06-09,30.44
Cambodia,KHM,2021-06-10,30.91
Cambodia,KHM,2021-06-11,31.49
Cambodia,KHM,2021-06-12,32.1
Cambodia,KHM,2021-06-13,32.72
Cambodia,KHM,2021-06-14,33.38
Cambodia,KHM,2021-06-15,34.17
Cambodia,KHM,2021-06-16,34.73
Cambodia,KHM,2021-06-17,35.2
Cambodia,KHM,2021-06-18,35.72
Cambodia,KHM,2021-06-19,36.25
Cambodia,KHM,2021-06-20,36.76
Cambodia,KHM,2021-06-21,37.2
Cambodia,KHM,2021-06-22,37.83
Cambodia,KHM,2021-06-23,38.45
Cambodia,KHM,2021-06-24,39.05
Cambodia,KHM,2021-06-25,39.88
Cambodia,KHM,2021-06-26,40.57
Cambodia,KHM,2021-06-27,41.21
Cambodia,KHM,2021-06-28,41.94
Cambodia,KHM,2021-06-29,42.76
Cambodia,KHM,2021-06-30,43.71
Cambodia,KHM,2021-07-01,44.66
Cambodia,KHM,2021-07-02,45.56
Cambodia,KHM,2021-07-03,46.36
Cambodia,KHM,2021-07-04,47.11
Cambodia,KHM,2021-07-05,47.8
Cambodia,KHM,2021-07-06,48.41
Cambodia,KHM,2021-07-07,49.08
Cambodia,KHM,2021-07-08,49.87
Cambodia,KHM,2021-07-09,50.77
Cambodia,KHM,2021-07-10,51.6
Cambodia,KHM,2021-07-11,52.45
Cambodia,KHM,2021-07-12,53.43
Cambodia,KHM,2021-07-13,54.57
Cambodia,KHM,2021-07-14,55.72
Cambodia,KHM,2021-07-15,56.99
Cambodia,KHM,2021-07-16,58.32
Cambodia,KHM,2021-07-17,59.54
Cambodia,KHM,2021-07-18,60.54
Cambodia,KHM,2021-07-19,61.59
Cambodia,KHM,2021-07-20,62.68
Cambodia,KHM,2021-07-21,63.83
Cambodia,KHM,2021-07-22,64.86
Cambodia,KHM,2021-07-23,65.8
Cambodia,KHM,2021-07-24,66.79
Cambodia,KHM,2021-07-25,67.66
Cambodia,KHM,2021-07-26,68.6
Cambodia,KHM,2021-07-27,69.49
Cambodia,KHM,2021-07-28,70.35
Cambodia,KHM,2021-07-29,71.14
Cambodia,KHM,2021-07-30,72.11
Cambodia,KHM,2021-07-31,72.87
Cambodia,KHM,2021-08-01,73.74
Cambodia,KHM,2021-08-02,74.91
Cambodia,KHM,2021-08-03,76.22
Cambodia,KHM,2021-08-04,77.55
Cambodia,KHM,2021-08-05,79.14
Cambodia,KHM,2021-08-06,80.74
Cambodia,KHM,2021-08-07,82.47
Cambodia,KHM,2021-08-08,84.09
Cambodia,KHM,2021-08-09,85.96
Cambodia,KHM,2021-08-10,87.74
Cambodia,KHM,2021-08-11,89.58
Cambodia,KHM,2021-08-12,91.24
Cambodia,KHM,2021-08-13,92.67
Cambodia,KHM,2021-08-14,94.17
Cambodia,KHM,2021-08-15,95.48
Cambodia,KHM,2021-08-16,96.8
Cambodia,KHM,2021-08-17,98.16
Cambodia,KHM,2021-08-18,99.55
Cambodia,KHM,2021-08-19,100.84
Cambodia,KHM,2021-08-20,102.05
Cambodia,KHM,2021-08-21,103.39
Cambodia,KHM,2021-08-22,104.37
Cambodia,KHM,2021-08-23,105.79
Cambodia,KHM,2021-08-24,107.02
Cambodia,KHM,2021-08-25,108.22
Cambodia,KHM,2021-08-26,109.33
Cambodia,KHM,2021-08-27,110.54
Cambodia,KHM,2021-08-28,111.73
Cambodia,KHM,2021-08-29,112.81
Cambodia,KHM,2021-08-30,114.01
Cambodia,KHM,2021-08-31,115.05
Cambodia,KHM,2021-09-01,116.02
Cambodia,KHM,2021-09-02,116.95
Cambodia,KHM,2021-09-03,117.77
Cambodia,KHM,2021-09-04,119.54
Cambodia,KHM,2021-09-05,120.12
Cambodia,KHM,2021-09-06,120.92
Cambodia,KHM,2021-09-07,121.69
Cambodia,KHM,2021-09-08,122.44
Cambodia,KHM,2021-09-09,123.16
Cambodia,KHM,2021-09-10,123.9
Cambodia,KHM,2021-09-11,124.62
Cambodia,KHM,2021-09-12,125.16
Cambodia,KHM,2021-09-13,125.98
Cambodia,KHM,2021-09-14,126.86
Cambodia,KHM,2021-09-15,127.73
Cambodia,KHM,2021-09-16,128.53
Cambodia,KHM,2021-09-17,129.7
Cambodia,KHM,2021-09-18,131.65
Cambodia,KHM,2021-09-19,133.54
Cambodia,KHM,2021-09-20,135.6
Cambodia,KHM,2021-09-21,137.55
Cambodia,KHM,2021-09-22,139.25
Cambodia,KHM,2021-09-23,140.71
Cambodia,KHM,2021-09-24,141.89
Cambodia,KHM,2021-09-25,142.9
Cambodia,KHM,2021-09-26,143.65
Cambodia,KHM,2021-09-27,144.51
Cambodia,KHM,2021-09-28,145.22
Cambodia,KHM,2021-09-29,145.82
Cambodia,KHM,2021-09-30,146.32
Cambodia,KHM,2021-10-01,146.68
Cambodia,KHM,2021-10-02,146.96
Cambodia,KHM,2021-10-03,147.15
Cambodia,KHM,2021-10-04,147.33
Cambodia,KHM,2021-10-05,147.37
Cambodia,KHM,2021-10-06,147.37
Cambodia,KHM,2021-10-07,147.37
Cambodia,KHM,2021-10-08,147.75
Cambodia,KHM,2021-10-09,148.72
Cambodia,KHM,2021-10-10,149.86
Cambodia,KHM,2021-10-11,151.68
Cambodia,KHM,2021-10-12,153.64
Cambodia,KHM,2021-10-13,155.36
Cambodia,KHM,2021-10-14,156.88
Cambodia,KHM,2021-10-15,158.15
Cambodia,KHM,2021-10-16,159.38
Cambodia,KHM,2021-10-17,160.28
Cambodia,KHM,2021-10-18,161.26
Cambodia,KHM,2021-10-19,162.07
Cambodia,KHM,2021-10-20,162.75
Cambodia,KHM,2021-10-21,163.31
Cambodia,KHM,2021-10-22,163.75
Cambodia,KHM,2021-10-23,164.23
Cambodia,KHM,2021-10-24,164.63
Cambodia,KHM,2021-10-25,164.91
Cambodia,KHM,2021-10-26,165.11
Cambodia,KHM,2021-10-27,165.29
Cambodia,KHM,2021-10-28,165.52
Cambodia,KHM,2021-10-29,165.7
Cambodia,KHM,2021-10-30,166.02
Cambodia,KHM,2021-10-31,166.27
Cambodia,KHM,2021-11-01,166.74
Cambodia,KHM,2021-11-02,167.3
Cambodia,KHM,2021-11-03,167.82
Cambodia,KHM,2021-11-04,168.25
Cambodia,KHM,2021-11-05,168.59
Cambodia,KHM,2021-11-07,169.04
Cambodia,KHM,2021-11-08,169.34
Cambodia,KHM,2021-11-09,169.47
Cambodia,KHM,2021-11-10,169.7
Cambodia,KHM,2021-11-11,169.89
Cambodia,KHM,2021-11-12,170.06
Cambodia,KHM,2021-11-13,170.17
Cambodia,KHM,2021-11-14,170.18
Cambodia,KHM,2021-11-15,170.24
Cambodia,KHM,2021-11-16,170.76
Cambodia,KHM,2021-11-17,171
Cambodia,KHM,2021-11-18,171.08
Cambodia,KHM,2021-11-19,171.14
Cambodia,KHM,2021-11-20,171.23
Cambodia,KHM,2021-11-21,171.28
Cambodia,KHM,2021-11-22,171.5
Cambodia,KHM,2021-11-23,171.7
Cambodia,KHM,2021-11-24,171.86
Cambodia,KHM,2021-11-25,172.02
Cambodia,KHM,2021-11-26,172.19
Cambodia,KHM,2021-11-27,172.29
Cambodia,KHM,2021-11-28,172.39
Cambodia,KHM,2021-11-29,172.75
Cambodia,KHM,2021-11-30,173.11
Cambodia,KHM,2021-12-01,173.46
Cambodia,KHM,2021-12-02,173.87
Cambodia,KHM,2021-12-03,174.27
Cambodia,KHM,2021-12-04,174.61
Cambodia,KHM,2021-12-05,174.82
Cambodia,KHM,2021-12-06,175.38
Cambodia,KHM,2021-12-07,175.96
Cambodia,KHM,2021-12-08,176.53
Cambodia,KHM,2021-12-09,177.02
Cambodia,KHM,2021-12-10,177.38
Cambodia,KHM,2021-12-11,177.66
Cambodia,KHM,2021-12-12,177.84
Cambodia,KHM,2021-12-13,178.28
Cambodia,KHM,2021-12-14,178.62
Cambodia,KHM,2021-12-15,178.9
Cambodia,KHM,2021-12-17,179.46
Cambodia,KHM,2021-12-18,179.66
Cambodia,KHM,2021-12-19,179.82
Cambodia,KHM,2021-12-20,180.27
Cambodia,KHM,2021-12-21,180.67
Cambodia,KHM,2021-12-22,181.02
Cambodia,KHM,2021-12-23,181.32
Cambodia,KHM,2021-12-24,181.68
Cambodia,KHM,2021-12-25,181.93
Cambodia,KHM,2021-12-26,182.11
Cambodia,KHM,2021-12-27,182.56
Cambodia,KHM,2021-12-28,182.87
Cambodia,KHM,2021-12-29,183.14
Cambodia,KHM,2021-12-30,183.4
Cambodia,KHM,2021-12-31,183.6
Cambodia,KHM,2022-01-01,183.65
Cambodia,KHM,2022-01-02,183.69
Cambodia,KHM,2022-01-03,184.06
Cambodia,KHM,2022-01-04,184.51
Cambodia,KHM,2022-01-05,184.89
Cambodia,KHM,2022-01-06,185.24
Cambodia,KHM,2022-01-07,185.45
Cambodia,KHM,2022-01-08,185.68
Cambodia,KHM,2022-01-09,185.83
Cambodia,KHM,2022-01-10,186.57
Cambodia,KHM,2022-01-11,187.39
Cambodia,KHM,2022-01-12,188.19
Cambodia,KHM,2022-01-14,189.69
Cambodia,KHM,2022-01-15,190.53
Cambodia,KHM,2022-01-16,191.13
Cambodia,KHM,2022-01-17,191.99
Cambodia,KHM,2022-01-18,192.93
Cambodia,KHM,2022-01-19,193.79
Cambodia,KHM,2022-01-20,194.58
Cambodia,KHM,2022-01-21,195.32
Cambodia,KHM,2022-01-22,195.87
Cambodia,KHM,2022-01-23,196.25
Cambodia,KHM,2022-01-24,197.02
Cambodia,KHM,2022-01-25,197.73
Cambodia,KHM,2022-01-26,198.29
Cambodia,KHM,2022-01-27,198.77
Cambodia,KHM,2022-01-28,199.23
Cambodia,KHM,2022-01-29,199.52
Cambodia,KHM,2022-01-30,199.66
Cambodia,KHM,2022-01-31,199.8
Cambodia,KHM,2022-02-01,200.04
Cambodia,KHM,2022-02-02,200.27
Cambodia,KHM,2022-02-03,200.6
Cambodia,KHM,2022-02-04,200.88
Cambodia,KHM,2022-02-06,201.21
Cambodia,KHM,2022-02-07,201.47
Cambodia,KHM,2022-02-08,201.8
Cambodia,KHM,2022-02-09,202.17
Cambodia,KHM,2022-02-11,202.91
Cambodia,KHM,2022-02-12,203.31
Cambodia,KHM,2022-02-13,203.61
Cambodia,KHM,2022-02-14,204.22
Cambodia,KHM,2022-02-15,205.21
Cambodia,KHM,2022-02-17,205.66
Cambodia,KHM,2022-02-19,206.52
Cambodia,KHM,2022-02-20,206.76
Cambodia,KHM,2022-02-21,207.27
Cambodia,KHM,2022-02-22,208.03
Cambodia,KHM,2022-02-23,209.06
Cambodia,KHM,2022-02-24,210.34
Cambodia,KHM,2022-02-25,211.39
Cambodia,KHM,2022-02-26,212.14
Cambodia,KHM,2022-02-27,212.65
Cambodia,KHM,2022-02-28,213.52
Cambodia,KHM,2022-03-01,214.37
Cambodia,KHM,2022-03-02,215.03
Cambodia,KHM,2022-03-03,215.63
Cambodia,KHM,2022-03-04,216.14
Cambodia,KHM,2022-03-05,216.54
Cambodia,KHM,2022-03-06,216.78
Cambodia,KHM,2022-03-07,217.27
Cambodia,KHM,2022-03-08,217.45
Cambodia,KHM,2022-03-10,218.21
Cambodia,KHM,2022-03-11,218.52
Cambodia,KHM,2022-03-12,218.73
Cambodia,KHM,2022-03-13,218.86
Cambodia,KHM,2022-03-14,219.13
Cambodia,KHM,2022-03-17,219.77
Cambodia,KHM,2022-03-18,220
Cambodia,KHM,2022-03-19,220.14
Cambodia,KHM,2022-03-20,220.24
Cambodia,KHM,2022-03-21,220.43
Cambodia,KHM,2022-03-22,220.61
Cambodia,KHM,2022-03-23,220.86
Cambodia,KHM,2022-03-24,221.14
Cambodia,KHM,2022-03-25,221.38
Cambodia,KHM,2022-03-26,221.58
Cambodia,KHM,2022-03-27,221.69
Cambodia,KHM,2022-03-28,221.95
Cambodia,KHM,2022-03-29,222.21
Cambodia,KHM,2022-03-30,222.43
Cambodia,KHM,2022-03-31,222.72
Cambodia,KHM,2022-04-01,222.89
Cambodia,KHM,2022-04-02,222.98
Cambodia,KHM,2022-04-03,223.06
Cambodia,KHM,2022-04-04,223.22
Cambodia,KHM,2022-04-05,223.37
Cambodia,KHM,2022-04-06,223.51
Cambodia,KHM,2022-04-07,223.66
Cambodia,KHM,2022-04-08,223.79
Cambodia,KHM,2022-04-09,223.86
Cambodia,KHM,2022-04-10,223.91
Cambodia,KHM,2022-04-11,224.03
Cambodia,KHM,2022-04-12,224.11
Cambodia,KHM,2022-04-15,224.18
Cambodia,KHM,2022-04-16,224.41
Cambodia,KHM,2022-04-17,224.49
Cambodia,KHM,2022-04-18,224.64
Cambodia,KHM,2022-04-19,224.85
Cambodia,KHM,2022-04-20,225.13
Cambodia,KHM,2022-04-21,225.44
Cambodia,KHM,2022-04-22,225.92
Cambodia,KHM,2022-04-23,226.51
Cambodia,KHM,2022-04-24,226.98
Cambodia,KHM,2022-04-26,228.08
Cambodia,KHM,2022-04-28,229.38
Cambodia,KHM,2022-04-30,231.05
Cambodia,KHM,2022-05-01,231.42
Cambodia,KHM,2022-05-14,231.84
Cambodia,KHM,2022-05-20,239.07
Cambodia,KHM,2022-06-05,242.09
Cambodia,KHM,2022-06-12,243.25
Cambodia,KHM,2022-06-18,245.41
Cambodia,KHM,2022-06-25,246.89
Cambodia,KHM,2022-07-08,249.22
Cambodia,KHM,2022-07-15,250.67
Cameroon,CMR,2021-04-11,0
Cameroon,CMR,2021-04-12,0
Cameroon,CMR,2021-04-29,0.04
Cameroon,CMR,2021-05-12,0.16
Cameroon,CMR,2021-05-18,0.17
Cameroon,CMR,2021-05-21,0.18
Cameroon,CMR,2021-05-24,0.21
Cameroon,CMR,2021-05-26,0.24
Cameroon,CMR,2021-05-31,0.28
Cameroon,CMR,2021-06-08,0.3
Cameroon,CMR,2021-06-10,0.32
Cameroon,CMR,2021-06-14,0.33
Cameroon,CMR,2021-06-20,0.36
Cameroon,CMR,2021-06-24,0.38
Cameroon,CMR,2021-06-28,0.41
Cameroon,CMR,2021-07-12,0.6
Cameroon,CMR,2021-07-19,1.15
Cameroon,CMR,2021-07-24,1.17
Cameroon,CMR,2021-07-26,1.22
Cameroon,CMR,2021-08-03,1.29
Cameroon,CMR,2021-08-09,1.35
Cameroon,CMR,2021-08-16,1.45
Cameroon,CMR,2021-08-20,1.52
Cameroon,CMR,2021-08-23,1.54
Cameroon,CMR,2021-08-27,1.57
Cameroon,CMR,2021-08-30,1.57
Cameroon,CMR,2021-09-06,1.6
Cameroon,CMR,2021-09-12,1.63
Cameroon,CMR,2021-09-17,1.66
Cameroon,CMR,2021-09-22,1.69
Cameroon,CMR,2021-09-27,1.7
Cameroon,CMR,2021-09-29,1.73
Cameroon,CMR,2021-10-06,1.75
Cameroon,CMR,2021-10-11,1.76
Cameroon,CMR,2021-10-14,1.77
Cameroon,CMR,2021-10-18,1.8
Cameroon,CMR,2021-10-23,1.83
Cameroon,CMR,2021-10-27,1.85
Cameroon,CMR,2021-11-01,1.85
Cameroon,CMR,2021-11-04,1.87
Cameroon,CMR,2021-11-11,1.88
Cameroon,CMR,2021-11-12,1.91
Cameroon,CMR,2021-11-18,2.23
Cameroon,CMR,2021-11-22,3.16
Cameroon,CMR,2021-11-24,3.4
Cameroon,CMR,2021-11-29,3.51
Cameroon,CMR,2021-12-06,3.58
Cameroon,CMR,2021-12-14,3.63
Cameroon,CMR,2021-12-28,3.75
Cameroon,CMR,2022-01-14,3.77
Cameroon,CMR,2022-02-22,4.66
Cameroon,CMR,2022-03-01,4.68
Cameroon,CMR,2022-03-09,4.68
Cameroon,CMR,2022-03-21,5.73
Cameroon,CMR,2022-04-04,6.69
Cameroon,CMR,2022-04-26,6.72
Cameroon,CMR,2022-05-22,6.75
Cameroon,CMR,2022-06-05,6.76
Cameroon,CMR,2022-06-19,6.76
Cameroon,CMR,2022-07-10,6.8
Canada,CAN,2020-12-14,0
Canada,CAN,2020-12-15,0
Canada,CAN,2020-12-16,0.01
Canada,CAN,2020-12-17,0.02
Canada,CAN,2020-12-18,0.03
Canada,CAN,2020-12-19,0.03
Canada,CAN,2020-12-20,0.03
Canada,CAN,2020-12-21,0.06
Canada,CAN,2020-12-22,0.07
Canada,CAN,2020-12-23,0.09
Canada,CAN,2020-12-24,0.12
Canada,CAN,2020-12-25,0.13
Canada,CAN,2020-12-26,0.13
Canada,CAN,2020-12-27,0.14
Canada,CAN,2020-12-28,0.15
Canada,CAN,2020-12-29,0.19
Canada,CAN,2020-12-30,0.21
Canada,CAN,2020-12-31,0.25
Canada,CAN,2021-01-01,0.28
Canada,CAN,2021-01-02,0.29
Canada,CAN,2021-01-03,0.3
Canada,CAN,2021-01-04,0.36
Canada,CAN,2021-01-05,0.41
Canada,CAN,2021-01-06,0.48
Canada,CAN,2021-01-07,0.58
Canada,CAN,2021-01-08,0.69
Canada,CAN,2021-01-09,0.79
Canada,CAN,2021-01-10,0.85
Canada,CAN,2021-01-11,0.95
Canada,CAN,2021-01-12,1.03
Canada,CAN,2021-01-13,1.11
Canada,CAN,2021-01-14,1.22
Canada,CAN,2021-01-15,1.35
Canada,CAN,2021-01-16,1.45
Canada,CAN,2021-01-17,1.53
Canada,CAN,2021-01-18,1.63
Canada,CAN,2021-01-19,1.74
Canada,CAN,2021-01-20,1.85
Canada,CAN,2021-01-21,1.96
Canada,CAN,2021-01-22,2.06
Canada,CAN,2021-01-23,2.14
Canada,CAN,2021-01-24,2.18
Canada,CAN,2021-01-25,2.24
Canada,CAN,2021-01-26,2.31
Canada,CAN,2021-01-27,2.37
Canada,CAN,2021-01-28,2.44
Canada,CAN,2021-01-29,2.5
Canada,CAN,2021-01-30,2.54
Canada,CAN,2021-01-31,2.55
Canada,CAN,2021-02-01,2.6
Canada,CAN,2021-02-02,2.63
Canada,CAN,2021-02-03,2.67
Canada,CAN,2021-02-04,2.72
Canada,CAN,2021-02-05,2.78
Canada,CAN,2021-02-06,2.84
Canada,CAN,2021-02-07,2.87
Canada,CAN,2021-02-08,2.93
Canada,CAN,2021-02-09,3
Canada,CAN,2021-02-10,3.08
Canada,CAN,2021-02-11,3.17
Canada,CAN,2021-02-12,3.26
Canada,CAN,2021-02-13,3.35
Canada,CAN,2021-02-14,3.4
Canada,CAN,2021-02-15,3.42
Canada,CAN,2021-02-16,3.49
Canada,CAN,2021-02-17,3.55
Canada,CAN,2021-02-18,3.62
Canada,CAN,2021-02-19,3.75
Canada,CAN,2021-02-20,3.89
Canada,CAN,2021-02-21,4
Canada,CAN,2021-02-22,4.16
Canada,CAN,2021-02-23,4.29
Canada,CAN,2021-02-24,4.41
Canada,CAN,2021-02-25,4.57
Canada,CAN,2021-02-26,4.75
Canada,CAN,2021-02-27,4.91
Canada,CAN,2021-02-28,5.03
Canada,CAN,2021-03-01,5.19
Canada,CAN,2021-03-02,5.39
Canada,CAN,2021-03-03,5.58
Canada,CAN,2021-03-04,5.79
Canada,CAN,2021-03-05,6.02
Canada,CAN,2021-03-06,6.21
Canada,CAN,2021-03-07,6.36
Canada,CAN,2021-03-08,6.59
Canada,CAN,2021-03-09,6.78
Canada,CAN,2021-03-10,6.99
Canada,CAN,2021-03-11,7.25
Canada,CAN,2021-03-12,7.54
Canada,CAN,2021-03-13,7.82
Canada,CAN,2021-03-14,8.06
Canada,CAN,2021-03-15,8.39
Canada,CAN,2021-03-16,8.71
Canada,CAN,2021-03-17,9.08
Canada,CAN,2021-03-18,9.5
Canada,CAN,2021-03-19,9.93
Canada,CAN,2021-03-20,10.28
Canada,CAN,2021-03-21,10.52
Canada,CAN,2021-03-22,10.9
Canada,CAN,2021-03-23,11.23
Canada,CAN,2021-03-24,11.69
Canada,CAN,2021-03-25,12.19
Canada,CAN,2021-03-26,12.77
Canada,CAN,2021-03-27,13.21
Canada,CAN,2021-03-28,13.6
Canada,CAN,2021-03-29,14.1
Canada,CAN,2021-03-30,14.56
Canada,CAN,2021-03-31,15.15
Canada,CAN,2021-04-01,15.7
Canada,CAN,2021-04-02,16.15
Canada,CAN,2021-04-03,16.66
Canada,CAN,2021-04-04,16.98
Canada,CAN,2021-04-05,17.45
Canada,CAN,2021-04-06,17.99
Canada,CAN,2021-04-07,18.6
Canada,CAN,2021-04-08,19.29
Canada,CAN,2021-04-09,20.08
Canada,CAN,2021-04-10,20.72
Canada,CAN,2021-04-11,21.2
Canada,CAN,2021-04-12,22.09
Canada,CAN,2021-04-13,22.8
Canada,CAN,2021-04-14,23.59
Canada,CAN,2021-04-15,24.4
Canada,CAN,2021-04-16,25.25
Canada,CAN,2021-04-17,25.92
Canada,CAN,2021-04-18,26.44
Canada,CAN,2021-04-19,27.13
Canada,CAN,2021-04-20,27.76
Canada,CAN,2021-04-21,28.6
Canada,CAN,2021-04-22,29.56
Canada,CAN,2021-04-23,30.52
Canada,CAN,2021-04-24,31.27
Canada,CAN,2021-04-25,31.89
Canada,CAN,2021-04-26,32.58
Canada,CAN,2021-04-27,33.26
Canada,CAN,2021-04-28,33.96
Canada,CAN,2021-04-29,34.77
Canada,CAN,2021-04-30,35.51
Canada,CAN,2021-05-01,36.12
Canada,CAN,2021-05-02,36.58
Canada,CAN,2021-05-03,37.17
Canada,CAN,2021-05-04,37.79
Canada,CAN,2021-05-05,38.54
Canada,CAN,2021-05-06,39.49
Canada,CAN,2021-05-07,40.54
Canada,CAN,2021-05-08,41.4
Canada,CAN,2021-05-09,42.12
Canada,CAN,2021-05-10,43
Canada,CAN,2021-05-11,43.8
Canada,CAN,2021-05-12,44.72
Canada,CAN,2021-05-13,45.76
Canada,CAN,2021-05-14,46.9
Canada,CAN,2021-05-15,47.86
Canada,CAN,2021-05-16,48.7
Canada,CAN,2021-05-17,49.73
Canada,CAN,2021-05-18,50.48
Canada,CAN,2021-05-19,51.43
Canada,CAN,2021-05-20,52.48
Canada,CAN,2021-05-21,53.75
Canada,CAN,2021-05-22,54.78
Canada,CAN,2021-05-23,55.6
Canada,CAN,2021-05-24,56.53
Canada,CAN,2021-05-25,57.2
Canada,CAN,2021-05-26,58.05
Canada,CAN,2021-05-27,59.09
Canada,CAN,2021-05-28,60.29
Canada,CAN,2021-05-29,61.21
Canada,CAN,2021-05-30,62.04
Canada,CAN,2021-05-31,63.07
Canada,CAN,2021-06-01,63.89
Canada,CAN,2021-06-02,64.81
Canada,CAN,2021-06-03,65.89
Canada,CAN,2021-06-04,67.1
Canada,CAN,2021-06-05,68.1
Canada,CAN,2021-06-06,68.95
Canada,CAN,2021-06-07,70.02
Canada,CAN,2021-06-08,70.95
Canada,CAN,2021-06-09,72.01
Canada,CAN,2021-06-10,73.26
Canada,CAN,2021-06-11,74.58
Canada,CAN,2021-06-12,75.69
Canada,CAN,2021-06-13,76.68
Canada,CAN,2021-06-14,77.85
Canada,CAN,2021-06-15,79.03
Canada,CAN,2021-06-16,80.25
Canada,CAN,2021-06-17,81.58
Canada,CAN,2021-06-18,82.99
Canada,CAN,2021-06-19,84.09
Canada,CAN,2021-06-20,85.01
Canada,CAN,2021-06-21,86.08
Canada,CAN,2021-06-22,87.32
Canada,CAN,2021-06-23,88.68
Canada,CAN,2021-06-24,90.23
Canada,CAN,2021-06-25,91.6
Canada,CAN,2021-06-26,92.77
Canada,CAN,2021-06-27,93.71
Canada,CAN,2021-06-28,95.56
Canada,CAN,2021-06-29,97.1
Canada,CAN,2021-06-30,98.69
Canada,CAN,2021-07-01,99.9
Canada,CAN,2021-07-02,101.39
Canada,CAN,2021-07-03,102.34
Canada,CAN,2021-07-04,103.18
Canada,CAN,2021-07-05,104.76
Canada,CAN,2021-07-06,106.02
Canada,CAN,2021-07-07,107.35
Canada,CAN,2021-07-08,108.98
Canada,CAN,2021-07-09,110.41
Canada,CAN,2021-07-10,111.37
Canada,CAN,2021-07-11,112.12
Canada,CAN,2021-07-12,113.44
Canada,CAN,2021-07-13,114.53
Canada,CAN,2021-07-14,115.65
Canada,CAN,2021-07-15,116.8
Canada,CAN,2021-07-16,117.94
Canada,CAN,2021-07-17,118.73
Canada,CAN,2021-07-18,119.32
Canada,CAN,2021-07-19,120.44
Canada,CAN,2021-07-20,121.32
Canada,CAN,2021-07-21,122.33
Canada,CAN,2021-07-22,123.33
Canada,CAN,2021-07-23,124.26
Canada,CAN,2021-07-24,124.91
Canada,CAN,2021-07-25,125.43
Canada,CAN,2021-07-26,126.46
Canada,CAN,2021-07-27,127.19
Canada,CAN,2021-07-28,127.91
Canada,CAN,2021-07-29,128.62
Canada,CAN,2021-07-30,129.3
Canada,CAN,2021-07-31,129.78
Canada,CAN,2021-08-01,130.16
Canada,CAN,2021-08-02,130.4
Canada,CAN,2021-08-03,131.13
Canada,CAN,2021-08-04,131.57
Canada,CAN,2021-08-05,132.07
Canada,CAN,2021-08-06,132.53
Canada,CAN,2021-08-07,132.87
Canada,CAN,2021-08-08,133.13
Canada,CAN,2021-08-09,133.62
Canada,CAN,2021-08-10,133.97
Canada,CAN,2021-08-11,134.33
Canada,CAN,2021-08-12,134.73
Canada,CAN,2021-08-13,135.12
Canada,CAN,2021-08-14,135.43
Canada,CAN,2021-08-15,135.68
Canada,CAN,2021-08-16,136.11
Canada,CAN,2021-08-17,136.47
Canada,CAN,2021-08-18,136.8
Canada,CAN,2021-08-19,137.16
Canada,CAN,2021-08-20,137.5
Canada,CAN,2021-08-21,137.76
Canada,CAN,2021-08-22,137.97
Canada,CAN,2021-08-23,138.28
Canada,CAN,2021-08-24,138.59
Canada,CAN,2021-08-25,138.86
Canada,CAN,2021-08-26,139.19
Canada,CAN,2021-08-27,139.49
Canada,CAN,2021-08-28,139.7
Canada,CAN,2021-08-29,139.88
Canada,CAN,2021-08-30,140.2
Canada,CAN,2021-08-31,140.42
Canada,CAN,2021-09-01,140.67
Canada,CAN,2021-09-02,140.92
Canada,CAN,2021-09-03,141.21
Canada,CAN,2021-09-04,141.42
Canada,CAN,2021-09-05,141.59
Canada,CAN,2021-09-06,141.68
Canada,CAN,2021-09-07,141.95
Canada,CAN,2021-09-08,142.18
Canada,CAN,2021-09-09,142.43
Canada,CAN,2021-09-10,142.69
Canada,CAN,2021-09-11,142.88
Canada,CAN,2021-09-12,143.03
Canada,CAN,2021-09-13,143.29
Canada,CAN,2021-09-14,143.48
Canada,CAN,2021-09-15,143.7
Canada,CAN,2021-09-16,143.96
Canada,CAN,2021-09-17,144.37
Canada,CAN,2021-09-18,144.55
Canada,CAN,2021-09-19,144.7
Canada,CAN,2021-09-20,145.07
Canada,CAN,2021-09-21,145.33
Canada,CAN,2021-09-22,145.59
Canada,CAN,2021-09-23,145.89
Canada,CAN,2021-09-24,146.33
Canada,CAN,2021-09-25,146.53
Canada,CAN,2021-09-26,146.71
Canada,CAN,2021-09-27,147.02
Canada,CAN,2021-09-28,147.23
Canada,CAN,2021-09-29,147.49
Canada,CAN,2021-09-30,147.75
Canada,CAN,2021-10-01,148
Canada,CAN,2021-10-02,148.15
Canada,CAN,2021-10-03,148.29
Canada,CAN,2021-10-04,148.56
Canada,CAN,2021-10-05,148.77
Canada,CAN,2021-10-06,149.09
Canada,CAN,2021-10-07,149.32
Canada,CAN,2021-10-08,149.57
Canada,CAN,2021-10-09,149.74
Canada,CAN,2021-10-10,149.88
Canada,CAN,2021-10-11,149.95
Canada,CAN,2021-10-12,150.24
Canada,CAN,2021-10-13,150.48
Canada,CAN,2021-10-14,150.74
Canada,CAN,2021-10-15,151.01
Canada,CAN,2021-10-16,151.15
Canada,CAN,2021-10-17,151.27
Canada,CAN,2021-10-18,151.56
Canada,CAN,2021-10-19,151.76
Canada,CAN,2021-10-20,151.97
Canada,CAN,2021-10-21,152.2
Canada,CAN,2021-10-22,152.45
Canada,CAN,2021-10-23,152.58
Canada,CAN,2021-10-24,152.68
Canada,CAN,2021-10-25,152.95
Canada,CAN,2021-10-26,153.16
Canada,CAN,2021-10-27,153.36
Canada,CAN,2021-10-28,153.58
Canada,CAN,2021-10-29,153.78
Canada,CAN,2021-10-30,153.89
Canada,CAN,2021-10-31,153.98
Canada,CAN,2021-11-01,154.21
Canada,CAN,2021-11-02,154.36
Canada,CAN,2021-11-03,154.55
Canada,CAN,2021-11-04,154.76
Canada,CAN,2021-11-05,154.94
Canada,CAN,2021-11-06,155.03
Canada,CAN,2021-11-07,155.1
Canada,CAN,2021-11-08,155.34
Canada,CAN,2021-11-09,155.53
Canada,CAN,2021-11-10,155.76
Canada,CAN,2021-11-11,155.86
Canada,CAN,2021-11-12,156.1
Canada,CAN,2021-11-13,156.19
Canada,CAN,2021-11-14,156.27
Canada,CAN,2021-11-15,156.5
Canada,CAN,2021-11-16,156.67
Canada,CAN,2021-11-17,156.87
Canada,CAN,2021-11-18,157.07
Canada,CAN,2021-11-19,157.24
Canada,CAN,2021-11-20,157.32
Canada,CAN,2021-11-21,157.38
Canada,CAN,2021-11-22,157.62
Canada,CAN,2021-11-23,157.71
Canada,CAN,2021-11-24,157.85
Canada,CAN,2021-11-25,158.03
Canada,CAN,2021-11-26,158.26
Canada,CAN,2021-11-27,158.43
Canada,CAN,2021-11-28,158.63
Canada,CAN,2021-11-29,158.99
Canada,CAN,2021-11-30,159.28
Canada,CAN,2021-12-01,159.59
Canada,CAN,2021-12-02,159.92
Canada,CAN,2021-12-03,162.22
Canada,CAN,2021-12-04,162.55
Canada,CAN,2021-12-05,162.82
Canada,CAN,2021-12-06,163.3
Canada,CAN,2021-12-07,163.77
Canada,CAN,2021-12-08,164.25
Canada,CAN,2021-12-09,164.71
Canada,CAN,2021-12-10,165.34
Canada,CAN,2021-12-11,165.7
Canada,CAN,2021-12-12,165.99
Canada,CAN,2021-12-13,166.51
Canada,CAN,2021-12-14,167.19
Canada,CAN,2021-12-15,167.88
Canada,CAN,2021-12-16,168.65
Canada,CAN,2021-12-17,169.5
Canada,CAN,2021-12-18,170.19
Canada,CAN,2021-12-19,170.75
Canada,CAN,2021-12-20,171.6
Canada,CAN,2021-12-21,172.75
Canada,CAN,2021-12-22,173.88
Canada,CAN,2021-12-23,175.12
Canada,CAN,2021-12-24,176.05
Canada,CAN,2021-12-25,176.36
Canada,CAN,2021-12-26,176.4
Canada,CAN,2021-12-27,176.56
Canada,CAN,2021-12-28,177.31
Canada,CAN,2021-12-29,178.66
Canada,CAN,2021-12-30,179.55
Canada,CAN,2021-12-31,180.41
Canada,CAN,2022-01-01,180.76
Canada,CAN,2022-01-02,180.82
Canada,CAN,2022-01-03,181.12
Canada,CAN,2022-01-04,182.52
Canada,CAN,2022-01-05,183.54
Canada,CAN,2022-01-06,184.64
Canada,CAN,2022-01-07,185.75
Canada,CAN,2022-01-08,186.54
Canada,CAN,2022-01-09,187.12
Canada,CAN,2022-01-10,188.17
Canada,CAN,2022-01-11,189.28
Canada,CAN,2022-01-12,190.33
Canada,CAN,2022-01-13,191.44
Canada,CAN,2022-01-14,192.49
Canada,CAN,2022-01-15,193.22
Canada,CAN,2022-01-16,193.79
Canada,CAN,2022-01-17,194.91
Canada,CAN,2022-01-18,195.61
Canada,CAN,2022-01-19,196.54
Canada,CAN,2022-01-20,197.36
Canada,CAN,2022-01-21,198.18
Canada,CAN,2022-01-22,198.74
Canada,CAN,2022-01-23,199.2
Canada,CAN,2022-01-24,200.04
Canada,CAN,2022-01-25,200.91
Canada,CAN,2022-01-26,201.58
Canada,CAN,2022-01-27,202.25
Canada,CAN,2022-01-28,202.9
Canada,CAN,2022-01-29,203.35
Canada,CAN,2022-01-30,203.73
Canada,CAN,2022-01-31,204.58
Canada,CAN,2022-02-01,205.1
Canada,CAN,2022-02-02,205.6
Canada,CAN,2022-02-03,206.08
Canada,CAN,2022-02-04,206.49
Canada,CAN,2022-02-05,206.79
Canada,CAN,2022-02-06,207.05
Canada,CAN,2022-02-07,207.57
Canada,CAN,2022-02-08,207.88
Canada,CAN,2022-02-09,208.21
Canada,CAN,2022-02-10,208.56
Canada,CAN,2022-02-11,208.89
Canada,CAN,2022-02-12,209.1
Canada,CAN,2022-02-13,209.29
Canada,CAN,2022-02-14,209.46
Canada,CAN,2022-02-15,209.87
Canada,CAN,2022-02-16,210.09
Canada,CAN,2022-02-17,210.34
Canada,CAN,2022-02-18,210.56
Canada,CAN,2022-02-19,210.72
Canada,CAN,2022-02-20,210.86
Canada,CAN,2022-02-21,210.93
Canada,CAN,2022-02-22,211.29
Canada,CAN,2022-02-23,211.47
Canada,CAN,2022-02-24,211.63
Canada,CAN,2022-02-25,211.8
Canada,CAN,2022-02-26,211.91
Canada,CAN,2022-02-27,212.03
Canada,CAN,2022-02-28,212.92
Canada,CAN,2022-03-01,213.03
Canada,CAN,2022-03-02,213.12
Canada,CAN,2022-03-03,213.23
Canada,CAN,2022-03-04,213.38
Canada,CAN,2022-03-05,213.45
Canada,CAN,2022-03-06,213.52
Canada,CAN,2022-03-07,213.64
Canada,CAN,2022-03-08,213.7
Canada,CAN,2022-03-09,213.77
Canada,CAN,2022-03-10,213.87
Canada,CAN,2022-03-11,213.95
Canada,CAN,2022-03-12,214.01
Canada,CAN,2022-03-13,214.08
Canada,CAN,2022-03-14,214.19
Canada,CAN,2022-03-15,214.26
Canada,CAN,2022-03-16,214.33
Canada,CAN,2022-03-17,214.41
Canada,CAN,2022-03-18,214.48
Canada,CAN,2022-03-19,214.54
Canada,CAN,2022-03-20,214.63
Canada,CAN,2022-03-21,214.7
Canada,CAN,2022-03-22,214.76
Canada,CAN,2022-03-23,214.85
Canada,CAN,2022-03-24,214.91
Canada,CAN,2022-03-25,214.97
Canada,CAN,2022-03-26,215.03
Canada,CAN,2022-03-27,215.09
Canada,CAN,2022-03-28,215.15
Canada,CAN,2022-03-29,215.2
Canada,CAN,2022-03-30,215.31
Canada,CAN,2022-03-31,215.44
Canada,CAN,2022-04-01,215.53
Canada,CAN,2022-04-02,215.61
Canada,CAN,2022-04-03,215.69
Canada,CAN,2022-04-04,215.72
Canada,CAN,2022-04-05,215.78
Canada,CAN,2022-04-06,215.9
Canada,CAN,2022-04-07,216.04
Canada,CAN,2022-04-08,216.2
Canada,CAN,2022-04-09,216.36
Canada,CAN,2022-04-10,216.51
Canada,CAN,2022-04-11,216.58
Canada,CAN,2022-04-12,216.73
Canada,CAN,2022-04-13,216.99
Canada,CAN,2022-04-14,217.21
Canada,CAN,2022-04-15,217.45
Canada,CAN,2022-04-16,217.56
Canada,CAN,2022-04-17,217.69
Canada,CAN,2022-04-18,217.71
Canada,CAN,2022-04-19,217.81
Canada,CAN,2022-04-20,218.12
Canada,CAN,2022-04-21,218.7
Canada,CAN,2022-04-22,218.9
Canada,CAN,2022-04-23,219.1
Canada,CAN,2022-04-24,219.23
Canada,CAN,2022-04-25,219.29
Canada,CAN,2022-04-26,219.42
Canada,CAN,2022-04-27,219.68
Canada,CAN,2022-04-28,219.99
Canada,CAN,2022-04-29,220.17
Canada,CAN,2022-04-30,220.33
Canada,CAN,2022-05-01,220.43
Canada,CAN,2022-05-02,220.47
Canada,CAN,2022-05-03,220.57
Canada,CAN,2022-05-04,220.81
Canada,CAN,2022-05-05,221.1
Canada,CAN,2022-05-06,221.25
Canada,CAN,2022-05-07,221.39
Canada,CAN,2022-05-08,221.49
Canada,CAN,2022-05-09,221.53
Canada,CAN,2022-05-10,221.62
Canada,CAN,2022-05-11,221.83
Canada,CAN,2022-05-12,222.02
Canada,CAN,2022-05-13,222.09
Canada,CAN,2022-05-14,222.2
Canada,CAN,2022-05-15,222.31
Canada,CAN,2022-05-16,222.33
Canada,CAN,2022-05-17,222.48
Canada,CAN,2022-05-18,222.66
Canada,CAN,2022-05-19,223.04
Canada,CAN,2022-05-20,223.14
Canada,CAN,2022-05-21,223.23
Canada,CAN,2022-05-22,223.29
Canada,CAN,2022-05-23,223.29
Canada,CAN,2022-05-24,223.33
Canada,CAN,2022-05-25,223.47
Canada,CAN,2022-05-26,223.72
Canada,CAN,2022-05-27,223.81
Canada,CAN,2022-05-28,223.88
Canada,CAN,2022-05-29,223.94
Canada,CAN,2022-05-30,223.96
Canada,CAN,2022-05-31,224.01
Canada,CAN,2022-06-01,224.13
Canada,CAN,2022-06-02,224.35
Canada,CAN,2022-06-03,224.41
Canada,CAN,2022-06-04,224.47
Canada,CAN,2022-06-05,224.51
Canada,CAN,2022-06-06,224.53
Canada,CAN,2022-06-07,224.57
Canada,CAN,2022-06-08,224.66
Canada,CAN,2022-06-09,224.89
Canada,CAN,2022-06-10,224.94
Canada,CAN,2022-06-11,224.99
Canada,CAN,2022-06-12,225.03
Canada,CAN,2022-06-13,225.04
Canada,CAN,2022-06-14,225.08
Canada,CAN,2022-06-15,225.17
Canada,CAN,2022-06-16,225.38
Canada,CAN,2022-06-17,225.43
Canada,CAN,2022-06-18,225.47
Canada,CAN,2022-06-19,225.51
Canada,CAN,2022-06-20,225.52
Canada,CAN,2022-06-21,225.56
Canada,CAN,2022-06-22,225.64
Canada,CAN,2022-06-23,225.85
Canada,CAN,2022-06-24,225.91
Canada,CAN,2022-06-25,225.95
Canada,CAN,2022-06-26,225.99
Canada,CAN,2022-06-27,226
Canada,CAN,2022-06-28,226.04
Canada,CAN,2022-06-29,226.08
Canada,CAN,2022-06-30,226.14
Canada,CAN,2022-07-01,226.2
Canada,CAN,2022-07-02,226.21
Canada,CAN,2022-07-03,226.24
Canada,CAN,2022-07-04,226.25
Canada,CAN,2022-07-05,226.3
Canada,CAN,2022-07-06,226.42
Canada,CAN,2022-07-07,226.69
Canada,CAN,2022-07-08,226.74
Canada,CAN,2022-07-09,226.84
Canada,CAN,2022-07-10,226.9
Canada,CAN,2022-07-11,226.92
Canada,CAN,2022-07-12,226.97
Canada,CAN,2022-07-13,227.2
Canada,CAN,2022-07-14,227.28
Canada,CAN,2022-07-15,227.4
Canada,CAN,2022-07-16,227.52
Canada,CAN,2022-07-17,227.61
Canada,CAN,2022-07-18,227.65
Canada,CAN,2022-07-19,227.75
Canada,CAN,2022-07-20,227.93
Canada,CAN,2022-07-21,228.18
Canada,CAN,2022-07-22,228.32
Canada,CAN,2022-07-23,228.45
Canada,CAN,2022-07-24,228.54
Canada,CAN,2022-07-25,228.58
Canada,CAN,2022-07-26,228.67
Canada,CAN,2022-07-27,228.87
Canada,CAN,2022-07-28,229.1
Cape Verde,CPV,2021-03-18,0
Cape Verde,CPV,2021-03-24,0.37
Cape Verde,CPV,2021-05-12,3.63
Cape Verde,CPV,2021-05-18,3.83
Cape Verde,CPV,2021-05-21,4.09
Cape Verde,CPV,2021-05-26,4.15
Cape Verde,CPV,2021-06-08,5.86
Cape Verde,CPV,2021-06-10,6.67
Cape Verde,CPV,2021-06-14,7.64
Cape Verde,CPV,2021-06-15,8.15
Cape Verde,CPV,2021-06-20,10.82
Cape Verde,CPV,2021-06-24,12.64
Cape Verde,CPV,2021-06-28,14.02
Cape Verde,CPV,2021-07-05,16.96
Cape Verde,CPV,2021-07-12,20.5
Cape Verde,CPV,2021-07-13,21.25
Cape Verde,CPV,2021-07-19,22.62
Cape Verde,CPV,2021-07-24,26.01
Cape Verde,CPV,2021-07-26,27.12
Cape Verde,CPV,2021-08-03,31.23
Cape Verde,CPV,2021-08-09,34.83
Cape Verde,CPV,2021-08-16,40.31
Cape Verde,CPV,2021-08-20,44.59
Cape Verde,CPV,2021-08-25,50.43
Cape Verde,CPV,2021-08-31,52.56
Cape Verde,CPV,2021-09-11,62.73
Cape Verde,CPV,2021-09-16,65.61
Cape Verde,CPV,2021-09-22,68.39
Cape Verde,CPV,2021-09-26,70.47
Cape Verde,CPV,2021-09-30,71.48
Cape Verde,CPV,2021-10-09,78.32
Cape Verde,CPV,2021-10-17,80.36
Cape Verde,CPV,2021-10-21,82.14
Cape Verde,CPV,2021-10-24,84.04
Cape Verde,CPV,2021-10-28,85.8
Cape Verde,CPV,2021-10-31,87.02
Cape Verde,CPV,2021-11-10,89.62
Cape Verde,CPV,2021-11-19,91.83
Cape Verde,CPV,2021-11-26,92.54
Cape Verde,CPV,2021-12-03,93.58
Cape Verde,CPV,2021-12-13,94.78
Cape Verde,CPV,2021-12-17,97.14
Cape Verde,CPV,2022-01-07,100.6
Cape Verde,CPV,2022-01-14,104.03
Cape Verde,CPV,2022-02-04,114.22
Cape Verde,CPV,2022-02-11,116.23
Cape Verde,CPV,2022-02-20,117.83
Cape Verde,CPV,2022-02-26,119.89
Cape Verde,CPV,2022-03-05,120.99
Cape Verde,CPV,2022-03-11,122.31
Cape Verde,CPV,2022-03-18,123.28
Cape Verde,CPV,2022-03-26,123.84
Cape Verde,CPV,2022-04-26,127.08
Cape Verde,CPV,2022-05-01,127.94
Cape Verde,CPV,2022-05-08,128.72
Cape Verde,CPV,2022-05-15,128.99
Cape Verde,CPV,2022-05-22,129.69
Cape Verde,CPV,2022-06-19,131.62
Cape Verde,CPV,2022-07-10,136.45
Cayman Islands,CYM,2020-12-26,0
Cayman Islands,CYM,2021-02-04,16.16
Cayman Islands,CYM,2021-02-09,19.97
Cayman Islands,CYM,2021-02-10,20.67
Cayman Islands,CYM,2021-02-12,22.81
Cayman Islands,CYM,2021-02-17,24.55
Cayman Islands,CYM,2021-02-19,25.37
Cayman Islands,CYM,2021-02-20,26.65
Cayman Islands,CYM,2021-02-23,29.26
Cayman Islands,CYM,2021-02-24,30.04
Cayman Islands,CYM,2021-02-25,30.98
Cayman Islands,CYM,2021-03-03,35.24
Cayman Islands,CYM,2021-03-05,39.01
Cayman Islands,CYM,2021-03-12,46.94
Cayman Islands,CYM,2021-03-16,52.81
Cayman Islands,CYM,2021-03-18,56.22
Cayman Islands,CYM,2021-03-19,57.45
Cayman Islands,CYM,2021-03-22,60.4
Cayman Islands,CYM,2021-03-24,63.14
Cayman Islands,CYM,2021-03-25,64.67
Cayman Islands,CYM,2021-03-29,69.86
Cayman Islands,CYM,2021-03-31,72.74
Cayman Islands,CYM,2021-04-01,74.5
Cayman Islands,CYM,2021-04-07,78.48
Cayman Islands,CYM,2021-04-08,80.8
Cayman Islands,CYM,2021-04-09,82.5
Cayman Islands,CYM,2021-04-13,87.29
Cayman Islands,CYM,2021-04-15,88.99
Cayman Islands,CYM,2021-04-16,89.69
Cayman Islands,CYM,2021-04-20,92.98
Cayman Islands,CYM,2021-04-21,93.6
Cayman Islands,CYM,2021-04-30,96.42
Cayman Islands,CYM,2021-05-05,102.11
Cayman Islands,CYM,2021-05-07,102.4
Cayman Islands,CYM,2021-05-13,107.52
Cayman Islands,CYM,2021-05-14,108.2
Cayman Islands,CYM,2021-05-19,110.49
Cayman Islands,CYM,2021-05-25,115.39
Cayman Islands,CYM,2021-05-26,116.45
Cayman Islands,CYM,2021-05-28,117.59
Cayman Islands,CYM,2021-06-02,122.14
Cayman Islands,CYM,2021-06-03,123.24
Cayman Islands,CYM,2021-06-05,124.54
Cayman Islands,CYM,2021-06-08,127.26
Cayman Islands,CYM,2021-06-17,128.44
Cayman Islands,CYM,2021-06-21,130.49
Cayman Islands,CYM,2021-06-22,131.53
Cayman Islands,CYM,2021-06-24,132.56
Cayman Islands,CYM,2021-06-25,133.33
Cayman Islands,CYM,2021-06-28,136.64
Cayman Islands,CYM,2021-06-30,137.26
Cayman Islands,CYM,2021-07-01,137.45
Cayman Islands,CYM,2021-07-02,137.59
Cayman Islands,CYM,2021-07-06,138.1
Cayman Islands,CYM,2021-07-07,138.26
Cayman Islands,CYM,2021-07-08,138.37
Cayman Islands,CYM,2021-07-12,138.89
Cayman Islands,CYM,2021-07-14,139.63
Cayman Islands,CYM,2021-07-15,140.16
Cayman Islands,CYM,2021-07-19,141.02
Cayman Islands,CYM,2021-07-21,141.38
Cayman Islands,CYM,2021-07-22,141.54
Cayman Islands,CYM,2021-07-23,141.65
Cayman Islands,CYM,2021-07-27,142.35
Cayman Islands,CYM,2021-07-29,142.65
Cayman Islands,CYM,2021-07-30,143.4
Cayman Islands,CYM,2021-08-02,144
Cayman Islands,CYM,2021-08-06,144.44
Cayman Islands,CYM,2021-08-10,145.14
Cayman Islands,CYM,2021-08-11,145.39
Cayman Islands,CYM,2021-08-12,145.58
Cayman Islands,CYM,2021-08-18,146.23
Cayman Islands,CYM,2021-08-20,146.46
Cayman Islands,CYM,2021-08-24,147.01
Cayman Islands,CYM,2021-08-29,147.3
Cayman Islands,CYM,2021-08-31,148.24
Cayman Islands,CYM,2021-09-02,148.78
Cayman Islands,CYM,2021-09-06,149.78
Cayman Islands,CYM,2021-09-08,150.29
Cayman Islands,CYM,2021-09-10,150.63
Cayman Islands,CYM,2021-09-11,150.96
Cayman Islands,CYM,2021-09-14,152.5
Cayman Islands,CYM,2021-09-15,153.08
Cayman Islands,CYM,2021-09-16,153.53
Cayman Islands,CYM,2021-09-21,154.79
Cayman Islands,CYM,2021-09-22,155.13
Cayman Islands,CYM,2021-09-29,156.53
Cayman Islands,CYM,2021-10-22,162.95
Cayman Islands,CYM,2021-10-29,166.5
Cayman Islands,CYM,2021-11-05,170.99
Cayman Islands,CYM,2021-11-12,175.29
Cayman Islands,CYM,2021-11-19,177.7
Cayman Islands,CYM,2021-11-29,181.81
Cayman Islands,CYM,2021-12-03,184.51
Cayman Islands,CYM,2021-12-10,188.13
Cayman Islands,CYM,2021-12-17,191.4
Cayman Islands,CYM,2021-12-23,191.69
Cayman Islands,CYM,2022-01-07,196.66
Cayman Islands,CYM,2022-01-14,198.47
Cayman Islands,CYM,2022-01-21,200.47
Cayman Islands,CYM,2022-01-28,201.7
Cayman Islands,CYM,2022-02-04,202.59
Cayman Islands,CYM,2022-02-18,203.92
Cayman Islands,CYM,2022-03-25,207.11
Cayman Islands,CYM,2022-04-11,208.7
Cayman Islands,CYM,2022-04-22,208.93
Cayman Islands,CYM,2022-04-29,209.45
Cayman Islands,CYM,2022-05-06,210.16
Cayman Islands,CYM,2022-05-13,211.03
Cayman Islands,CYM,2022-05-20,211.65
Cayman Islands,CYM,2022-06-03,212.78
Cayman Islands,CYM,2022-06-10,213.13
Cayman Islands,CYM,2022-06-17,213.55
Cayman Islands,CYM,2022-06-24,214.14
Cayman Islands,CYM,2022-07-08,215.22
Cayman Islands,CYM,2022-07-15,215.44
Cayman Islands,CYM,2022-07-22,216.05
Central African Republic,CAF,2021-05-12,0.01
Central African Republic,CAF,2021-05-31,0.34
Central African Republic,CAF,2021-06-08,0.49
Central African Republic,CAF,2021-06-14,0.55
Central African Republic,CAF,2021-06-15,0.78
Central African Republic,CAF,2021-06-23,1.43
Central African Republic,CAF,2021-06-30,1.44
Central African Republic,CAF,2021-07-19,1.69
Central African Republic,CAF,2021-07-24,1.72
Central African Republic,CAF,2021-08-03,1.74
Central African Republic,CAF,2021-08-16,1.76
Central African Republic,CAF,2021-08-25,2
Central African Republic,CAF,2021-09-22,2.76
Central African Republic,CAF,2021-09-30,3.79
Central African Republic,CAF,2021-10-14,4.68
Central African Republic,CAF,2021-10-21,7.07
Central African Republic,CAF,2021-11-01,7.74
Central African Republic,CAF,2021-11-07,7.74
Central African Republic,CAF,2021-11-19,7.74
Central African Republic,CAF,2021-12-04,8
Central African Republic,CAF,2022-01-15,10.77
Central African Republic,CAF,2022-01-21,11.07
Central African Republic,CAF,2022-01-31,11.95
Central African Republic,CAF,2022-02-06,12.81
Central African Republic,CAF,2022-02-18,15.1
Central African Republic,CAF,2022-02-25,15.68
Central African Republic,CAF,2022-03-04,16.5
Central African Republic,CAF,2022-03-11,17.75
Central African Republic,CAF,2022-03-25,18.56
Central African Republic,CAF,2022-04-26,19.01
Central African Republic,CAF,2022-05-01,19.01
Central African Republic,CAF,2022-05-22,21.72
Central African Republic,CAF,2022-06-05,21.87
Central African Republic,CAF,2022-06-19,22.31
Central African Republic,CAF,2022-07-03,24.8
Central African Republic,CAF,2022-07-17,25.53
Chad,TCD,2021-06-10,0.03
Chad,TCD,2021-06-23,0.05
Chad,TCD,2021-06-28,0.06
Chad,TCD,2021-07-05,0.09
Chad,TCD,2021-07-07,0.12
Chad,TCD,2021-07-15,0.14
Chad,TCD,2021-07-21,0.17
Chad,TCD,2021-07-29,0.17
Chad,TCD,2021-08-05,0.21
Chad,TCD,2021-08-12,0.24
Chad,TCD,2021-08-19,0.26
Chad,TCD,2021-08-28,0.3
Chad,TCD,2021-08-30,0.32
Chad,TCD,2021-09-02,0.4
Chad,TCD,2021-09-09,0.44
Chad,TCD,2021-09-12,0.57
Chad,TCD,2021-09-15,0.61
Chad,TCD,2021-09-19,0.72
Chad,TCD,2021-09-26,0.83
Chad,TCD,2021-09-29,0.9
Chad,TCD,2021-10-06,1.01
Chad,TCD,2021-10-11,1.07
Chad,TCD,2021-10-13,1.11
Chad,TCD,2021-10-17,1.16
Chad,TCD,2021-10-24,1.3
Chad,TCD,2021-10-31,1.32
Chad,TCD,2021-11-03,1.33
Chad,TCD,2021-11-07,1.36
Chad,TCD,2021-11-10,1.38
Chad,TCD,2021-11-14,1.41
Chad,TCD,2021-11-21,1.45
Chad,TCD,2021-11-27,1.51
Chad,TCD,2021-12-05,1.6
Chad,TCD,2021-12-12,1.66
Chad,TCD,2022-01-16,2.18
Chad,TCD,2022-01-30,2.28
Chad,TCD,2022-02-04,2.32
Chad,TCD,2022-02-18,2.35
Chad,TCD,2022-03-04,2.4
Chad,TCD,2022-03-11,2.43
Chad,TCD,2022-03-18,2.44
Chad,TCD,2022-03-29,5.91
Chad,TCD,2022-03-31,9.55
Chad,TCD,2022-04-09,13.34
Chad,TCD,2022-04-26,13.66
Chad,TCD,2022-05-22,13.7
Chad,TCD,2022-06-05,13.71
Chad,TCD,2022-06-19,13.71
Chile,CHL,2020-12-24,0
Chile,CHL,2020-12-25,0.03
Chile,CHL,2020-12-26,0.04
Chile,CHL,2020-12-27,0.04
Chile,CHL,2021-01-04,0.05
Chile,CHL,2021-01-05,0.05
Chile,CHL,2021-01-06,0.05
Chile,CHL,2021-01-08,0.05
Chile,CHL,2021-01-10,0.05
Chile,CHL,2021-01-13,0.06
Chile,CHL,2021-01-14,0.1
Chile,CHL,2021-01-15,0.11
Chile,CHL,2021-01-16,0.11
Chile,CHL,2021-01-18,0.17
Chile,CHL,2021-01-19,0.27
Chile,CHL,2021-01-20,0.32
Chile,CHL,2021-01-21,0.33
Chile,CHL,2021-01-22,0.34
Chile,CHL,2021-01-25,0.34
Chile,CHL,2021-01-26,0.35
Chile,CHL,2021-01-27,0.35
Chile,CHL,2021-01-29,0.35
Chile,CHL,2021-01-30,0.35
Chile,CHL,2021-01-31,0.35
Chile,CHL,2021-02-01,0.35
Chile,CHL,2021-02-02,0.41
Chile,CHL,2021-02-03,1.29
Chile,CHL,2021-02-04,2.19
Chile,CHL,2021-02-05,3.06
Chile,CHL,2021-02-06,3.2
Chile,CHL,2021-02-07,3.25
Chile,CHL,2021-02-08,4.45
Chile,CHL,2021-02-09,5.79
Chile,CHL,2021-02-10,7.23
Chile,CHL,2021-02-11,8.53
Chile,CHL,2021-02-12,9.71
Chile,CHL,2021-02-13,9.86
Chile,CHL,2021-02-14,9.89
Chile,CHL,2021-02-15,11.25
Chile,CHL,2021-02-16,12.38
Chile,CHL,2021-02-17,13.34
Chile,CHL,2021-02-18,14.14
Chile,CHL,2021-02-19,14.87
Chile,CHL,2021-02-20,14.92
Chile,CHL,2021-02-21,14.93
Chile,CHL,2021-02-22,15.48
Chile,CHL,2021-02-23,15.96
Chile,CHL,2021-02-24,16.41
Chile,CHL,2021-02-25,16.85
Chile,CHL,2021-02-26,17.25
Chile,CHL,2021-02-27,17.3
Chile,CHL,2021-02-28,17.3
Chile,CHL,2021-03-01,18.01
Chile,CHL,2021-03-02,18.89
Chile,CHL,2021-03-03,20.49
Chile,CHL,2021-03-04,22.08
Chile,CHL,2021-03-05,23.61
Chile,CHL,2021-03-06,23.79
Chile,CHL,2021-03-07,23.83
Chile,CHL,2021-03-08,25.63
Chile,CHL,2021-03-09,27.56
Chile,CHL,2021-03-10,29.62
Chile,CHL,2021-03-11,31.76
Chile,CHL,2021-03-12,33.68
Chile,CHL,2021-03-13,33.94
Chile,CHL,2021-03-14,33.97
Chile,CHL,2021-03-15,36.18
Chile,CHL,2021-03-16,38.29
Chile,CHL,2021-03-17,40.17
Chile,CHL,2021-03-18,41.89
Chile,CHL,2021-03-19,43.4
Chile,CHL,2021-03-20,43.58
Chile,CHL,2021-03-21,43.6
Chile,CHL,2021-03-22,44.98
Chile,CHL,2021-03-23,46.22
Chile,CHL,2021-03-24,47.34
Chile,CHL,2021-03-25,48.43
Chile,CHL,2021-03-26,49.55
Chile,CHL,2021-03-27,49.63
Chile,CHL,2021-03-28,49.64
Chile,CHL,2021-03-29,51.01
Chile,CHL,2021-03-30,52.44
Chile,CHL,2021-03-31,53.88
Chile,CHL,2021-04-01,55.43
Chile,CHL,2021-04-02,55.47
Chile,CHL,2021-04-03,55.49
Chile,CHL,2021-04-04,55.49
Chile,CHL,2021-04-05,56.96
Chile,CHL,2021-04-06,58.19
Chile,CHL,2021-04-07,59.38
Chile,CHL,2021-04-08,60.61
Chile,CHL,2021-04-09,61.74
Chile,CHL,2021-04-10,61.87
Chile,CHL,2021-04-11,61.88
Chile,CHL,2021-04-12,63.1
Chile,CHL,2021-04-13,64.31
Chile,CHL,2021-04-14,65.49
Chile,CHL,2021-04-15,66.55
Chile,CHL,2021-04-16,67.55
Chile,CHL,2021-04-17,67.66
Chile,CHL,2021-04-18,67.68
Chile,CHL,2021-04-19,68.68
Chile,CHL,2021-04-20,69.65
Chile,CHL,2021-04-21,70.56
Chile,CHL,2021-04-22,71.59
Chile,CHL,2021-04-23,72.54
Chile,CHL,2021-04-24,72.63
Chile,CHL,2021-04-25,72.63
Chile,CHL,2021-04-26,73.64
Chile,CHL,2021-04-27,74.52
Chile,CHL,2021-04-28,75.39
Chile,CHL,2021-04-29,76.19
Chile,CHL,2021-04-30,76.64
Chile,CHL,2021-05-01,76.65
Chile,CHL,2021-05-02,76.66
Chile,CHL,2021-05-03,77.44
Chile,CHL,2021-05-04,78.31
Chile,CHL,2021-05-05,79.21
Chile,CHL,2021-05-06,80.03
Chile,CHL,2021-05-07,80.79
Chile,CHL,2021-05-08,80.92
Chile,CHL,2021-05-09,80.92
Chile,CHL,2021-05-10,81.82
Chile,CHL,2021-05-11,82.81
Chile,CHL,2021-05-12,83.75
Chile,CHL,2021-05-13,84.56
Chile,CHL,2021-05-14,85.38
Chile,CHL,2021-05-15,85.38
Chile,CHL,2021-05-16,85.39
Chile,CHL,2021-05-17,86.27
Chile,CHL,2021-05-18,87.21
Chile,CHL,2021-05-19,88.07
Chile,CHL,2021-05-20,89.06
Chile,CHL,2021-05-21,89.11
Chile,CHL,2021-05-22,89.28
Chile,CHL,2021-05-23,89.3
Chile,CHL,2021-05-24,90.51
Chile,CHL,2021-05-25,91.78
Chile,CHL,2021-05-26,92.96
Chile,CHL,2021-05-27,94
Chile,CHL,2021-05-28,94.96
Chile,CHL,2021-05-29,95.2
Chile,CHL,2021-05-30,95.25
Chile,CHL,2021-05-31,96.36
Chile,CHL,2021-06-01,97.5
Chile,CHL,2021-06-02,98.55
Chile,CHL,2021-06-03,99.39
Chile,CHL,2021-06-04,100.13
Chile,CHL,2021-06-05,100.33
Chile,CHL,2021-06-06,100.35
Chile,CHL,2021-06-07,101.28
Chile,CHL,2021-06-08,102.23
Chile,CHL,2021-06-09,103.23
Chile,CHL,2021-06-10,104.27
Chile,CHL,2021-06-11,105.19
Chile,CHL,2021-06-12,105.36
Chile,CHL,2021-06-13,105.37
Chile,CHL,2021-06-14,106.51
Chile,CHL,2021-06-15,107.59
Chile,CHL,2021-06-16,108.75
Chile,CHL,2021-06-17,109.7
Chile,CHL,2021-06-18,110.25
Chile,CHL,2021-06-19,110.44
Chile,CHL,2021-06-20,110.46
Chile,CHL,2021-06-21,110.56
Chile,CHL,2021-06-22,112.15
Chile,CHL,2021-06-23,113.44
Chile,CHL,2021-06-24,114.74
Chile,CHL,2021-06-25,115.82
Chile,CHL,2021-06-26,116.1
Chile,CHL,2021-06-27,116.12
Chile,CHL,2021-06-28,116.15
Chile,CHL,2021-06-29,117.43
Chile,CHL,2021-06-30,118.49
Chile,CHL,2021-07-01,119.43
Chile,CHL,2021-07-02,120.15
Chile,CHL,2021-07-03,120.35
Chile,CHL,2021-07-04,120.37
Chile,CHL,2021-07-05,121.17
Chile,CHL,2021-07-06,121.84
Chile,CHL,2021-07-07,122.67
Chile,CHL,2021-07-08,123.48
Chile,CHL,2021-07-09,124.19
Chile,CHL,2021-07-10,124.42
Chile,CHL,2021-07-11,124.44
Chile,CHL,2021-07-12,125.37
Chile,CHL,2021-07-13,126.31
Chile,CHL,2021-07-14,127.15
Chile,CHL,2021-07-15,128.01
Chile,CHL,2021-07-16,128.03
Chile,CHL,2021-07-17,128.16
Chile,CHL,2021-07-18,128.17
Chile,CHL,2021-07-19,128.8
Chile,CHL,2021-07-20,129.49
Chile,CHL,2021-07-21,130.03
Chile,CHL,2021-07-22,130.43
Chile,CHL,2021-07-23,131.03
Chile,CHL,2021-07-24,131.21
Chile,CHL,2021-07-25,131.22
Chile,CHL,2021-07-26,131.51
Chile,CHL,2021-07-27,131.78
Chile,CHL,2021-07-28,131.96
Chile,CHL,2021-07-29,132.42
Chile,CHL,2021-07-30,132.82
Chile,CHL,2021-07-31,132.87
Chile,CHL,2021-08-01,132.88
Chile,CHL,2021-08-02,133.51
Chile,CHL,2021-08-03,134.23
Chile,CHL,2021-08-04,134.56
Chile,CHL,2021-08-05,134.8
Chile,CHL,2021-08-06,134.98
Chile,CHL,2021-08-07,134.98
Chile,CHL,2021-08-08,134.98
Chile,CHL,2021-08-09,135.49
Chile,CHL,2021-08-10,135.94
Chile,CHL,2021-08-11,136.92
Chile,CHL,2021-08-12,137.8
Chile,CHL,2021-08-13,138.56
Chile,CHL,2021-08-14,138.58
Chile,CHL,2021-08-15,138.59
Chile,CHL,2021-08-16,139.71
Chile,CHL,2021-08-17,140.94
Chile,CHL,2021-08-18,141.91
Chile,CHL,2021-08-19,142.79
Chile,CHL,2021-08-20,143.56
Chile,CHL,2021-08-21,143.59
Chile,CHL,2021-08-22,143.6
Chile,CHL,2021-08-23,144.21
Chile,CHL,2021-08-24,144.82
Chile,CHL,2021-08-25,145.4
Chile,CHL,2021-08-26,146.34
Chile,CHL,2021-08-27,147.03
Chile,CHL,2021-08-28,147.05
Chile,CHL,2021-08-29,147.05
Chile,CHL,2021-08-30,148.05
Chile,CHL,2021-08-31,149.09
Chile,CHL,2021-09-01,149.89
Chile,CHL,2021-09-02,150.61
Chile,CHL,2021-09-03,151.14
Chile,CHL,2021-09-04,151.15
Chile,CHL,2021-09-05,151.15
Chile,CHL,2021-09-06,151.95
Chile,CHL,2021-09-07,152.88
Chile,CHL,2021-09-08,153.66
Chile,CHL,2021-09-09,154.36
Chile,CHL,2021-09-10,155.05
Chile,CHL,2021-09-11,155.07
Chile,CHL,2021-09-12,155.07
Chile,CHL,2021-09-13,156.06
Chile,CHL,2021-09-14,156.98
Chile,CHL,2021-09-15,157.7
Chile,CHL,2021-09-16,158.04
Chile,CHL,2021-09-17,158.04
Chile,CHL,2021-09-18,158.04
Chile,CHL,2021-09-19,158.04
Chile,CHL,2021-09-20,158.79
Chile,CHL,2021-09-21,159.6
Chile,CHL,2021-09-22,160.46
Chile,CHL,2021-09-23,161.2
Chile,CHL,2021-09-24,161.96
Chile,CHL,2021-09-25,161.97
Chile,CHL,2021-09-26,161.98
Chile,CHL,2021-09-27,163
Chile,CHL,2021-09-28,164.2
Chile,CHL,2021-09-29,165.33
Chile,CHL,2021-09-30,166.36
Chile,CHL,2021-10-01,167.3
Chile,CHL,2021-10-02,167.34
Chile,CHL,2021-10-03,167.35
Chile,CHL,2021-10-04,168.23
Chile,CHL,2021-10-05,169.09
Chile,CHL,2021-10-06,169.88
Chile,CHL,2021-10-07,170.68
Chile,CHL,2021-10-08,171.42
Chile,CHL,2021-10-09,171.44
Chile,CHL,2021-10-10,171.45
Chile,CHL,2021-10-11,171.45
Chile,CHL,2021-10-12,172.55
Chile,CHL,2021-10-13,173.71
Chile,CHL,2021-10-14,174.71
Chile,CHL,2021-10-15,175.6
Chile,CHL,2021-10-16,175.63
Chile,CHL,2021-10-17,175.64
Chile,CHL,2021-10-18,176.62
Chile,CHL,2021-10-19,177.78
Chile,CHL,2021-10-20,179
Chile,CHL,2021-10-21,180.19
Chile,CHL,2021-10-22,181.44
Chile,CHL,2021-10-23,181.49
Chile,CHL,2021-10-24,181.49
Chile,CHL,2021-10-25,182.92
Chile,CHL,2021-10-26,184.56
Chile,CHL,2021-10-27,186.23
Chile,CHL,2021-10-28,187.87
Chile,CHL,2021-10-29,189.38
Chile,CHL,2021-10-30,189.52
Chile,CHL,2021-10-31,189.53
Chile,CHL,2021-11-01,189.55
Chile,CHL,2021-11-02,190.87
Chile,CHL,2021-11-03,192.46
Chile,CHL,2021-11-04,193.96
Chile,CHL,2021-11-05,195.29
Chile,CHL,2021-11-06,195.46
Chile,CHL,2021-11-07,195.48
Chile,CHL,2021-11-08,196.43
Chile,CHL,2021-11-09,197.6
Chile,CHL,2021-11-10,198.69
Chile,CHL,2021-11-11,199.66
Chile,CHL,2021-11-12,200.67
Chile,CHL,2021-11-13,200.83
Chile,CHL,2021-11-14,200.85
Chile,CHL,2021-11-15,201.84
Chile,CHL,2021-11-16,202.83
Chile,CHL,2021-11-17,203.76
Chile,CHL,2021-11-18,204.6
Chile,CHL,2021-11-19,205.41
Chile,CHL,2021-11-20,205.52
Chile,CHL,2021-11-21,205.54
Chile,CHL,2021-11-22,206.24
Chile,CHL,2021-11-23,206.97
Chile,CHL,2021-11-24,207.68
Chile,CHL,2021-11-25,208.32
Chile,CHL,2021-11-26,208.96
Chile,CHL,2021-11-27,209.09
Chile,CHL,2021-11-28,209.11
Chile,CHL,2021-11-29,209.8
Chile,CHL,2021-11-30,210.67
Chile,CHL,2021-12-01,211.49
Chile,CHL,2021-12-02,212.26
Chile,CHL,2021-12-03,213.01
Chile,CHL,2021-12-04,213.14
Chile,CHL,2021-12-05,213.16
Chile,CHL,2021-12-06,213.99
Chile,CHL,2021-12-07,214.87
Chile,CHL,2021-12-08,214.88
Chile,CHL,2021-12-09,215.71
Chile,CHL,2021-12-10,216.48
Chile,CHL,2021-12-11,216.63
Chile,CHL,2021-12-12,216.65
Chile,CHL,2021-12-13,217.52
Chile,CHL,2021-12-14,218.35
Chile,CHL,2021-12-15,219.09
Chile,CHL,2021-12-16,219.76
Chile,CHL,2021-12-17,220.36
Chile,CHL,2021-12-18,220.47
Chile,CHL,2021-12-19,220.48
Chile,CHL,2021-12-20,221.13
Chile,CHL,2021-12-21,221.74
Chile,CHL,2021-12-22,222.26
Chile,CHL,2021-12-23,222.66
Chile,CHL,2021-12-24,222.76
Chile,CHL,2021-12-25,222.76
Chile,CHL,2021-12-26,222.77
Chile,CHL,2021-12-27,223.61
Chile,CHL,2021-12-28,224.73
Chile,CHL,2021-12-29,225.91
Chile,CHL,2021-12-30,227.03
Chile,CHL,2021-12-31,227.32
Chile,CHL,2022-01-01,227.32
Chile,CHL,2022-01-02,227.32
Chile,CHL,2022-01-03,228.26
Chile,CHL,2022-01-04,229.14
Chile,CHL,2022-01-05,229.88
Chile,CHL,2022-01-06,230.6
Chile,CHL,2022-01-07,231.3
Chile,CHL,2022-01-08,231.38
Chile,CHL,2022-01-09,231.39
Chile,CHL,2022-01-10,232.16
Chile,CHL,2022-01-11,232.82
Chile,CHL,2022-01-12,233.39
Chile,CHL,2022-01-13,233.89
Chile,CHL,2022-01-14,234.38
Chile,CHL,2022-01-15,234.44
Chile,CHL,2022-01-16,234.44
Chile,CHL,2022-01-17,234.98
Chile,CHL,2022-01-18,235.41
Chile,CHL,2022-01-19,235.86
Chile,CHL,2022-01-20,236.47
Chile,CHL,2022-01-21,236.97
Chile,CHL,2022-01-22,237.02
Chile,CHL,2022-01-23,237.02
Chile,CHL,2022-01-24,237.56
Chile,CHL,2022-01-25,238.03
Chile,CHL,2022-01-26,238.44
Chile,CHL,2022-01-27,238.81
Chile,CHL,2022-01-28,239.15
Chile,CHL,2022-01-29,239.19
Chile,CHL,2022-01-30,239.19
Chile,CHL,2022-01-31,239.62
Chile,CHL,2022-02-01,240
Chile,CHL,2022-02-02,240.33
Chile,CHL,2022-02-03,240.65
Chile,CHL,2022-02-04,240.97
Chile,CHL,2022-02-05,241
Chile,CHL,2022-02-06,241
Chile,CHL,2022-02-07,241.56
Chile,CHL,2022-02-08,242.06
Chile,CHL,2022-02-09,242.47
Chile,CHL,2022-02-10,242.83
Chile,CHL,2022-02-11,243.15
Chile,CHL,2022-02-12,243.18
Chile,CHL,2022-02-13,243.18
Chile,CHL,2022-02-14,243.94
Chile,CHL,2022-02-15,244.63
Chile,CHL,2022-02-16,245.23
Chile,CHL,2022-02-17,245.77
Chile,CHL,2022-02-18,246.23
Chile,CHL,2022-02-19,246.26
Chile,CHL,2022-02-20,246.26
Chile,CHL,2022-02-21,247.01
Chile,CHL,2022-02-22,247.69
Chile,CHL,2022-02-23,248.26
Chile,CHL,2022-02-24,248.78
Chile,CHL,2022-02-25,249.24
Chile,CHL,2022-02-26,249.28
Chile,CHL,2022-02-27,249.28
Chile,CHL,2022-02-28,250.08
Chile,CHL,2022-03-01,250.79
Chile,CHL,2022-03-02,251.35
Chile,CHL,2022-03-03,251.86
Chile,CHL,2022-03-04,252.39
Chile,CHL,2022-03-05,252.45
Chile,CHL,2022-03-06,252.45
Chile,CHL,2022-03-07,253.06
Chile,CHL,2022-03-08,253.61
Chile,CHL,2022-03-09,254.11
Chile,CHL,2022-03-10,254.58
Chile,CHL,2022-03-11,255.07
Chile,CHL,2022-03-12,255.14
Chile,CHL,2022-03-13,255.14
Chile,CHL,2022-03-14,255.61
Chile,CHL,2022-03-15,256.07
Chile,CHL,2022-03-16,256.47
Chile,CHL,2022-03-17,256.85
Chile,CHL,2022-03-18,257.3
Chile,CHL,2022-03-19,257.36
Chile,CHL,2022-03-20,257.37
Chile,CHL,2022-03-21,257.8
Chile,CHL,2022-03-22,258.21
Chile,CHL,2022-03-23,258.59
Chile,CHL,2022-03-24,258.94
Chile,CHL,2022-03-25,259.35
Chile,CHL,2022-03-26,259.42
Chile,CHL,2022-03-27,259.42
Chile,CHL,2022-03-28,259.76
Chile,CHL,2022-03-29,260.07
Chile,CHL,2022-03-30,260.36
Chile,CHL,2022-03-31,260.61
Chile,CHL,2022-04-01,260.91
Chile,CHL,2022-04-02,260.95
Chile,CHL,2022-04-03,260.96
Chile,CHL,2022-04-04,261.33
Chile,CHL,2022-04-05,261.69
Chile,CHL,2022-04-06,262.05
Chile,CHL,2022-04-07,262.36
Chile,CHL,2022-04-08,262.69
Chile,CHL,2022-04-09,262.75
Chile,CHL,2022-04-10,262.76
Chile,CHL,2022-04-11,263.19
Chile,CHL,2022-04-12,263.63
Chile,CHL,2022-04-13,264.07
Chile,CHL,2022-04-14,264.55
Chile,CHL,2022-04-15,264.55
Chile,CHL,2022-04-16,264.56
Chile,CHL,2022-04-17,264.56
Chile,CHL,2022-04-18,265.14
Chile,CHL,2022-04-19,265.77
Chile,CHL,2022-04-20,266.42
Chile,CHL,2022-04-21,267.03
Chile,CHL,2022-04-22,267.68
Chile,CHL,2022-04-23,267.79
Chile,CHL,2022-04-24,267.79
Chile,CHL,2022-04-25,268.39
Chile,CHL,2022-04-26,268.95
Chile,CHL,2022-04-27,269.46
Chile,CHL,2022-04-28,270
Chile,CHL,2022-04-29,270.65
Chile,CHL,2022-04-30,270.77
Chile,CHL,2022-05-01,270.77
Chile,CHL,2022-05-02,271.46
Chile,CHL,2022-05-03,272.13
Chile,CHL,2022-05-04,272.75
Chile,CHL,2022-05-05,273.33
Chile,CHL,2022-05-06,273.91
Chile,CHL,2022-05-07,274.02
Chile,CHL,2022-05-08,274.03
Chile,CHL,2022-05-09,274.6
Chile,CHL,2022-05-10,275.24
Chile,CHL,2022-05-11,276.19
Chile,CHL,2022-05-12,277.14
Chile,CHL,2022-05-13,278.09
Chile,CHL,2022-05-14,278.33
Chile,CHL,2022-05-15,278.35
Chile,CHL,2022-05-16,279.39
Chile,CHL,2022-05-17,280.43
Chile,CHL,2022-05-18,281.44
Chile,CHL,2022-05-19,282.37
Chile,CHL,2022-05-20,283.36
Chile,CHL,2022-05-21,283.51
Chile,CHL,2022-05-22,283.53
Chile,CHL,2022-05-23,284.54
Chile,CHL,2022-05-24,285.53
Chile,CHL,2022-05-25,286.48
Chile,CHL,2022-05-26,287.39
Chile,CHL,2022-05-27,288.37
Chile,CHL,2022-05-28,288.74
Chile,CHL,2022-05-29,288.77
Chile,CHL,2022-05-30,289.97
Chile,CHL,2022-05-31,291.27
Chile,CHL,2022-06-01,292.35
Chile,CHL,2022-06-02,293.28
Chile,CHL,2022-06-03,294.1
Chile,CHL,2022-06-04,294.35
Chile,CHL,2022-06-05,294.38
Chile,CHL,2022-06-06,295.27
Chile,CHL,2022-06-07,296.06
Chile,CHL,2022-06-08,296.78
Chile,CHL,2022-06-09,297.44
Chile,CHL,2022-06-10,298.12
Chile,CHL,2022-06-11,298.33
Chile,CHL,2022-06-12,298.35
Chile,CHL,2022-06-13,298.99
Chile,CHL,2022-06-14,299.57
Chile,CHL,2022-06-15,300.13
Chile,CHL,2022-06-16,300.62
Chile,CHL,2022-06-17,301.14
Chile,CHL,2022-06-18,301.29
Chile,CHL,2022-06-19,301.3
Chile,CHL,2022-06-20,301.98
Chile,CHL,2022-06-21,302.01
Chile,CHL,2022-06-22,302.49
Chile,CHL,2022-06-23,302.9
Chile,CHL,2022-06-24,303.36
Chile,CHL,2022-06-25,303.5
Chile,CHL,2022-06-26,303.51
Chile,CHL,2022-06-27,303.54
Chile,CHL,2022-06-28,304.03
Chile,CHL,2022-06-29,304.5
Chile,CHL,2022-06-30,304.98
Chile,CHL,2022-07-01,305.35
Chile,CHL,2022-07-02,305.47
Chile,CHL,2022-07-03,305.48
Chile,CHL,2022-07-04,306.02
Chile,CHL,2022-07-05,306.51
Chile,CHL,2022-07-06,306.94
Chile,CHL,2022-07-07,307.37
Chile,CHL,2022-07-08,307.78
Chile,CHL,2022-07-09,307.87
Chile,CHL,2022-07-10,307.88
Chile,CHL,2022-07-11,308.32
Chile,CHL,2022-07-12,308.74
Chile,CHL,2022-07-13,309.14
Chile,CHL,2022-07-14,309.45
Chile,CHL,2022-07-15,309.75
Chile,CHL,2022-07-16,309.79
Chile,CHL,2022-07-17,309.8
Chile,CHL,2022-07-18,310.23
Chile,CHL,2022-07-19,310.64
Chile,CHL,2022-07-20,311.02
Chile,CHL,2022-07-21,311.38
Chile,CHL,2022-07-22,311.75
Chile,CHL,2022-07-23,311.83
Chile,CHL,2022-07-24,311.84
Chile,CHL,2022-07-25,312.14
Chile,CHL,2022-07-26,312.41
Chile,CHL,2022-07-27,312.68
Chile,CHL,2022-07-28,312.93
Chile,CHL,2022-07-29,313.2
Chile,CHL,2022-07-30,313.27
Chile,CHL,2022-07-31,313.28
Chile,CHL,2022-08-01,313.52
Chile,CHL,2022-08-02,313.75
Chile,CHL,2022-08-03,313.88
China,CHN,2020-12-15,0.11
China,CHN,2020-12-31,0.32
China,CHN,2021-01-09,0.63
China,CHN,2021-01-13,0.7
China,CHN,2021-01-20,1.05
China,CHN,2021-01-26,1.6
China,CHN,2021-01-31,1.68
China,CHN,2021-02-03,2.19
China,CHN,2021-02-09,2.84
China,CHN,2021-02-28,3.68
China,CHN,2021-03-14,4.56
China,CHN,2021-03-20,5.26
China,CHN,2021-03-22,5.64
China,CHN,2021-03-23,5.81
China,CHN,2021-03-24,6.02
China,CHN,2021-03-25,6.41
China,CHN,2021-03-26,6.84
China,CHN,2021-03-27,7.18
China,CHN,2021-03-28,7.48
China,CHN,2021-03-29,7.78
China,CHN,2021-03-30,8.04
China,CHN,2021-03-31,8.4
China,CHN,2021-04-01,8.88
China,CHN,2021-04-02,9.38
China,CHN,2021-04-03,9.59
China,CHN,2021-04-04,9.82
China,CHN,2021-04-05,10.01
China,CHN,2021-04-06,10.2
China,CHN,2021-04-07,10.45
China,CHN,2021-04-08,10.88
China,CHN,2021-04-09,11.3
China,CHN,2021-04-10,11.53
China,CHN,2021-04-11,11.74
China,CHN,2021-04-12,12.06
China,CHN,2021-04-13,12.32
China,CHN,2021-04-14,12.57
China,CHN,2021-04-15,12.87
China,CHN,2021-04-16,13.14
China,CHN,2021-04-17,13.31
China,CHN,2021-04-18,13.47
China,CHN,2021-04-19,13.68
China,CHN,2021-04-20,13.95
China,CHN,2021-04-21,14.32
China,CHN,2021-04-22,14.81
China,CHN,2021-04-23,15.15
China,CHN,2021-04-24,15.45
China,CHN,2021-04-25,15.77
China,CHN,2021-04-26,16.09
China,CHN,2021-04-27,16.55
China,CHN,2021-04-28,17.11
China,CHN,2021-04-29,17.78
China,CHN,2021-04-30,18.59
China,CHN,2021-05-01,18.96
China,CHN,2021-05-02,19.31
China,CHN,2021-05-03,19.63
China,CHN,2021-05-04,19.96
China,CHN,2021-05-05,20.31
China,CHN,2021-05-06,20.88
China,CHN,2021-05-07,21.62
China,CHN,2021-05-08,22.27
China,CHN,2021-05-09,22.74
China,CHN,2021-05-10,23.35
China,CHN,2021-05-11,24.03
China,CHN,2021-05-12,24.85
China,CHN,2021-05-13,25.73
China,CHN,2021-05-14,26.69
China,CHN,2021-05-15,27.56
China,CHN,2021-05-16,28.54
China,CHN,2021-05-17,29.59
China,CHN,2021-05-18,30.56
China,CHN,2021-05-19,31.52
China,CHN,2021-05-20,32.73
China,CHN,2021-05-21,33.9
China,CHN,2021-05-22,34.87
China,CHN,2021-05-23,35.83
China,CHN,2021-05-24,36.98
China,CHN,2021-05-25,38.34
China,CHN,2021-05-26,39.75
China,CHN,2021-05-27,40.98
China,CHN,2021-05-28,42.29
China,CHN,2021-05-29,43.55
China,CHN,2021-05-30,44.83
China,CHN,2021-05-31,46.39
China,CHN,2021-06-01,47.82
China,CHN,2021-06-02,49.43
China,CHN,2021-06-03,50.74
China,CHN,2021-06-04,52.21
China,CHN,2021-06-05,53.51
China,CHN,2021-06-06,54.55
China,CHN,2021-06-07,55.69
China,CHN,2021-06-08,56.73
China,CHN,2021-06-09,57.85
China,CHN,2021-06-10,59.28
China,CHN,2021-06-11,60.56
China,CHN,2021-06-12,61.61
China,CHN,2021-06-13,62.61
China,CHN,2021-06-14,63.41
China,CHN,2021-06-15,64.8
China,CHN,2021-06-16,66.28
China,CHN,2021-06-17,67.79
China,CHN,2021-06-18,69.45
China,CHN,2021-06-19,70.87
China,CHN,2021-06-20,72.18
China,CHN,2021-06-21,73.62
China,CHN,2021-06-22,75.17
China,CHN,2021-06-23,76.86
China,CHN,2021-06-24,78.59
China,CHN,2021-06-25,80.22
China,CHN,2021-06-26,81.72
China,CHN,2021-06-27,83.16
China,CHN,2021-06-28,84.63
China,CHN,2021-06-29,85.96
China,CHN,2021-06-30,87.29
China,CHN,2021-07-01,88.66
China,CHN,2021-07-02,89.99
China,CHN,2021-07-03,90.89
China,CHN,2021-07-04,91.56
China,CHN,2021-07-05,92.46
China,CHN,2021-07-06,93.39
China,CHN,2021-07-07,94.14
China,CHN,2021-07-08,94.97
China,CHN,2021-07-09,95.76
China,CHN,2021-07-10,96.37
China,CHN,2021-07-11,96.96
China,CHN,2021-07-12,97.58
China,CHN,2021-07-13,98.33
China,CHN,2021-07-14,99.21
China,CHN,2021-07-15,100.03
China,CHN,2021-07-16,100.82
China,CHN,2021-07-17,101.51
China,CHN,2021-07-18,102.15
China,CHN,2021-07-19,102.91
China,CHN,2021-07-20,103.69
China,CHN,2021-07-21,104.61
China,CHN,2021-07-22,105.73
China,CHN,2021-07-23,106.94
China,CHN,2021-07-24,107.91
China,CHN,2021-07-25,108.72
China,CHN,2021-07-26,109.82
China,CHN,2021-07-27,111.04
China,CHN,2021-07-28,112.3
China,CHN,2021-07-29,113.56
China,CHN,2021-07-30,114.83
China,CHN,2021-07-31,115.91
China,CHN,2021-08-01,117.09
China,CHN,2021-08-02,118.43
China,CHN,2021-08-03,119.81
China,CHN,2021-08-04,121.06
China,CHN,2021-08-05,122.16
China,CHN,2021-08-06,123.28
China,CHN,2021-08-07,124.15
China,CHN,2021-08-08,125.01
China,CHN,2021-08-09,125.89
China,CHN,2021-08-10,126.8
China,CHN,2021-08-11,127.66
China,CHN,2021-08-12,128.51
China,CHN,2021-08-13,129.35
China,CHN,2021-08-14,130.01
China,CHN,2021-08-15,130.65
China,CHN,2021-08-16,131.52
China,CHN,2021-08-17,132.36
China,CHN,2021-08-18,133.26
China,CHN,2021-08-19,134.12
China,CHN,2021-08-20,134.96
China,CHN,2021-08-21,135.77
China,CHN,2021-08-22,136.54
China,CHN,2021-08-23,137.59
China,CHN,2021-08-24,138.56
China,CHN,2021-08-25,139.45
China,CHN,2021-08-26,140.54
China,CHN,2021-08-27,141.63
China,CHN,2021-08-28,142.57
China,CHN,2021-08-29,143.39
China,CHN,2021-08-30,144.19
China,CHN,2021-08-31,145
China,CHN,2021-09-01,145.62
China,CHN,2021-09-02,146.2
China,CHN,2021-09-03,146.73
China,CHN,2021-09-04,147.3
China,CHN,2021-09-05,147.8
China,CHN,2021-09-06,148.19
China,CHN,2021-09-07,148.61
China,CHN,2021-09-08,149
China,CHN,2021-09-09,149.37
China,CHN,2021-09-10,149.75
China,CHN,2021-09-11,150.26
China,CHN,2021-09-12,150.65
China,CHN,2021-09-13,150.96
China,CHN,2021-09-14,151.27
China,CHN,2021-09-15,151.58
China,CHN,2021-09-16,151.88
China,CHN,2021-09-17,152.19
China,CHN,2021-09-18,152.47
China,CHN,2021-09-19,152.72
China,CHN,2021-09-20,152.96
China,CHN,2021-09-21,153.07
China,CHN,2021-09-22,153.35
China,CHN,2021-09-23,153.64
China,CHN,2021-09-24,153.9
China,CHN,2021-09-25,154.13
China,CHN,2021-09-26,154.3
China,CHN,2021-09-27,154.51
China,CHN,2021-09-28,154.71
China,CHN,2021-09-29,154.91
China,CHN,2021-09-30,155.09
China,CHN,2021-10-01,155.15
China,CHN,2021-10-02,155.2
China,CHN,2021-10-03,155.25
China,CHN,2021-10-04,155.31
China,CHN,2021-10-05,155.37
China,CHN,2021-10-06,155.44
China,CHN,2021-10-07,155.52
China,CHN,2021-10-08,155.61
China,CHN,2021-10-09,155.7
China,CHN,2021-10-10,155.78
China,CHN,2021-10-11,155.88
China,CHN,2021-10-12,155.98
China,CHN,2021-10-13,156.08
China,CHN,2021-10-14,156.21
China,CHN,2021-10-15,156.34
China,CHN,2021-10-16,156.43
China,CHN,2021-10-17,156.54
China,CHN,2021-10-18,156.68
China,CHN,2021-10-19,156.83
China,CHN,2021-10-20,156.98
China,CHN,2021-10-21,157.13
China,CHN,2021-10-22,157.31
China,CHN,2021-10-23,157.43
China,CHN,2021-10-24,157.53
China,CHN,2021-10-25,157.7
China,CHN,2021-10-26,157.89
China,CHN,2021-10-27,158.09
China,CHN,2021-10-28,158.33
China,CHN,2021-10-29,158.65
China,CHN,2021-10-30,159.08
China,CHN,2021-10-31,159.48
China,CHN,2021-11-01,159.86
China,CHN,2021-11-02,160.32
China,CHN,2021-11-03,160.87
China,CHN,2021-11-04,161.49
China,CHN,2021-11-05,162.12
China,CHN,2021-11-06,162.85
China,CHN,2021-11-07,163.46
China,CHN,2021-11-08,164
China,CHN,2021-11-09,164.59
China,CHN,2021-11-10,165.2
China,CHN,2021-11-11,165.79
China,CHN,2021-11-12,166.4
China,CHN,2021-11-13,167.06
China,CHN,2021-11-14,167.58
China,CHN,2021-11-15,168.04
China,CHN,2021-11-16,168.52
China,CHN,2021-11-17,169
China,CHN,2021-11-18,169.45
China,CHN,2021-11-19,169.92
China,CHN,2021-11-20,170.47
China,CHN,2021-11-21,170.93
China,CHN,2021-11-22,171.32
China,CHN,2021-11-23,171.78
China,CHN,2021-11-24,172.29
China,CHN,2021-11-25,172.83
China,CHN,2021-11-26,173.42
China,CHN,2021-11-27,174.13
China,CHN,2021-11-28,174.77
China,CHN,2021-11-29,175.32
China,CHN,2021-11-30,175.89
China,CHN,2021-12-01,176.48
China,CHN,2021-12-02,177.04
China,CHN,2021-12-03,177.63
China,CHN,2021-12-04,178.37
China,CHN,2021-12-05,179.05
China,CHN,2021-12-06,179.54
China,CHN,2021-12-07,180.07
China,CHN,2021-12-08,180.58
China,CHN,2021-12-09,181.13
China,CHN,2021-12-10,181.77
China,CHN,2021-12-11,182.53
China,CHN,2021-12-12,183.2
China,CHN,2021-12-13,183.83
China,CHN,2021-12-14,184.46
China,CHN,2021-12-15,185.15
China,CHN,2021-12-16,185.89
China,CHN,2021-12-17,186.68
China,CHN,2021-12-18,187.51
China,CHN,2021-12-19,188.25
China,CHN,2021-12-20,189.02
China,CHN,2021-12-21,189.82
China,CHN,2021-12-22,190.72
China,CHN,2021-12-23,191.65
China,CHN,2021-12-24,192.57
China,CHN,2021-12-25,193.43
China,CHN,2021-12-26,194.23
China,CHN,2021-12-27,195.1
China,CHN,2021-12-28,196.07
China,CHN,2021-12-29,197.08
China,CHN,2021-12-30,198.01
China,CHN,2021-12-31,198.85
China,CHN,2022-01-01,199.26
China,CHN,2022-01-02,199.73
China,CHN,2022-01-03,200.24
China,CHN,2022-01-04,200.83
China,CHN,2022-01-05,201.42
China,CHN,2022-01-06,201.98
China,CHN,2022-01-07,202.52
China,CHN,2022-01-08,202.97
China,CHN,2022-01-09,203.35
China,CHN,2022-01-10,203.78
China,CHN,2022-01-11,204.24
China,CHN,2022-01-12,204.66
China,CHN,2022-01-13,205.04
China,CHN,2022-01-14,205.41
China,CHN,2022-01-15,205.73
China,CHN,2022-01-16,206.02
China,CHN,2022-01-17,206.33
China,CHN,2022-01-18,206.69
China,CHN,2022-01-19,207.02
China,CHN,2022-01-20,207.32
China,CHN,2022-01-21,207.64
China,CHN,2022-01-22,207.9
China,CHN,2022-01-23,208.16
China,CHN,2022-01-24,208.53
China,CHN,2022-01-25,208.9
China,CHN,2022-01-26,209.28
China,CHN,2022-01-27,209.66
China,CHN,2022-01-28,209.98
China,CHN,2022-01-29,210.25
China,CHN,2022-01-30,210.41
China,CHN,2022-01-31,210.43
China,CHN,2022-02-01,210.44
China,CHN,2022-02-02,210.46
China,CHN,2022-02-03,210.51
China,CHN,2022-02-04,210.6
China,CHN,2022-02-05,210.72
China,CHN,2022-02-06,210.88
China,CHN,2022-02-07,211.14
China,CHN,2022-02-08,211.53
China,CHN,2022-02-09,211.98
China,CHN,2022-02-10,212.47
China,CHN,2022-02-11,212.97
China,CHN,2022-02-12,213.37
China,CHN,2022-02-13,213.67
China,CHN,2022-02-14,214.07
China,CHN,2022-02-15,214.39
China,CHN,2022-02-16,214.84
China,CHN,2022-02-17,215.28
China,CHN,2022-02-18,215.71
China,CHN,2022-02-19,216.06
China,CHN,2022-02-20,216.34
China,CHN,2022-02-21,216.73
China,CHN,2022-02-22,217.11
China,CHN,2022-02-23,217.53
China,CHN,2022-02-24,217.99
China,CHN,2022-02-25,218.43
China,CHN,2022-02-26,218.79
China,CHN,2022-02-27,219.1
China,CHN,2022-02-28,219.5
China,CHN,2022-03-01,219.9
China,CHN,2022-03-02,220.32
China,CHN,2022-03-03,220.7
China,CHN,2022-03-04,221.08
China,CHN,2022-03-05,221.4
China,CHN,2022-03-06,221.66
China,CHN,2022-03-07,222
China,CHN,2022-03-08,222.31
China,CHN,2022-03-09,222.67
China,CHN,2022-03-10,223.02
China,CHN,2022-03-11,223.39
China,CHN,2022-03-12,223.68
China,CHN,2022-03-13,223.95
China,CHN,2022-03-14,224.3
China,CHN,2022-03-15,224.68
China,CHN,2022-03-16,225.05
China,CHN,2022-03-17,225.39
China,CHN,2022-03-18,225.73
China,CHN,2022-03-19,226.02
China,CHN,2022-03-20,226.27
China,CHN,2022-03-21,226.55
China,CHN,2022-03-22,226.85
China,CHN,2022-03-23,227.17
China,CHN,2022-03-24,227.48
China,CHN,2022-03-25,227.76
China,CHN,2022-03-26,228.03
China,CHN,2022-03-27,228.28
China,CHN,2022-03-28,228.56
China,CHN,2022-03-29,228.85
China,CHN,2022-03-30,229.13
China,CHN,2022-03-31,229.39
China,CHN,2022-04-01,229.62
China,CHN,2022-04-02,229.81
China,CHN,2022-04-03,229.98
China,CHN,2022-04-04,230.14
China,CHN,2022-04-05,230.28
China,CHN,2022-04-06,230.48
China,CHN,2022-04-07,230.69
China,CHN,2022-04-08,230.92
China,CHN,2022-04-09,231.1
China,CHN,2022-04-10,231.26
China,CHN,2022-04-11,231.46
China,CHN,2022-04-12,231.65
China,CHN,2022-04-13,231.85
China,CHN,2022-04-14,232.04
China,CHN,2022-04-15,232.22
China,CHN,2022-04-16,232.37
China,CHN,2022-04-17,232.5
China,CHN,2022-04-18,232.66
China,CHN,2022-04-19,232.83
China,CHN,2022-04-20,233.01
China,CHN,2022-04-21,233.19
China,CHN,2022-04-22,233.37
China,CHN,2022-04-23,233.52
China,CHN,2022-04-24,233.66
China,CHN,2022-04-25,233.82
China,CHN,2022-04-26,233.98
China,CHN,2022-04-27,234.14
China,CHN,2022-04-28,234.29
China,CHN,2022-04-29,234.45
China,CHN,2022-04-30,234.56
China,CHN,2022-05-01,234.63
China,CHN,2022-05-02,234.7
China,CHN,2022-05-03,234.77
China,CHN,2022-05-04,234.84
China,CHN,2022-05-05,234.92
China,CHN,2022-05-06,235.01
China,CHN,2022-05-07,235.08
China,CHN,2022-05-08,235.15
China,CHN,2022-05-09,235.23
China,CHN,2022-05-10,235.33
China,CHN,2022-05-11,235.44
China,CHN,2022-05-12,235.54
China,CHN,2022-05-13,235.65
China,CHN,2022-05-14,235.74
China,CHN,2022-05-15,235.81
China,CHN,2022-05-16,235.9
China,CHN,2022-05-17,235.99
China,CHN,2022-05-18,236.09
China,CHN,2022-05-19,236.18
China,CHN,2022-05-20,236.28
China,CHN,2022-05-21,236.35
China,CHN,2022-05-22,236.42
China,CHN,2022-05-23,236.5
China,CHN,2022-05-24,236.59
China,CHN,2022-05-25,236.67
China,CHN,2022-05-26,236.76
China,CHN,2022-05-27,236.84
China,CHN,2022-05-28,236.92
China,CHN,2022-05-29,236.98
China,CHN,2022-05-30,237.06
China,CHN,2022-05-31,237.14
China,CHN,2022-06-01,237.2
China,CHN,2022-06-02,237.25
China,CHN,2022-06-03,237.28
China,CHN,2022-06-04,237.32
China,CHN,2022-06-05,237.35
China,CHN,2022-06-06,237.4
China,CHN,2022-06-07,237.45
China,CHN,2022-06-08,237.51
China,CHN,2022-06-09,237.57
China,CHN,2022-06-10,237.62
China,CHN,2022-06-11,237.67
China,CHN,2022-06-12,237.71
China,CHN,2022-06-13,237.76
China,CHN,2022-06-14,237.82
China,CHN,2022-06-15,237.88
China,CHN,2022-06-16,237.96
China,CHN,2022-06-17,238.02
China,CHN,2022-06-18,238.06
China,CHN,2022-06-19,238.1
China,CHN,2022-06-20,238.15
China,CHN,2022-06-21,238.2
China,CHN,2022-06-22,238.25
China,CHN,2022-06-23,238.31
China,CHN,2022-06-24,238.36
China,CHN,2022-06-25,238.4
China,CHN,2022-06-26,238.43
China,CHN,2022-06-27,238.48
China,CHN,2022-06-28,238.52
China,CHN,2022-06-29,238.58
China,CHN,2022-06-30,238.63
China,CHN,2022-07-01,238.67
China,CHN,2022-07-02,238.7
China,CHN,2022-07-03,238.73
China,CHN,2022-07-04,238.77
China,CHN,2022-07-05,238.81
China,CHN,2022-07-06,238.85
China,CHN,2022-07-07,238.91
China,CHN,2022-07-08,238.96
China,CHN,2022-07-09,239
China,CHN,2022-07-10,239.04
China,CHN,2022-07-11,239.08
China,CHN,2022-07-12,239.13
China,CHN,2022-07-13,239.18
China,CHN,2022-07-14,239.23
China,CHN,2022-07-15,239.28
China,CHN,2022-07-16,239.32
China,CHN,2022-07-17,239.36
China,CHN,2022-07-18,239.4
China,CHN,2022-07-19,239.46
China,CHN,2022-07-20,239.51
China,CHN,2022-07-21,239.56
China,CHN,2022-07-22,239.62
China,CHN,2022-07-23,239.66
China,CHN,2022-07-24,239.7
China,CHN,2022-07-25,239.75
China,CHN,2022-07-26,239.81
China,CHN,2022-07-27,239.87
China,CHN,2022-07-28,239.93
China,CHN,2022-07-29,239.99
China,CHN,2022-07-30,240.05
China,CHN,2022-07-31,240.11
China,CHN,2022-08-01,240.14
China,CHN,2022-08-02,240.16
China,CHN,2022-08-03,240.19
Colombia,COL,2021-02-17,0
Colombia,COL,2021-02-18,0.02
Colombia,COL,2021-02-19,0.04
Colombia,COL,2021-02-20,0.06
Colombia,COL,2021-02-21,0.08
Colombia,COL,2021-02-22,0.09
Colombia,COL,2021-02-23,0.09
Colombia,COL,2021-02-24,0.1
Colombia,COL,2021-02-25,0.13
Colombia,COL,2021-02-26,0.16
Colombia,COL,2021-02-27,0.22
Colombia,COL,2021-02-28,0.25
Colombia,COL,2021-03-01,0.29
Colombia,COL,2021-03-02,0.33
Colombia,COL,2021-03-03,0.37
Colombia,COL,2021-03-04,0.4
Colombia,COL,2021-03-05,0.47
Colombia,COL,2021-03-06,0.52
Colombia,COL,2021-03-07,0.58
Colombia,COL,2021-03-08,0.61
Colombia,COL,2021-03-09,0.78
Colombia,COL,2021-03-10,0.93
Colombia,COL,2021-03-11,1.14
Colombia,COL,2021-03-12,1.35
Colombia,COL,2021-03-13,1.52
Colombia,COL,2021-03-14,1.64
Colombia,COL,2021-03-15,1.77
Colombia,COL,2021-03-16,1.89
Colombia,COL,2021-03-17,1.99
Colombia,COL,2021-03-18,2.09
Colombia,COL,2021-03-19,2.2
Colombia,COL,2021-03-20,2.29
Colombia,COL,2021-03-21,2.36
Colombia,COL,2021-03-22,2.4
Colombia,COL,2021-03-23,2.52
Colombia,COL,2021-03-24,2.69
Colombia,COL,2021-03-25,2.87
Colombia,COL,2021-03-26,3.1
Colombia,COL,2021-03-27,3.35
Colombia,COL,2021-03-28,3.53
Colombia,COL,2021-03-29,3.81
Colombia,COL,2021-03-30,4.12
Colombia,COL,2021-03-31,4.35
Colombia,COL,2021-04-01,4.47
Colombia,COL,2021-04-02,4.53
Colombia,COL,2021-04-03,4.62
Colombia,COL,2021-04-04,4.67
Colombia,COL,2021-04-05,4.81
Colombia,COL,2021-04-07,5.22
Colombia,COL,2021-04-08,5.46
Colombia,COL,2021-04-09,5.72
Colombia,COL,2021-04-10,5.9
Colombia,COL,2021-04-12,6.16
Colombia,COL,2021-04-13,6.5
Colombia,COL,2021-04-14,6.71
Colombia,COL,2021-04-16,6.97
Colombia,COL,2021-04-17,7.2
Colombia,COL,2021-04-18,7.32
Colombia,COL,2021-04-19,7.51
Colombia,COL,2021-04-20,7.72
Colombia,COL,2021-04-21,8.02
Colombia,COL,2021-04-22,8.2
Colombia,COL,2021-04-23,8.38
Colombia,COL,2021-04-24,8.54
Colombia,COL,2021-04-25,8.64
Colombia,COL,2021-04-27,8.98
Colombia,COL,2021-04-28,9.15
Colombia,COL,2021-04-29,9.36
Colombia,COL,2021-04-30,9.68
Colombia,COL,2021-05-01,9.92
Colombia,COL,2021-05-02,10.13
Colombia,COL,2021-05-07,11.83
Colombia,COL,2021-05-10,12.58
Colombia,COL,2021-05-11,12.95
Colombia,COL,2021-05-12,13.3
Colombia,COL,2021-05-13,13.67
Colombia,COL,2021-05-15,14.31
Colombia,COL,2021-05-16,14.48
Colombia,COL,2021-05-17,14.63
Colombia,COL,2021-05-18,14.98
Colombia,COL,2021-05-19,15.26
Colombia,COL,2021-05-20,15.55
Colombia,COL,2021-05-22,15.99
Colombia,COL,2021-05-23,16.12
Colombia,COL,2021-05-24,16.36
Colombia,COL,2021-05-25,16.72
Colombia,COL,2021-05-26,17.16
Colombia,COL,2021-05-29,18.75
Colombia,COL,2021-05-30,19.07
Colombia,COL,2021-05-31,19.59
Colombia,COL,2021-06-01,20.15
Colombia,COL,2021-06-02,20.77
Colombia,COL,2021-06-03,21.31
Colombia,COL,2021-06-04,21.83
Colombia,COL,2021-06-05,22.3
Colombia,COL,2021-06-06,22.55
Colombia,COL,2021-06-07,22.78
Colombia,COL,2021-06-08,23.25
Colombia,COL,2021-06-09,23.69
Colombia,COL,2021-06-11,24.67
Colombia,COL,2021-06-12,25.08
Colombia,COL,2021-06-13,25.28
Colombia,COL,2021-06-14,25.56
Colombia,COL,2021-06-17,27.3
Colombia,COL,2021-06-19,28.59
Colombia,COL,2021-06-20,29.03
Colombia,COL,2021-06-21,29.7
Colombia,COL,2021-06-22,30.44
Colombia,COL,2021-06-23,31.13
Colombia,COL,2021-06-24,31.77
Colombia,COL,2021-06-25,32.4
Colombia,COL,2021-06-26,33.05
Colombia,COL,2021-06-27,33.44
Colombia,COL,2021-06-28,34.11
Colombia,COL,2021-06-29,34.83
Colombia,COL,2021-06-30,35.49
Colombia,COL,2021-07-01,36.06
Colombia,COL,2021-07-02,36.6
Colombia,COL,2021-07-03,37.11
Colombia,COL,2021-07-04,37.4
Colombia,COL,2021-07-05,37.73
Colombia,COL,2021-07-07,39.21
Colombia,COL,2021-07-10,40
Colombia,COL,2021-07-11,42.01
Colombia,COL,2021-07-12,42.53
Colombia,COL,2021-07-14,43.92
Colombia,COL,2021-07-15,44.53
Colombia,COL,2021-07-17,45.59
Colombia,COL,2021-07-18,45.87
Colombia,COL,2021-07-19,46.26
Colombia,COL,2021-07-20,46.59
Colombia,COL,2021-07-22,47.63
Colombia,COL,2021-07-23,48.19
Colombia,COL,2021-07-25,49.21
Colombia,COL,2021-07-26,49.77
Colombia,COL,2021-07-28,50.83
Colombia,COL,2021-07-29,51.47
Colombia,COL,2021-07-31,53.43
Colombia,COL,2021-08-01,53.87
Colombia,COL,2021-08-02,54.65
Colombia,COL,2021-08-03,55.53
Colombia,COL,2021-08-04,56.32
Colombia,COL,2021-08-05,57.1
Colombia,COL,2021-08-07,58.71
Colombia,COL,2021-08-08,58.97
Colombia,COL,2021-08-09,59.48
Colombia,COL,2021-08-10,59.95
Colombia,COL,2021-08-11,60.46
Colombia,COL,2021-08-12,60.9
Colombia,COL,2021-08-13,61.25
Colombia,COL,2021-08-14,61.67
Colombia,COL,2021-08-15,61.85
Colombia,COL,2021-08-17,62.49
Colombia,COL,2021-08-18,63.02
Colombia,COL,2021-08-19,63.56
Colombia,COL,2021-08-20,64.07
Colombia,COL,2021-08-21,64.55
Colombia,COL,2021-08-22,64.84
Colombia,COL,2021-08-23,65.41
Colombia,COL,2021-08-24,65.93
Colombia,COL,2021-08-25,66.48
Colombia,COL,2021-08-27,67.56
Colombia,COL,2021-08-28,68.08
Colombia,COL,2021-08-29,68.27
Colombia,COL,2021-08-30,68.63
Colombia,COL,2021-08-31,69
Colombia,COL,2021-09-02,69.4
Colombia,COL,2021-09-03,70.06
Colombia,COL,2021-09-04,70.34
Colombia,COL,2021-09-09,71.89
Colombia,COL,2021-09-10,72.49
Colombia,COL,2021-09-12,72.68
Colombia,COL,2021-09-13,73.04
Colombia,COL,2021-09-14,73.43
Colombia,COL,2021-09-15,73.77
Colombia,COL,2021-09-17,74.41
Colombia,COL,2021-09-18,74.62
Colombia,COL,2021-09-19,74.77
Colombia,COL,2021-09-20,75.09
Colombia,COL,2021-09-22,75.82
Colombia,COL,2021-09-23,76.23
Colombia,COL,2021-09-25,76.89
Colombia,COL,2021-09-26,77.48
Colombia,COL,2021-09-27,77.97
Colombia,COL,2021-09-29,78.43
Colombia,COL,2021-10-01,79.78
Colombia,COL,2021-10-04,80.6
Colombia,COL,2021-10-06,81.6
Colombia,COL,2021-10-07,82.21
Colombia,COL,2021-10-08,82.76
Colombia,COL,2021-10-09,83.25
Colombia,COL,2021-10-10,83.48
Colombia,COL,2021-10-11,84.08
Colombia,COL,2021-10-12,84.65
Colombia,COL,2021-10-13,85.18
Colombia,COL,2021-10-14,85.68
Colombia,COL,2021-10-15,86.09
Colombia,COL,2021-10-17,86.69
Colombia,COL,2021-10-18,86.83
Colombia,COL,2021-10-22,88.69
Colombia,COL,2021-10-23,89.06
Colombia,COL,2021-10-24,89.31
Colombia,COL,2021-10-25,89.72
Colombia,COL,2021-10-26,90.17
Colombia,COL,2021-10-27,90.65
Colombia,COL,2021-10-28,91.09
Colombia,COL,2021-10-30,91.79
Colombia,COL,2021-10-31,92.02
Colombia,COL,2021-11-02,92.72
Colombia,COL,2021-11-03,93.29
Colombia,COL,2021-11-04,93.95
Colombia,COL,2021-11-06,95.35
Colombia,COL,2021-11-07,95.78
Colombia,COL,2021-11-08,96.49
Colombia,COL,2021-11-10,98.1
Colombia,COL,2021-11-11,98.83
Colombia,COL,2021-11-12,99.61
Colombia,COL,2021-11-14,100.59
Colombia,COL,2021-11-15,100.85
Colombia,COL,2021-11-16,101.56
Colombia,COL,2021-11-17,102.41
Colombia,COL,2021-11-18,103.23
Colombia,COL,2021-11-19,104.06
Colombia,COL,2021-11-20,104.79
Colombia,COL,2021-11-21,105.17
Colombia,COL,2021-11-22,105.94
Colombia,COL,2021-11-23,106.73
Colombia,COL,2021-11-24,107.52
Colombia,COL,2021-11-26,109.09
Colombia,COL,2021-11-27,109.71
Colombia,COL,2021-11-28,110.07
Colombia,COL,2021-11-29,110.81
Colombia,COL,2021-11-30,111.66
Colombia,COL,2021-12-01,113.07
Colombia,COL,2021-12-03,113.73
Colombia,COL,2021-12-05,114.61
Colombia,COL,2021-12-06,115.21
Colombia,COL,2021-12-07,115.72
Colombia,COL,2021-12-09,116.55
Colombia,COL,2021-12-10,117.22
Colombia,COL,2021-12-11,117.69
Colombia,COL,2021-12-12,117.99
Colombia,COL,2021-12-13,118.58
Colombia,COL,2021-12-14,119.2
Colombia,COL,2021-12-15,119.81
Colombia,COL,2021-12-17,120.96
Colombia,COL,2021-12-18,121.37
Colombia,COL,2021-12-19,121.59
Colombia,COL,2021-12-22,123.17
Colombia,COL,2021-12-24,123.66
Colombia,COL,2021-12-26,123.75
Colombia,COL,2021-12-27,124.22
Colombia,COL,2021-12-29,125.1
Colombia,COL,2021-12-30,125.46
Colombia,COL,2021-12-31,125.57
Colombia,COL,2022-01-02,125.67
Colombia,COL,2022-01-03,126.15
Colombia,COL,2022-01-04,126.7
Colombia,COL,2022-01-05,127.27
Colombia,COL,2022-01-06,127.91
Colombia,COL,2022-01-08,128.94
Colombia,COL,2022-01-09,129.17
Colombia,COL,2022-01-10,129.37
Colombia,COL,2022-01-11,129.93
Colombia,COL,2022-01-12,130.58
Colombia,COL,2022-01-13,131.21
Colombia,COL,2022-01-14,131.81
Colombia,COL,2022-01-15,132.3
Colombia,COL,2022-01-17,133.15
Colombia,COL,2022-01-18,133.71
Colombia,COL,2022-01-19,134.28
Colombia,COL,2022-01-21,135.47
Colombia,COL,2022-01-23,136.08
Colombia,COL,2022-01-24,136.56
Colombia,COL,2022-01-25,137.04
Colombia,COL,2022-01-27,138
Colombia,COL,2022-01-28,138.44
Colombia,COL,2022-01-29,138.98
Colombia,COL,2022-01-30,139.18
Colombia,COL,2022-01-31,139.62
Colombia,COL,2022-02-01,140.06
Colombia,COL,2022-02-02,140.95
Colombia,COL,2022-02-04,141.56
Colombia,COL,2022-02-05,141.95
Colombia,COL,2022-02-06,142.33
Colombia,COL,2022-02-07,142.77
Colombia,COL,2022-02-08,143.21
Colombia,COL,2022-02-09,143.73
Colombia,COL,2022-02-10,144.21
Colombia,COL,2022-02-11,144.73
Colombia,COL,2022-02-12,145.13
Colombia,COL,2022-02-13,145.3
Colombia,COL,2022-02-14,145.75
Colombia,COL,2022-02-15,146.21
Colombia,COL,2022-02-16,146.62
Colombia,COL,2022-02-17,147.01
Colombia,COL,2022-02-19,147.45
Colombia,COL,2022-02-20,147.9
Colombia,COL,2022-02-21,148.24
Colombia,COL,2022-02-22,148.61
Colombia,COL,2022-02-23,148.95
Colombia,COL,2022-03-04,150.74
Colombia,COL,2022-03-09,152.23
Colombia,COL,2022-03-11,152.73
Colombia,COL,2022-03-16,153.78
Colombia,COL,2022-03-18,154.22
Colombia,COL,2022-03-23,155.73
Colombia,COL,2022-03-26,156.32
Colombia,COL,2022-03-27,156.4
Colombia,COL,2022-03-28,156.55
Colombia,COL,2022-03-29,156.74
Colombia,COL,2022-03-30,156.95
Colombia,COL,2022-04-02,157.48
Colombia,COL,2022-04-03,157.54
Colombia,COL,2022-04-04,157.73
Colombia,COL,2022-04-05,157.9
Colombia,COL,2022-04-06,158.07
Colombia,COL,2022-04-07,158.24
Colombia,COL,2022-04-08,158.4
Colombia,COL,2022-04-10,158.59
Colombia,COL,2022-04-11,158.77
Colombia,COL,2022-04-15,159.1
Colombia,COL,2022-04-16,159.14
Colombia,COL,2022-04-18,159.29
Colombia,COL,2022-04-29,160.03
Colombia,COL,2022-05-06,160.81
Colombia,COL,2022-05-13,162.25
Colombia,COL,2022-06-03,164
Colombia,COL,2022-06-10,165.29
Colombia,COL,2022-06-24,166.48
Colombia,COL,2022-07-08,167.31
Colombia,COL,2022-07-15,167.86
Comoros,COM,2021-04-21,1.64
Comoros,COM,2021-05-12,5.32
Comoros,COM,2021-05-18,5.47
Comoros,COM,2021-05-21,7.11
Comoros,COM,2021-05-26,9.74
Comoros,COM,2021-05-31,10.21
Comoros,COM,2021-06-08,10.27
Comoros,COM,2021-07-05,11.06
Comoros,COM,2021-07-24,15.33
Comoros,COM,2021-08-03,19.77
Comoros,COM,2021-08-09,22.99
Comoros,COM,2021-08-16,26.3
Comoros,COM,2021-08-20,29.11
Comoros,COM,2021-08-27,33.76
Comoros,COM,2021-09-09,40.7
Comoros,COM,2021-09-22,41
Comoros,COM,2021-09-29,42.92
Comoros,COM,2021-10-09,43.9
Comoros,COM,2021-10-13,45.67
Comoros,COM,2021-10-19,49.63
Comoros,COM,2021-11-03,55.09
Comoros,COM,2021-11-14,57.98
Comoros,COM,2021-11-28,63.69
Comoros,COM,2021-12-10,64.16
Comoros,COM,2021-12-31,70.78
Comoros,COM,2022-01-27,72.78
Comoros,COM,2022-02-04,77.65
Comoros,COM,2022-02-20,77.65
Comoros,COM,2022-04-26,78.18
Comoros,COM,2022-06-19,78.18
Comoros,COM,2022-07-03,78.18
Congo,COG,2021-04-14,0.24
Congo,COG,2021-05-12,0.65
Congo,COG,2021-05-18,0.66
Congo,COG,2021-06-08,0.95
Congo,COG,2021-06-10,0.99
Congo,COG,2021-06-14,1.04
Congo,COG,2021-06-15,1.07
Congo,COG,2021-06-20,1.16
Congo,COG,2021-06-23,1.76
Congo,COG,2021-06-30,1.99
Congo,COG,2021-07-15,2.81
Congo,COG,2021-07-29,3.4
Congo,COG,2021-08-12,4.39
Congo,COG,2021-08-19,4.69
Congo,COG,2021-08-25,4.97
Congo,COG,2021-09-09,5.3
Congo,COG,2021-09-15,5.47
Congo,COG,2021-09-22,5.65
Congo,COG,2021-09-30,5.94
Congo,COG,2021-10-07,6.38
Congo,COG,2021-10-14,6.83
Congo,COG,2021-10-21,7.03
Congo,COG,2021-11-04,8.73
Congo,COG,2021-11-10,9.41
Congo,COG,2021-11-18,10.14
Congo,COG,2021-11-24,10.72
Congo,COG,2021-12-02,11.16
Congo,COG,2021-12-09,11.76
Congo,COG,2021-12-28,13
Congo,COG,2022-02-14,13.93
Congo,COG,2022-03-11,14.02
Congo,COG,2022-03-23,14.03
Congo,COG,2022-05-15,14.23
Congo,COG,2022-05-22,14.23
Congo,COG,2022-06-05,14.25
Congo,COG,2022-06-19,14.25
Congo,COG,2022-07-17,14.28
Cook Islands,COK,2021-05-25,25.66
Cook Islands,COK,2021-06-01,48.76
Cook Islands,COK,2021-06-08,56.25
Cook Islands,COK,2021-06-15,72.07
Cook Islands,COK,2021-06-21,103.25
Cook Islands,COK,2021-06-29,111.4
Cook Islands,COK,2021-07-20,120.62
Cook Islands,COK,2021-08-31,132
Cook Islands,COK,2021-10-05,132.54
Cook Islands,COK,2021-10-18,138.15
Cook Islands,COK,2021-11-08,143.07
Cook Islands,COK,2021-12-20,149.03
Cook Islands,COK,2022-01-04,150.26
Cook Islands,COK,2022-01-18,150.57
Cook Islands,COK,2022-02-14,151.53
Cook Islands,COK,2022-02-21,160.82
Cook Islands,COK,2022-02-28,161.39
Cook Islands,COK,2022-03-07,163.01
Cook Islands,COK,2022-03-14,171.93
Cook Islands,COK,2022-03-21,172.47
Cook Islands,COK,2022-03-28,173.88
Cook Islands,COK,2022-04-04,232.88
Cook Islands,COK,2022-06-06,233.96
Costa Rica,CRI,2020-12-24,0
Costa Rica,CRI,2021-01-03,0.05
Costa Rica,CRI,2021-01-08,0.19
Costa Rica,CRI,2021-01-15,0.48
Costa Rica,CRI,2021-01-18,0.57
Costa Rica,CRI,2021-01-25,0.93
Costa Rica,CRI,2021-02-01,1.12
Costa Rica,CRI,2021-02-08,1.46
Costa Rica,CRI,2021-02-15,1.88
Costa Rica,CRI,2021-02-22,1.96
Costa Rica,CRI,2021-03-01,2.91
Costa Rica,CRI,2021-03-05,3.75
Costa Rica,CRI,2021-03-08,3.97
Costa Rica,CRI,2021-03-12,4.69
Costa Rica,CRI,2021-03-15,4.81
Costa Rica,CRI,2021-03-22,6.06
Costa Rica,CRI,2021-03-24,6.75
Costa Rica,CRI,2021-03-29,7.46
Costa Rica,CRI,2021-04-06,9.8
Costa Rica,CRI,2021-04-12,11.39
Costa Rica,CRI,2021-04-19,13.55
Costa Rica,CRI,2021-04-26,15.89
Costa Rica,CRI,2021-05-03,18.44
Costa Rica,CRI,2021-05-10,21.23
Costa Rica,CRI,2021-05-17,24.29
Costa Rica,CRI,2021-05-24,28.29
Costa Rica,CRI,2021-06-01,32.18
Costa Rica,CRI,2021-06-07,36.98
Costa Rica,CRI,2021-06-14,41.73
Costa Rica,CRI,2021-06-22,45.23
Costa Rica,CRI,2021-06-28,47.35
Costa Rica,CRI,2021-07-05,48.93
Costa Rica,CRI,2021-07-13,50.58
Costa Rica,CRI,2021-07-19,54.58
Costa Rica,CRI,2021-07-26,66.44
Costa Rica,CRI,2021-08-09,70.69
Costa Rica,CRI,2021-08-16,74.66
Costa Rica,CRI,2021-08-23,78.25
Costa Rica,CRI,2021-08-30,83.01
Costa Rica,CRI,2021-09-08,88.88
Costa Rica,CRI,2021-09-13,94.53
Costa Rica,CRI,2021-09-20,102.41
Costa Rica,CRI,2021-09-27,108.59
Costa Rica,CRI,2021-10-04,111.76
Costa Rica,CRI,2021-10-11,114.88
Costa Rica,CRI,2021-10-18,118.83
Costa Rica,CRI,2021-11-01,127.42
Costa Rica,CRI,2021-11-08,130.71
Costa Rica,CRI,2021-11-15,133.45
Costa Rica,CRI,2021-11-22,136.48
Costa Rica,CRI,2021-11-29,138.5
Costa Rica,CRI,2021-12-06,140.13
Costa Rica,CRI,2021-12-13,142.59
Costa Rica,CRI,2021-12-21,147.07
Costa Rica,CRI,2021-12-27,150.49
Costa Rica,CRI,2022-01-03,152.89
Costa Rica,CRI,2022-01-10,155.54
Costa Rica,CRI,2022-01-17,158.04
Costa Rica,CRI,2022-01-25,159.77
Costa Rica,CRI,2022-01-31,161.34
Costa Rica,CRI,2022-02-07,163.34
Costa Rica,CRI,2022-02-14,166.19
Costa Rica,CRI,2022-02-21,174.05
Costa Rica,CRI,2022-02-28,181.4
Costa Rica,CRI,2022-03-07,185.92
Costa Rica,CRI,2022-03-14,189.96
Costa Rica,CRI,2022-03-22,194.38
Costa Rica,CRI,2022-03-28,197.25
Costa Rica,CRI,2022-04-04,200.11
Costa Rica,CRI,2022-04-11,202.56
Costa Rica,CRI,2022-04-18,203.9
Costa Rica,CRI,2022-04-25,206
Costa Rica,CRI,2022-05-02,207.58
Costa Rica,CRI,2022-05-10,209.34
Costa Rica,CRI,2022-05-17,211.67
Costa Rica,CRI,2022-05-23,213.77
Costa Rica,CRI,2022-07-15,219.71
Costa Rica,CRI,2022-07-22,221.53
Cote d'Ivoire,CIV,2021-03-01,0
Cote d'Ivoire,CIV,2021-03-06,0.01
Cote d'Ivoire,CIV,2021-03-08,0.01
Cote d'Ivoire,CIV,2021-03-09,0.02
Cote d'Ivoire,CIV,2021-03-10,0.03
Cote d'Ivoire,CIV,2021-03-14,0.05
Cote d'Ivoire,CIV,2021-03-15,0.06
Cote d'Ivoire,CIV,2021-03-16,0.06
Cote d'Ivoire,CIV,2021-03-17,0.07
Cote d'Ivoire,CIV,2021-03-18,0.08
Cote d'Ivoire,CIV,2021-03-19,0.08
Cote d'Ivoire,CIV,2021-03-20,0.09
Cote d'Ivoire,CIV,2021-03-21,0.09
Cote d'Ivoire,CIV,2021-03-22,0.09
Cote d'Ivoire,CIV,2021-03-23,0.09
Cote d'Ivoire,CIV,2021-03-24,0.1
Cote d'Ivoire,CIV,2021-03-25,0.11
Cote d'Ivoire,CIV,2021-03-26,0.11
Cote d'Ivoire,CIV,2021-03-27,0.12
Cote d'Ivoire,CIV,2021-03-29,0.13
Cote d'Ivoire,CIV,2021-03-30,0.14
Cote d'Ivoire,CIV,2021-03-31,0.15
Cote d'Ivoire,CIV,2021-04-01,0.16
Cote d'Ivoire,CIV,2021-04-02,0.16
Cote d'Ivoire,CIV,2021-04-03,0.17
Cote d'Ivoire,CIV,2021-04-04,0.18
Cote d'Ivoire,CIV,2021-04-06,0.18
Cote d'Ivoire,CIV,2021-04-08,0.19
Cote d'Ivoire,CIV,2021-04-09,0.22
Cote d'Ivoire,CIV,2021-04-10,0.24
Cote d'Ivoire,CIV,2021-04-11,0.25
Cote d'Ivoire,CIV,2021-04-14,0.3
Cote d'Ivoire,CIV,2021-04-15,0.32
Cote d'Ivoire,CIV,2021-04-16,0.33
Cote d'Ivoire,CIV,2021-04-17,0.34
Cote d'Ivoire,CIV,2021-04-18,0.35
Cote d'Ivoire,CIV,2021-04-21,0.38
Cote d'Ivoire,CIV,2021-04-22,0.4
Cote d'Ivoire,CIV,2021-04-23,0.41
Cote d'Ivoire,CIV,2021-04-24,0.43
Cote d'Ivoire,CIV,2021-04-25,0.43
Cote d'Ivoire,CIV,2021-04-26,0.44
Cote d'Ivoire,CIV,2021-04-27,0.46
Cote d'Ivoire,CIV,2021-04-28,0.48
Cote d'Ivoire,CIV,2021-04-29,0.51
Cote d'Ivoire,CIV,2021-04-30,0.54
Cote d'Ivoire,CIV,2021-05-01,0.58
Cote d'Ivoire,CIV,2021-05-02,0.59
Cote d'Ivoire,CIV,2021-05-03,0.61
Cote d'Ivoire,CIV,2021-05-04,0.67
Cote d'Ivoire,CIV,2021-05-05,0.72
Cote d'Ivoire,CIV,2021-05-06,0.78
Cote d'Ivoire,CIV,2021-05-07,0.86
Cote d'Ivoire,CIV,2021-05-08,0.92
Cote d'Ivoire,CIV,2021-05-09,0.96
Cote d'Ivoire,CIV,2021-05-10,0.97
Cote d'Ivoire,CIV,2021-05-11,1.02
Cote d'Ivoire,CIV,2021-05-12,1.06
Cote d'Ivoire,CIV,2021-05-13,1.07
Cote d'Ivoire,CIV,2021-05-14,1.1
Cote d'Ivoire,CIV,2021-05-15,1.17
Cote d'Ivoire,CIV,2021-05-16,1.21
Cote d'Ivoire,CIV,2021-05-17,1.24
Cote d'Ivoire,CIV,2021-05-18,1.33
Cote d'Ivoire,CIV,2021-05-19,1.42
Cote d'Ivoire,CIV,2021-05-20,1.52
Cote d'Ivoire,CIV,2021-05-21,1.63
Cote d'Ivoire,CIV,2021-05-22,1.72
Cote d'Ivoire,CIV,2021-05-23,1.77
Cote d'Ivoire,CIV,2021-05-24,1.79
Cote d'Ivoire,CIV,2021-05-25,1.81
Cote d'Ivoire,CIV,2021-05-27,1.92
Cote d'Ivoire,CIV,2021-05-28,1.95
Cote d'Ivoire,CIV,2021-05-29,1.97
Cote d'Ivoire,CIV,2021-05-31,1.97
Cote d'Ivoire,CIV,2021-06-01,1.98
Cote d'Ivoire,CIV,2021-06-02,2.02
Cote d'Ivoire,CIV,2021-06-03,2.07
Cote d'Ivoire,CIV,2021-06-05,2.16
Cote d'Ivoire,CIV,2021-06-06,2.19
Cote d'Ivoire,CIV,2021-06-07,2.21
Cote d'Ivoire,CIV,2021-06-08,2.28
Cote d'Ivoire,CIV,2021-06-09,2.34
Cote d'Ivoire,CIV,2021-06-10,2.41
Cote d'Ivoire,CIV,2021-06-11,2.46
Cote d'Ivoire,CIV,2021-06-12,2.5
Cote d'Ivoire,CIV,2021-06-13,2.52
Cote d'Ivoire,CIV,2021-06-14,2.53
Cote d'Ivoire,CIV,2021-06-15,2.57
Cote d'Ivoire,CIV,2021-06-16,2.59
Cote d'Ivoire,CIV,2021-06-17,2.61
Cote d'Ivoire,CIV,2021-06-18,2.63
Cote d'Ivoire,CIV,2021-06-19,2.64
Cote d'Ivoire,CIV,2021-06-20,2.64
Cote d'Ivoire,CIV,2021-06-21,2.67
Cote d'Ivoire,CIV,2021-06-22,2.68
Cote d'Ivoire,CIV,2021-06-23,2.68
Cote d'Ivoire,CIV,2021-06-24,2.69
Cote d'Ivoire,CIV,2021-06-25,2.69
Cote d'Ivoire,CIV,2021-06-28,2.71
Cote d'Ivoire,CIV,2021-06-29,2.73
Cote d'Ivoire,CIV,2021-06-30,2.76
Cote d'Ivoire,CIV,2021-07-01,2.8
Cote d'Ivoire,CIV,2021-07-02,2.84
Cote d'Ivoire,CIV,2021-07-03,2.88
Cote d'Ivoire,CIV,2021-07-04,2.9
Cote d'Ivoire,CIV,2021-07-05,2.92
Cote d'Ivoire,CIV,2021-07-06,2.97
Cote d'Ivoire,CIV,2021-07-07,3
Cote d'Ivoire,CIV,2021-07-08,3.04
Cote d'Ivoire,CIV,2021-07-09,3.1
Cote d'Ivoire,CIV,2021-07-12,3.12
Cote d'Ivoire,CIV,2021-07-13,3.13
Cote d'Ivoire,CIV,2021-07-14,3.15
Cote d'Ivoire,CIV,2021-07-15,3.18
Cote d'Ivoire,CIV,2021-07-16,3.22
Cote d'Ivoire,CIV,2021-07-17,3.25
Cote d'Ivoire,CIV,2021-07-18,3.26
Cote d'Ivoire,CIV,2021-07-19,3.27
Cote d'Ivoire,CIV,2021-07-20,3.3
Cote d'Ivoire,CIV,2021-07-21,3.3
Cote d'Ivoire,CIV,2021-07-23,3.34
Cote d'Ivoire,CIV,2021-07-24,3.37
Cote d'Ivoire,CIV,2021-07-25,3.4
Cote d'Ivoire,CIV,2021-07-26,3.4
Cote d'Ivoire,CIV,2021-07-27,3.43
Cote d'Ivoire,CIV,2021-07-28,3.49
Cote d'Ivoire,CIV,2021-07-29,3.55
Cote d'Ivoire,CIV,2021-07-30,3.6
Cote d'Ivoire,CIV,2021-07-31,3.67
Cote d'Ivoire,CIV,2021-08-01,3.71
Cote d'Ivoire,CIV,2021-08-02,3.72
Cote d'Ivoire,CIV,2021-08-03,3.88
Cote d'Ivoire,CIV,2021-08-04,4
Cote d'Ivoire,CIV,2021-08-05,4.07
Cote d'Ivoire,CIV,2021-08-06,4.08
Cote d'Ivoire,CIV,2021-08-07,4.14
Cote d'Ivoire,CIV,2021-08-08,4.16
Cote d'Ivoire,CIV,2021-08-09,4.18
Cote d'Ivoire,CIV,2021-08-10,4.24
Cote d'Ivoire,CIV,2021-08-11,4.3
Cote d'Ivoire,CIV,2021-08-12,4.35
Cote d'Ivoire,CIV,2021-08-13,4.39
Cote d'Ivoire,CIV,2021-08-14,4.42
Cote d'Ivoire,CIV,2021-08-16,4.47
Cote d'Ivoire,CIV,2021-08-17,4.54
Cote d'Ivoire,CIV,2021-08-19,4.56
Cote d'Ivoire,CIV,2021-08-20,4.6
Cote d'Ivoire,CIV,2021-08-21,4.62
Cote d'Ivoire,CIV,2021-08-22,4.64
Cote d'Ivoire,CIV,2021-08-23,4.64
Cote d'Ivoire,CIV,2021-08-24,4.69
Cote d'Ivoire,CIV,2021-08-25,4.71
Cote d'Ivoire,CIV,2021-08-26,4.72
Cote d'Ivoire,CIV,2021-08-27,4.74
Cote d'Ivoire,CIV,2021-08-28,4.77
Cote d'Ivoire,CIV,2021-08-30,4.83
Cote d'Ivoire,CIV,2021-08-31,4.93
Cote d'Ivoire,CIV,2021-09-01,4.99
Cote d'Ivoire,CIV,2021-09-03,5.11
Cote d'Ivoire,CIV,2021-09-04,5.17
Cote d'Ivoire,CIV,2021-09-05,5.22
Cote d'Ivoire,CIV,2021-09-06,5.25
Cote d'Ivoire,CIV,2021-09-07,5.31
Cote d'Ivoire,CIV,2021-09-10,5.34
Cote d'Ivoire,CIV,2021-09-12,5.61
Cote d'Ivoire,CIV,2021-09-13,5.64
Cote d'Ivoire,CIV,2021-09-14,5.72
Cote d'Ivoire,CIV,2021-09-15,5.9
Cote d'Ivoire,CIV,2021-09-16,6.06
Cote d'Ivoire,CIV,2021-09-17,6.18
Cote d'Ivoire,CIV,2021-09-18,6.32
Cote d'Ivoire,CIV,2021-09-19,6.41
Cote d'Ivoire,CIV,2021-09-20,6.46
Cote d'Ivoire,CIV,2021-09-22,6.68
Cote d'Ivoire,CIV,2021-09-23,6.8
Cote d'Ivoire,CIV,2021-09-24,6.93
Cote d'Ivoire,CIV,2021-09-25,7.07
Cote d'Ivoire,CIV,2021-09-26,7.16
Cote d'Ivoire,CIV,2021-09-27,7.21
Cote d'Ivoire,CIV,2021-09-29,7.58
Cote d'Ivoire,CIV,2021-09-30,7.78
Cote d'Ivoire,CIV,2021-10-01,8.01
Cote d'Ivoire,CIV,2021-10-02,8.14
Cote d'Ivoire,CIV,2021-10-03,8.26
Cote d'Ivoire,CIV,2021-10-04,8.35
Cote d'Ivoire,CIV,2021-10-05,8.5
Cote d'Ivoire,CIV,2021-10-06,9.06
Cote d'Ivoire,CIV,2021-10-11,9.38
Cote d'Ivoire,CIV,2021-10-15,10.05
Cote d'Ivoire,CIV,2021-10-19,10.53
Cote d'Ivoire,CIV,2021-10-22,10.94
Cote d'Ivoire,CIV,2021-10-24,11.09
Cote d'Ivoire,CIV,2021-10-28,11.44
Cote d'Ivoire,CIV,2021-10-31,11.77
Cote d'Ivoire,CIV,2021-11-04,12.29
Cote d'Ivoire,CIV,2021-11-09,12.89
Cote d'Ivoire,CIV,2021-11-14,14
Cote d'Ivoire,CIV,2021-12-05,16.48
Cote d'Ivoire,CIV,2021-12-12,17.51
Cote d'Ivoire,CIV,2021-12-31,25.89
Cote d'Ivoire,CIV,2022-01-01,26.28
Cote d'Ivoire,CIV,2022-01-03,26.36
Cote d'Ivoire,CIV,2022-01-04,26.45
Cote d'Ivoire,CIV,2022-01-05,26.53
Cote d'Ivoire,CIV,2022-01-06,26.62
Cote d'Ivoire,CIV,2022-01-07,26.71
Cote d'Ivoire,CIV,2022-01-08,26.78
Cote d'Ivoire,CIV,2022-01-14,27.12
Cote d'Ivoire,CIV,2022-01-18,27.23
Cote d'Ivoire,CIV,2022-01-27,27.63
Cote d'Ivoire,CIV,2022-02-11,31.21
Cote d'Ivoire,CIV,2022-02-20,34.79
Cote d'Ivoire,CIV,2022-03-05,36.29
Cote d'Ivoire,CIV,2022-03-08,36.79
Cote d'Ivoire,CIV,2022-03-14,36.96
Cote d'Ivoire,CIV,2022-03-27,37.72
Cote d'Ivoire,CIV,2022-04-10,43.21
Cote d'Ivoire,CIV,2022-04-26,43.61
Cote d'Ivoire,CIV,2022-05-22,45.08
Cote d'Ivoire,CIV,2022-05-29,46.41
Cote d'Ivoire,CIV,2022-06-05,46.41
Cote d'Ivoire,CIV,2022-07-03,52.57
Croatia,HRV,2020-12-30,0.19
Croatia,HRV,2021-01-03,0.3
Croatia,HRV,2021-01-05,0.34
Croatia,HRV,2021-01-07,0.51
Croatia,HRV,2021-01-08,0.62
Croatia,HRV,2021-01-09,0.74
Croatia,HRV,2021-01-13,0.85
Croatia,HRV,2021-01-14,0.94
Croatia,HRV,2021-01-15,1.02
Croatia,HRV,2021-01-16,1.13
Croatia,HRV,2021-01-19,1.34
Croatia,HRV,2021-01-22,1.6
Croatia,HRV,2021-01-25,1.72
Croatia,HRV,2021-01-29,1.97
Croatia,HRV,2021-02-01,2.07
Croatia,HRV,2021-02-03,2.17
Croatia,HRV,2021-02-04,2.35
Croatia,HRV,2021-02-09,2.52
Croatia,HRV,2021-02-11,2.78
Croatia,HRV,2021-02-15,2.97
Croatia,HRV,2021-02-18,3.5
Croatia,HRV,2021-02-22,4.09
Croatia,HRV,2021-02-24,4.53
Croatia,HRV,2021-02-25,4.78
Croatia,HRV,2021-03-01,5.25
Croatia,HRV,2021-03-04,5.96
Croatia,HRV,2021-03-08,6.53
Croatia,HRV,2021-03-12,7.41
Croatia,HRV,2021-03-19,8.99
Croatia,HRV,2021-03-22,9.62
Croatia,HRV,2021-03-26,10.26
Croatia,HRV,2021-03-28,10.6
Croatia,HRV,2021-03-31,11.74
Croatia,HRV,2021-04-01,12.28
Croatia,HRV,2021-04-02,12.74
Croatia,HRV,2021-04-04,12.92
Croatia,HRV,2021-04-06,12.97
Croatia,HRV,2021-04-07,13.14
Croatia,HRV,2021-04-08,13.38
Croatia,HRV,2021-04-09,13.94
Croatia,HRV,2021-04-10,14.38
Croatia,HRV,2021-04-11,14.49
Croatia,HRV,2021-04-12,14.66
Croatia,HRV,2021-04-13,14.91
Croatia,HRV,2021-04-14,15.21
Croatia,HRV,2021-04-15,15.86
Croatia,HRV,2021-04-16,16.55
Croatia,HRV,2021-04-17,17.03
Croatia,HRV,2021-04-18,17.08
Croatia,HRV,2021-04-19,17.19
Croatia,HRV,2021-04-20,17.46
Croatia,HRV,2021-04-21,17.89
Croatia,HRV,2021-04-22,18.4
Croatia,HRV,2021-04-23,18.97
Croatia,HRV,2021-04-24,19.36
Croatia,HRV,2021-04-25,19.6
Croatia,HRV,2021-04-26,19.67
Croatia,HRV,2021-04-27,20.02
Croatia,HRV,2021-04-28,20.34
Croatia,HRV,2021-04-29,21.49
Croatia,HRV,2021-04-30,22.19
Croatia,HRV,2021-05-01,22.35
Croatia,HRV,2021-05-02,22.38
Croatia,HRV,2021-05-03,22.7
Croatia,HRV,2021-05-04,23.26
Croatia,HRV,2021-05-05,24.12
Croatia,HRV,2021-05-06,25.26
Croatia,HRV,2021-05-07,26.57
Croatia,HRV,2021-05-08,27.53
Croatia,HRV,2021-05-09,27.87
Croatia,HRV,2021-05-10,28.43
Croatia,HRV,2021-05-11,29.23
Croatia,HRV,2021-05-13,31.24
Croatia,HRV,2021-05-14,32.28
Croatia,HRV,2021-05-15,33.18
Croatia,HRV,2021-05-16,33.24
Croatia,HRV,2021-05-17,33.74
Croatia,HRV,2021-05-18,34.64
Croatia,HRV,2021-05-19,35.72
Croatia,HRV,2021-05-21,38.16
Croatia,HRV,2021-05-22,38.95
Croatia,HRV,2021-05-23,38.98
Croatia,HRV,2021-05-24,39.54
Croatia,HRV,2021-05-25,39.61
Croatia,HRV,2021-05-26,40.52
Croatia,HRV,2021-05-27,41.54
Croatia,HRV,2021-05-28,42.42
Croatia,HRV,2021-05-29,43.07
Croatia,HRV,2021-05-30,43.13
Croatia,HRV,2021-05-31,43.68
Croatia,HRV,2021-06-01,44.42
Croatia,HRV,2021-06-02,45.5
Croatia,HRV,2021-06-03,45.69
Croatia,HRV,2021-06-04,46.45
Croatia,HRV,2021-06-05,46.85
Croatia,HRV,2021-06-06,46.89
Croatia,HRV,2021-06-07,47.31
Croatia,HRV,2021-06-08,47.97
Croatia,HRV,2021-06-10,50.32
Croatia,HRV,2021-06-11,51.41
Croatia,HRV,2021-06-13,52.7
Croatia,HRV,2021-06-14,53.32
Croatia,HRV,2021-06-15,54.1
Croatia,HRV,2021-06-16,54.66
Croatia,HRV,2021-06-18,57.1
Croatia,HRV,2021-06-20,58.11
Croatia,HRV,2021-06-21,58.61
Croatia,HRV,2021-06-22,58.86
Croatia,HRV,2021-06-23,59.72
Croatia,HRV,2021-06-25,61.65
Croatia,HRV,2021-06-26,62.18
Croatia,HRV,2021-06-27,62.3
Croatia,HRV,2021-06-28,62.68
Croatia,HRV,2021-06-29,63.38
Croatia,HRV,2021-07-02,64.85
Croatia,HRV,2021-07-03,65.62
Croatia,HRV,2021-07-04,65.74
Croatia,HRV,2021-07-05,66.19
Croatia,HRV,2021-07-06,66.85
Croatia,HRV,2021-07-07,67.52
Croatia,HRV,2021-07-09,68.78
Croatia,HRV,2021-07-10,69.31
Croatia,HRV,2021-07-11,69.39
Croatia,HRV,2021-07-12,69.78
Croatia,HRV,2021-07-13,70.16
Croatia,HRV,2021-07-14,70.71
Croatia,HRV,2021-07-16,71.58
Croatia,HRV,2021-07-17,71.81
Croatia,HRV,2021-07-18,71.84
Croatia,HRV,2021-07-19,72.18
Croatia,HRV,2021-07-20,72.63
Croatia,HRV,2021-07-21,73.04
Croatia,HRV,2021-07-22,73.41
Croatia,HRV,2021-07-23,73.82
Croatia,HRV,2021-07-25,74.1
Croatia,HRV,2021-07-26,74.34
Croatia,HRV,2021-07-27,74.67
Croatia,HRV,2021-07-28,74.94
Croatia,HRV,2021-07-30,75.58
Croatia,HRV,2021-07-31,75.82
Croatia,HRV,2021-08-01,75.88
Croatia,HRV,2021-08-02,76.14
Croatia,HRV,2021-08-03,76.33
Croatia,HRV,2021-08-04,76.59
Croatia,HRV,2021-08-05,76.6
Croatia,HRV,2021-08-06,76.82
Croatia,HRV,2021-08-07,76.93
Croatia,HRV,2021-08-08,76.97
Croatia,HRV,2021-08-09,77.14
Croatia,HRV,2021-08-10,77.36
Croatia,HRV,2021-08-11,77.56
Croatia,HRV,2021-08-12,77.78
Croatia,HRV,2021-08-13,77.98
Croatia,HRV,2021-08-15,78.08
Croatia,HRV,2021-08-16,78.24
Croatia,HRV,2021-08-17,78.39
Croatia,HRV,2021-08-18,78.61
Croatia,HRV,2021-08-19,78.83
Croatia,HRV,2021-08-20,79.01
Croatia,HRV,2021-08-21,79.11
Croatia,HRV,2021-08-22,79.13
Croatia,HRV,2021-08-23,79.3
Croatia,HRV,2021-08-24,79.5
Croatia,HRV,2021-08-26,79.92
Croatia,HRV,2021-08-27,80.12
Croatia,HRV,2021-08-28,80.22
Croatia,HRV,2021-08-29,80.25
Croatia,HRV,2021-08-30,80.41
Croatia,HRV,2021-09-01,80.76
Croatia,HRV,2021-09-02,80.94
Croatia,HRV,2021-09-03,81.12
Croatia,HRV,2021-09-04,81.2
Croatia,HRV,2021-09-05,81.21
Croatia,HRV,2021-09-06,81.34
Croatia,HRV,2021-09-08,81.63
Croatia,HRV,2021-09-09,81.8
Croatia,HRV,2021-09-10,81.94
Croatia,HRV,2021-09-11,82.03
Croatia,HRV,2021-09-12,82.05
Croatia,HRV,2021-09-13,82.16
Croatia,HRV,2021-09-14,82.31
Croatia,HRV,2021-09-15,82.48
Croatia,HRV,2021-09-16,82.67
Croatia,HRV,2021-09-17,82.87
Croatia,HRV,2021-09-18,82.96
Croatia,HRV,2021-09-19,82.98
Croatia,HRV,2021-09-20,83.1
Croatia,HRV,2021-09-21,83.26
Croatia,HRV,2021-09-22,83.45
Croatia,HRV,2021-09-23,83.67
Croatia,HRV,2021-09-24,83.84
Croatia,HRV,2021-09-25,83.92
Croatia,HRV,2021-09-26,83.94
Croatia,HRV,2021-09-27,84.07
Croatia,HRV,2021-09-28,84.22
Croatia,HRV,2021-09-29,84.43
Croatia,HRV,2021-09-30,84.65
Croatia,HRV,2021-10-02,84.9
Croatia,HRV,2021-10-04,85.05
Croatia,HRV,2021-10-05,85.24
Croatia,HRV,2021-10-06,85.41
Croatia,HRV,2021-10-07,85.61
Croatia,HRV,2021-10-09,85.86
Croatia,HRV,2021-10-10,85.88
Croatia,HRV,2021-10-11,85.99
Croatia,HRV,2021-10-12,86.13
Croatia,HRV,2021-10-13,86.28
Croatia,HRV,2021-10-14,86.47
Croatia,HRV,2021-10-15,86.61
Croatia,HRV,2021-10-16,86.7
Croatia,HRV,2021-10-17,86.71
Croatia,HRV,2021-10-18,86.8
Croatia,HRV,2021-10-19,86.95
Croatia,HRV,2021-10-20,87.12
Croatia,HRV,2021-10-21,87.33
Croatia,HRV,2021-10-22,87.54
Croatia,HRV,2021-10-23,87.63
Croatia,HRV,2021-10-24,87.65
Croatia,HRV,2021-10-25,87.83
Croatia,HRV,2021-10-26,88.06
Croatia,HRV,2021-10-28,88.66
Croatia,HRV,2021-10-29,88.92
Croatia,HRV,2021-10-31,89.07
Croatia,HRV,2021-11-01,89.09
Croatia,HRV,2021-11-02,89.34
Croatia,HRV,2021-11-03,89.7
Croatia,HRV,2021-11-04,90.11
Croatia,HRV,2021-11-05,90.53
Croatia,HRV,2021-11-06,90.89
Croatia,HRV,2021-11-09,91.94
Croatia,HRV,2021-11-10,92.61
Croatia,HRV,2021-11-12,94.02
Croatia,HRV,2021-11-13,94.72
Croatia,HRV,2021-11-14,94.88
Croatia,HRV,2021-11-16,96.04
Croatia,HRV,2021-11-17,96.84
Croatia,HRV,2021-11-18,97
Croatia,HRV,2021-11-19,97.61
Croatia,HRV,2021-11-20,98.08
Croatia,HRV,2021-11-21,98.17
Croatia,HRV,2021-11-22,98.54
Croatia,HRV,2021-11-23,99.08
Croatia,HRV,2021-11-24,99.68
Croatia,HRV,2021-11-25,100.34
Croatia,HRV,2021-11-26,100.85
Croatia,HRV,2021-11-27,101.26
Croatia,HRV,2021-11-28,101.35
Croatia,HRV,2021-11-29,101.76
Croatia,HRV,2021-11-30,102.31
Croatia,HRV,2021-12-01,102.92
Croatia,HRV,2021-12-02,103.49
Croatia,HRV,2021-12-04,104.57
Croatia,HRV,2021-12-05,104.67
Croatia,HRV,2021-12-06,105.09
Croatia,HRV,2021-12-07,105.64
Croatia,HRV,2021-12-08,106.26
Croatia,HRV,2021-12-10,107.42
Croatia,HRV,2021-12-11,107.92
Croatia,HRV,2021-12-12,108.04
Croatia,HRV,2021-12-13,108.54
Croatia,HRV,2021-12-14,109.15
Croatia,HRV,2021-12-15,109.88
Croatia,HRV,2021-12-16,110.6
Croatia,HRV,2021-12-17,111.31
Croatia,HRV,2021-12-18,111.87
Croatia,HRV,2021-12-19,112.03
Croatia,HRV,2021-12-20,112.57
Croatia,HRV,2021-12-21,113.23
Croatia,HRV,2021-12-22,113.88
Croatia,HRV,2021-12-23,114.33
Croatia,HRV,2021-12-24,114.45
Croatia,HRV,2021-12-25,114.45
Croatia,HRV,2021-12-26,114.46
Croatia,HRV,2021-12-27,114.85
Croatia,HRV,2021-12-28,115.38
Croatia,HRV,2021-12-29,115.98
Croatia,HRV,2021-12-30,116.38
Croatia,HRV,2021-12-31,116.49
Croatia,HRV,2022-01-01,116.49
Croatia,HRV,2022-01-02,116.54
Croatia,HRV,2022-01-03,116.89
Croatia,HRV,2022-01-04,117.43
Croatia,HRV,2022-01-05,118.02
Croatia,HRV,2022-01-06,118.07
Croatia,HRV,2022-01-07,118.59
Croatia,HRV,2022-01-08,119.02
Croatia,HRV,2022-01-09,119.16
Croatia,HRV,2022-01-10,119.52
Croatia,HRV,2022-01-11,120.09
Croatia,HRV,2022-01-12,120.71
Croatia,HRV,2022-01-13,121.26
Croatia,HRV,2022-01-14,121.8
Croatia,HRV,2022-01-15,122.17
Croatia,HRV,2022-01-16,122.25
Croatia,HRV,2022-01-17,122.53
Croatia,HRV,2022-01-18,122.91
Croatia,HRV,2022-01-19,123.31
Croatia,HRV,2022-01-20,123.68
Croatia,HRV,2022-01-21,123.98
Croatia,HRV,2022-01-22,124.26
Croatia,HRV,2022-01-23,124.29
Croatia,HRV,2022-01-24,124.44
Croatia,HRV,2022-01-25,124.67
Croatia,HRV,2022-01-26,124.91
Croatia,HRV,2022-01-27,125.14
Croatia,HRV,2022-01-28,125.36
Croatia,HRV,2022-01-29,125.49
Croatia,HRV,2022-01-30,125.51
Croatia,HRV,2022-01-31,125.64
Croatia,HRV,2022-02-01,125.8
Croatia,HRV,2022-02-02,125.97
Croatia,HRV,2022-02-03,126.15
Croatia,HRV,2022-02-04,126.3
Croatia,HRV,2022-02-05,126.42
Croatia,HRV,2022-02-06,126.42
Croatia,HRV,2022-02-07,126.51
Croatia,HRV,2022-02-08,126.64
Croatia,HRV,2022-02-09,126.78
Croatia,HRV,2022-02-10,126.91
Croatia,HRV,2022-02-11,127
Croatia,HRV,2022-02-12,127.09
Croatia,HRV,2022-02-13,127.09
Croatia,HRV,2022-02-14,127.15
Croatia,HRV,2022-02-15,127.25
Croatia,HRV,2022-02-16,127.36
Croatia,HRV,2022-02-17,127.45
Croatia,HRV,2022-02-18,127.53
Croatia,HRV,2022-02-19,127.6
Croatia,HRV,2022-02-20,127.6
Croatia,HRV,2022-02-21,127.65
Croatia,HRV,2022-02-22,127.71
Croatia,HRV,2022-02-23,127.8
Croatia,HRV,2022-02-24,127.85
Croatia,HRV,2022-02-25,127.91
Croatia,HRV,2022-02-26,127.93
Croatia,HRV,2022-02-27,127.93
Croatia,HRV,2022-02-28,127.97
Croatia,HRV,2022-03-01,128
Croatia,HRV,2022-03-02,128.04
Croatia,HRV,2022-03-03,128.07
Croatia,HRV,2022-03-04,128.11
Croatia,HRV,2022-03-05,128.13
Croatia,HRV,2022-03-06,128.13
Croatia,HRV,2022-03-07,128.15
Croatia,HRV,2022-03-08,128.18
Croatia,HRV,2022-03-09,128.22
Croatia,HRV,2022-03-10,128.25
Croatia,HRV,2022-03-11,128.29
Croatia,HRV,2022-03-12,128.3
Croatia,HRV,2022-03-13,128.3
Croatia,HRV,2022-03-14,128.33
Croatia,HRV,2022-03-15,128.35
Croatia,HRV,2022-03-16,128.4
Croatia,HRV,2022-03-17,128.42
Croatia,HRV,2022-03-18,128.46
Croatia,HRV,2022-03-19,128.48
Croatia,HRV,2022-03-20,128.48
Croatia,HRV,2022-03-21,128.5
Croatia,HRV,2022-03-22,128.53
Croatia,HRV,2022-03-23,128.57
Croatia,HRV,2022-03-25,128.62
Croatia,HRV,2022-03-26,128.63
Croatia,HRV,2022-03-27,128.63
Croatia,HRV,2022-03-29,128.67
Croatia,HRV,2022-04-02,128.76
Croatia,HRV,2022-04-04,128.78
Croatia,HRV,2022-04-05,128.81
Croatia,HRV,2022-04-06,128.85
Croatia,HRV,2022-04-07,128.88
Croatia,HRV,2022-04-08,128.9
Croatia,HRV,2022-04-09,128.91
Croatia,HRV,2022-04-10,128.91
Croatia,HRV,2022-04-11,128.92
Croatia,HRV,2022-04-12,128.94
Croatia,HRV,2022-04-13,128.96
Croatia,HRV,2022-04-14,128.97
Croatia,HRV,2022-04-17,128.99
Croatia,HRV,2022-04-18,128.99
Croatia,HRV,2022-04-19,129
Croatia,HRV,2022-04-20,129.03
Croatia,HRV,2022-04-22,129.06
Croatia,HRV,2022-04-23,129.07
Croatia,HRV,2022-04-24,129.07
Croatia,HRV,2022-04-25,129.08
Croatia,HRV,2022-04-26,129.09
Croatia,HRV,2022-04-27,129.12
Croatia,HRV,2022-04-28,129.13
Croatia,HRV,2022-04-29,129.15
Croatia,HRV,2022-04-30,129.15
Croatia,HRV,2022-05-01,129.15
Croatia,HRV,2022-05-02,129.17
Croatia,HRV,2022-05-03,129.18
Croatia,HRV,2022-05-04,129.2
Croatia,HRV,2022-05-05,129.21
Croatia,HRV,2022-05-06,129.22
Croatia,HRV,2022-05-07,129.22
Croatia,HRV,2022-05-08,129.22
Croatia,HRV,2022-05-09,129.23
Croatia,HRV,2022-05-10,129.24
Croatia,HRV,2022-05-11,129.26
Croatia,HRV,2022-05-12,129.27
Croatia,HRV,2022-05-13,129.28
Croatia,HRV,2022-05-14,129.28
Croatia,HRV,2022-05-15,129.28
Croatia,HRV,2022-05-16,129.29
Croatia,HRV,2022-05-17,129.3
Croatia,HRV,2022-05-18,129.31
Croatia,HRV,2022-05-19,129.32
Croatia,HRV,2022-05-20,129.33
Croatia,HRV,2022-05-21,129.33
Croatia,HRV,2022-05-23,129.34
Croatia,HRV,2022-05-24,129.35
Croatia,HRV,2022-05-25,129.36
Croatia,HRV,2022-05-26,129.37
Croatia,HRV,2022-05-27,129.37
Croatia,HRV,2022-05-28,129.38
Croatia,HRV,2022-05-30,129.38
Croatia,HRV,2022-05-31,129.39
Croatia,HRV,2022-06-01,129.4
Croatia,HRV,2022-06-02,129.4
Croatia,HRV,2022-06-03,129.41
Croatia,HRV,2022-06-04,129.41
Croatia,HRV,2022-06-05,129.41
Croatia,HRV,2022-06-06,129.41
Croatia,HRV,2022-06-07,129.42
Croatia,HRV,2022-06-08,129.43
Croatia,HRV,2022-06-09,129.43
Croatia,HRV,2022-06-10,129.44
Croatia,HRV,2022-06-11,129.44
Croatia,HRV,2022-06-12,129.44
Croatia,HRV,2022-06-13,129.45
Croatia,HRV,2022-06-14,129.45
Croatia,HRV,2022-06-15,129.46
Croatia,HRV,2022-06-16,129.46
Croatia,HRV,2022-06-17,129.47
Croatia,HRV,2022-06-18,129.47
Croatia,HRV,2022-06-19,129.47
Croatia,HRV,2022-06-20,129.47
Croatia,HRV,2022-06-21,129.48
Croatia,HRV,2022-06-23,129.48
Croatia,HRV,2022-06-24,129.49
Croatia,HRV,2022-06-25,129.49
Croatia,HRV,2022-06-26,129.49
Croatia,HRV,2022-06-27,129.49
Croatia,HRV,2022-06-28,129.5
Croatia,HRV,2022-06-29,129.51
Croatia,HRV,2022-06-30,129.51
Croatia,HRV,2022-07-03,129.52
Croatia,HRV,2022-07-04,129.53
Croatia,HRV,2022-07-05,129.53
Croatia,HRV,2022-07-06,129.55
Croatia,HRV,2022-07-08,129.56
Croatia,HRV,2022-07-09,129.56
Croatia,HRV,2022-07-10,129.56
Croatia,HRV,2022-07-11,129.56
Croatia,HRV,2022-07-13,129.58
Croatia,HRV,2022-07-14,129.59
Croatia,HRV,2022-07-15,129.6
Croatia,HRV,2022-07-16,129.6
Croatia,HRV,2022-07-17,129.6
Croatia,HRV,2022-07-18,129.6
Croatia,HRV,2022-07-19,129.61
Croatia,HRV,2022-07-20,129.62
Croatia,HRV,2022-07-21,129.62
Croatia,HRV,2022-07-22,129.63
Croatia,HRV,2022-07-23,129.63
Croatia,HRV,2022-07-24,129.63
Croatia,HRV,2022-07-25,129.64
Croatia,HRV,2022-07-26,129.65
Croatia,HRV,2022-07-27,129.65
Croatia,HRV,2022-07-28,129.66
Croatia,HRV,2022-07-29,129.66
Croatia,HRV,2022-07-30,129.67
Croatia,HRV,2022-07-31,129.67
Croatia,HRV,2022-08-01,129.67
Cuba,CUB,2021-05-31,18.1
Cuba,CUB,2021-06-01,19.76
Cuba,CUB,2021-06-02,21.39
Cuba,CUB,2021-06-03,23.03
Cuba,CUB,2021-06-04,24.3
Cuba,CUB,2021-06-05,25.27
Cuba,CUB,2021-06-06,25.61
Cuba,CUB,2021-06-07,26.18
Cuba,CUB,2021-06-08,26.8
Cuba,CUB,2021-06-09,27.79
Cuba,CUB,2021-06-10,29.07
Cuba,CUB,2021-06-11,30.38
Cuba,CUB,2021-06-12,31.84
Cuba,CUB,2021-06-13,32.27
Cuba,CUB,2021-06-14,34.19
Cuba,CUB,2021-06-15,36.28
Cuba,CUB,2021-06-16,38.45
Cuba,CUB,2021-06-17,40.31
Cuba,CUB,2021-06-18,41.95
Cuba,CUB,2021-06-19,43.13
Cuba,CUB,2021-06-20,43.46
Cuba,CUB,2021-06-21,44.24
Cuba,CUB,2021-06-22,45.43
Cuba,CUB,2021-06-23,46.46
Cuba,CUB,2021-06-24,47.34
Cuba,CUB,2021-06-25,48.79
Cuba,CUB,2021-06-26,49.67
Cuba,CUB,2021-06-27,50.43
Cuba,CUB,2021-06-28,51.96
Cuba,CUB,2021-06-29,53.2
Cuba,CUB,2021-06-30,54.48
Cuba,CUB,2021-07-01,56.81
Cuba,CUB,2021-07-02,58.39
Cuba,CUB,2021-07-03,59.31
Cuba,CUB,2021-07-04,59.69
Cuba,CUB,2021-07-05,60.05
Cuba,CUB,2021-07-06,60.71
Cuba,CUB,2021-07-07,62.24
Cuba,CUB,2021-07-08,63.61
Cuba,CUB,2021-07-09,64.63
Cuba,CUB,2021-07-10,66.36
Cuba,CUB,2021-07-11,66.69
Cuba,CUB,2021-07-12,67.68
Cuba,CUB,2021-07-13,69.01
Cuba,CUB,2021-07-14,70.18
Cuba,CUB,2021-07-15,71.33
Cuba,CUB,2021-07-16,72.37
Cuba,CUB,2021-07-17,73.07
Cuba,CUB,2021-07-18,73.38
Cuba,CUB,2021-07-19,73.89
Cuba,CUB,2021-07-20,74.53
Cuba,CUB,2021-07-21,75.93
Cuba,CUB,2021-07-22,77.13
Cuba,CUB,2021-07-23,78.22
Cuba,CUB,2021-07-24,79.07
Cuba,CUB,2021-07-25,79.18
Cuba,CUB,2021-07-26,79.47
Cuba,CUB,2021-07-27,80.71
Cuba,CUB,2021-07-28,81.46
Cuba,CUB,2021-07-30,85.73
Cuba,CUB,2021-07-31,87.9
Cuba,CUB,2021-08-01,89.38
Cuba,CUB,2021-08-02,91.21
Cuba,CUB,2021-08-03,93.08
Cuba,CUB,2021-08-04,94.32
Cuba,CUB,2021-08-05,95.17
Cuba,CUB,2021-08-06,95.82
Cuba,CUB,2021-08-07,96.19
Cuba,CUB,2021-08-08,96.38
Cuba,CUB,2021-08-09,97.01
Cuba,CUB,2021-08-10,97.74
Cuba,CUB,2021-08-11,98.25
Cuba,CUB,2021-08-12,99.8
Cuba,CUB,2021-08-13,101.36
Cuba,CUB,2021-08-14,103.34
Cuba,CUB,2021-08-15,107.23
Cuba,CUB,2021-08-16,108.61
Cuba,CUB,2021-08-17,109.16
Cuba,CUB,2021-08-18,109.46
Cuba,CUB,2021-08-19,109.72
Cuba,CUB,2021-08-20,110.43
Cuba,CUB,2021-08-21,111.11
Cuba,CUB,2021-08-22,111.83
Cuba,CUB,2021-08-23,112.82
Cuba,CUB,2021-08-24,114.18
Cuba,CUB,2021-08-25,115.12
Cuba,CUB,2021-08-26,117.1
Cuba,CUB,2021-08-27,118.86
Cuba,CUB,2021-08-28,120.76
Cuba,CUB,2021-08-29,122.06
Cuba,CUB,2021-08-30,123.69
Cuba,CUB,2021-08-31,125.4
Cuba,CUB,2021-09-01,127.29
Cuba,CUB,2021-09-03,129.46
Cuba,CUB,2021-09-04,130.34
Cuba,CUB,2021-09-07,135.41
Cuba,CUB,2021-09-08,137.94
Cuba,CUB,2021-09-09,140.58
Cuba,CUB,2021-09-10,143.88
Cuba,CUB,2021-09-11,146.04
Cuba,CUB,2021-09-12,146.84
Cuba,CUB,2021-09-13,148.33
Cuba,CUB,2021-09-14,150.52
Cuba,CUB,2021-09-15,152.98
Cuba,CUB,2021-09-16,155.45
Cuba,CUB,2021-09-17,157.83
Cuba,CUB,2021-09-18,161.03
Cuba,CUB,2021-09-19,163.49
Cuba,CUB,2021-09-20,166.6
Cuba,CUB,2021-09-21,169.45
Cuba,CUB,2021-09-22,172.51
Cuba,CUB,2021-09-23,175.47
Cuba,CUB,2021-09-24,177.6
Cuba,CUB,2021-09-25,179.18
Cuba,CUB,2021-09-26,180.33
Cuba,CUB,2021-09-27,182.44
Cuba,CUB,2021-09-28,184.68
Cuba,CUB,2021-09-29,186.6
Cuba,CUB,2021-09-30,189.16
Cuba,CUB,2021-10-01,190.51
Cuba,CUB,2021-10-02,191.15
Cuba,CUB,2021-10-03,191.45
Cuba,CUB,2021-10-04,192.61
Cuba,CUB,2021-10-05,194.35
Cuba,CUB,2021-10-06,196.48
Cuba,CUB,2021-10-07,198.57
Cuba,CUB,2021-10-08,201.37
Cuba,CUB,2021-10-09,203.23
Cuba,CUB,2021-10-10,204.17
Cuba,CUB,2021-10-11,205.65
Cuba,CUB,2021-10-12,207.86
Cuba,CUB,2021-10-13,209.91
Cuba,CUB,2021-10-14,212.51
Cuba,CUB,2021-10-15,214.65
Cuba,CUB,2021-10-16,217.34
Cuba,CUB,2021-10-17,218.97
Cuba,CUB,2021-10-18,220.67
Cuba,CUB,2021-10-19,221.85
Cuba,CUB,2021-10-20,222.82
Cuba,CUB,2021-10-21,223.72
Cuba,CUB,2021-10-22,224.55
Cuba,CUB,2021-10-23,225.03
Cuba,CUB,2021-10-24,225.28
Cuba,CUB,2021-10-25,225.97
Cuba,CUB,2021-10-26,226.63
Cuba,CUB,2021-10-27,227.16
Cuba,CUB,2021-10-28,227.72
Cuba,CUB,2021-10-29,228.47
Cuba,CUB,2021-10-30,228.96
Cuba,CUB,2021-10-31,229.21
Cuba,CUB,2021-11-01,229.82
Cuba,CUB,2021-11-02,230.44
Cuba,CUB,2021-11-03,231.04
Cuba,CUB,2021-11-04,231.57
Cuba,CUB,2021-11-05,233.31
Cuba,CUB,2021-11-06,234.44
Cuba,CUB,2021-11-07,234.74
Cuba,CUB,2021-11-08,235.01
Cuba,CUB,2021-11-09,235.99
Cuba,CUB,2021-11-10,236.88
Cuba,CUB,2021-11-11,238.55
Cuba,CUB,2021-11-12,240.22
Cuba,CUB,2021-11-13,242.39
Cuba,CUB,2021-11-14,243.63
Cuba,CUB,2021-11-15,244.92
Cuba,CUB,2021-11-16,245.82
Cuba,CUB,2021-11-17,246.46
Cuba,CUB,2021-11-18,246.92
Cuba,CUB,2021-11-19,247.42
Cuba,CUB,2021-11-20,247.62
Cuba,CUB,2021-11-21,247.67
Cuba,CUB,2021-11-22,248.06
Cuba,CUB,2021-11-23,248.41
Cuba,CUB,2021-11-26,252.06
Cuba,CUB,2021-11-27,252.27
Cuba,CUB,2021-11-28,252.33
Cuba,CUB,2021-11-29,252.6
Cuba,CUB,2021-11-30,253.06
Cuba,CUB,2021-12-01,253.56
Cuba,CUB,2021-12-02,254.01
Cuba,CUB,2021-12-03,254.29
Cuba,CUB,2021-12-04,254.47
Cuba,CUB,2021-12-05,254.53
Cuba,CUB,2021-12-06,254.77
Cuba,CUB,2021-12-07,255.33
Cuba,CUB,2021-12-08,256.05
Cuba,CUB,2021-12-09,256.68
Cuba,CUB,2021-12-10,257.28
Cuba,CUB,2021-12-11,257.69
Cuba,CUB,2021-12-12,257.92
Cuba,CUB,2021-12-13,258.13
Cuba,CUB,2021-12-14,258.44
Cuba,CUB,2021-12-15,258.76
Cuba,CUB,2021-12-16,259.63
Cuba,CUB,2021-12-17,260.23
Cuba,CUB,2021-12-18,260.56
Cuba,CUB,2021-12-19,260.92
Cuba,CUB,2021-12-20,261.23
Cuba,CUB,2021-12-21,261.74
Cuba,CUB,2021-12-22,262.4
Cuba,CUB,2021-12-23,263.29
Cuba,CUB,2021-12-24,264.47
Cuba,CUB,2021-12-25,265.95
Cuba,CUB,2021-12-26,266.72
Cuba,CUB,2021-12-27,267.32
Cuba,CUB,2021-12-28,268.95
Cuba,CUB,2021-12-30,272.91
Cuba,CUB,2021-12-31,274.28
Cuba,CUB,2022-01-01,274.41
Cuba,CUB,2022-01-02,274.43
Cuba,CUB,2022-01-03,274.47
Cuba,CUB,2022-01-04,274.74
Cuba,CUB,2022-01-05,275.58
Cuba,CUB,2022-01-06,276.87
Cuba,CUB,2022-01-07,278.46
Cuba,CUB,2022-01-08,280.08
Cuba,CUB,2022-01-09,281.53
Cuba,CUB,2022-01-10,282.54
Cuba,CUB,2022-01-11,284.07
Cuba,CUB,2022-01-12,285.72
Cuba,CUB,2022-01-13,287.62
Cuba,CUB,2022-01-14,289.62
Cuba,CUB,2022-01-15,291.47
Cuba,CUB,2022-01-16,292.65
Cuba,CUB,2022-01-17,293.29
Cuba,CUB,2022-01-18,294.46
Cuba,CUB,2022-01-19,295.62
Cuba,CUB,2022-01-20,296.92
Cuba,CUB,2022-01-21,298.05
Cuba,CUB,2022-01-22,299.03
Cuba,CUB,2022-01-23,299.63
Cuba,CUB,2022-01-24,300.06
Cuba,CUB,2022-01-25,300.87
Cuba,CUB,2022-01-26,301.77
Cuba,CUB,2022-01-27,302.65
Cuba,CUB,2022-01-28,303.37
Cuba,CUB,2022-01-29,304.15
Cuba,CUB,2022-01-30,304.53
Cuba,CUB,2022-01-31,304.71
Cuba,CUB,2022-02-01,305.12
Cuba,CUB,2022-02-04,306.54
Cuba,CUB,2022-02-05,306.95
Cuba,CUB,2022-02-06,307.18
Cuba,CUB,2022-02-07,307.28
Cuba,CUB,2022-02-08,307.59
Cuba,CUB,2022-02-09,307.86
Cuba,CUB,2022-02-10,308.13
Cuba,CUB,2022-02-11,308.38
Cuba,CUB,2022-02-12,308.59
Cuba,CUB,2022-02-13,308.7
Cuba,CUB,2022-02-14,308.75
Cuba,CUB,2022-02-15,308.94
Cuba,CUB,2022-02-16,309.14
Cuba,CUB,2022-02-17,309.37
Cuba,CUB,2022-02-18,309.59
Cuba,CUB,2022-02-19,309.79
Cuba,CUB,2022-02-20,309.86
Cuba,CUB,2022-02-21,309.91
Cuba,CUB,2022-02-22,310.11
Cuba,CUB,2022-02-23,310.29
Cuba,CUB,2022-02-24,310.47
Cuba,CUB,2022-02-25,310.68
Cuba,CUB,2022-02-26,310.83
Cuba,CUB,2022-02-27,310.9
Cuba,CUB,2022-02-28,310.95
Cuba,CUB,2022-03-01,311.08
Cuba,CUB,2022-03-02,311.22
Cuba,CUB,2022-03-04,311.5
Cuba,CUB,2022-03-05,311.63
Cuba,CUB,2022-03-06,311.67
Cuba,CUB,2022-03-07,311.7
Cuba,CUB,2022-03-08,311.83
Cuba,CUB,2022-03-09,311.94
Cuba,CUB,2022-03-10,312.1
Cuba,CUB,2022-03-11,312.29
Cuba,CUB,2022-03-12,312.43
Cuba,CUB,2022-03-13,312.49
Cuba,CUB,2022-03-14,312.52
Cuba,CUB,2022-03-15,312.63
Cuba,CUB,2022-03-16,312.74
Cuba,CUB,2022-03-17,312.88
Cuba,CUB,2022-03-18,313.01
Cuba,CUB,2022-03-19,313.14
Cuba,CUB,2022-03-20,313.19
Cuba,CUB,2022-03-22,313.33
Cuba,CUB,2022-03-23,313.48
Cuba,CUB,2022-03-24,313.61
Cuba,CUB,2022-03-25,313.77
Cuba,CUB,2022-03-26,313.92
Cuba,CUB,2022-03-27,313.98
Cuba,CUB,2022-03-28,314.02
Cuba,CUB,2022-03-29,314.17
Cuba,CUB,2022-04-01,314.72
Cuba,CUB,2022-04-04,315
Cuba,CUB,2022-04-05,315.13
Cuba,CUB,2022-04-06,315.25
Cuba,CUB,2022-04-07,315.39
Cuba,CUB,2022-04-08,315.55
Cuba,CUB,2022-04-09,315.69
Cuba,CUB,2022-04-10,315.74
Cuba,CUB,2022-04-11,315.77
Cuba,CUB,2022-04-12,315.88
Cuba,CUB,2022-04-15,316.3
Cuba,CUB,2022-04-16,316.32
Cuba,CUB,2022-04-17,316.34
Cuba,CUB,2022-04-18,316.37
Cuba,CUB,2022-04-19,316.47
Cuba,CUB,2022-04-21,316.7
Cuba,CUB,2022-04-22,316.81
Cuba,CUB,2022-04-23,316.91
Cuba,CUB,2022-04-24,316.95
Cuba,CUB,2022-04-25,316.98
Cuba,CUB,2022-04-26,317.08
Cuba,CUB,2022-04-27,317.19
Cuba,CUB,2022-04-28,317.29
Cuba,CUB,2022-04-29,317.39
Cuba,CUB,2022-05-02,317.51
Cuba,CUB,2022-05-03,318.61
Cuba,CUB,2022-05-04,320.1
Cuba,CUB,2022-05-05,320.97
Cuba,CUB,2022-05-06,321.54
Cuba,CUB,2022-05-08,321.79
Cuba,CUB,2022-05-09,321.96
Cuba,CUB,2022-05-10,322.22
Cuba,CUB,2022-05-11,322.5
Cuba,CUB,2022-05-12,322.76
Cuba,CUB,2022-05-13,322.95
Cuba,CUB,2022-05-14,323.06
Cuba,CUB,2022-05-15,323.1
Cuba,CUB,2022-05-16,323.16
Cuba,CUB,2022-05-17,323.26
Cuba,CUB,2022-05-18,323.36
Cuba,CUB,2022-05-19,323.46
Cuba,CUB,2022-05-20,324.25
Cuba,CUB,2022-05-21,324.48
Cuba,CUB,2022-05-22,324.77
Cuba,CUB,2022-05-23,324.88
Cuba,CUB,2022-05-24,325.4
Cuba,CUB,2022-05-25,326.26
Cuba,CUB,2022-05-26,327.06
Cuba,CUB,2022-05-28,328.72
Cuba,CUB,2022-05-29,329.04
Cuba,CUB,2022-05-30,329.18
Cuba,CUB,2022-05-31,330.08
Cuba,CUB,2022-06-01,330.89
Cuba,CUB,2022-06-02,331.75
Cuba,CUB,2022-06-03,332.21
Cuba,CUB,2022-06-04,332.53
Cuba,CUB,2022-06-05,332.57
Cuba,CUB,2022-06-06,332.62
Cuba,CUB,2022-06-07,333.05
Cuba,CUB,2022-06-08,333.56
Cuba,CUB,2022-06-10,334.84
Cuba,CUB,2022-06-11,335.59
Cuba,CUB,2022-06-12,335.97
Cuba,CUB,2022-06-13,336.02
Cuba,CUB,2022-06-14,336.67
Cuba,CUB,2022-06-15,337.36
Cuba,CUB,2022-06-16,338.12
Cuba,CUB,2022-06-17,339.61
Cuba,CUB,2022-06-18,339.84
Cuba,CUB,2022-06-19,339.86
Cuba,CUB,2022-06-20,340.36
Cuba,CUB,2022-06-21,340.95
Cuba,CUB,2022-06-22,341.36
Cuba,CUB,2022-06-23,341.72
Cuba,CUB,2022-06-24,342.08
Cuba,CUB,2022-06-25,342.25
Cuba,CUB,2022-06-26,342.29
Cuba,CUB,2022-06-27,342.55
Cuba,CUB,2022-06-28,342.86
Cuba,CUB,2022-06-29,343.18
Cuba,CUB,2022-06-30,343.54
Cuba,CUB,2022-07-01,343.92
Cuba,CUB,2022-07-02,344.03
Cuba,CUB,2022-07-03,344.06
Cuba,CUB,2022-07-04,344.28
Cuba,CUB,2022-07-05,344.52
Cuba,CUB,2022-07-07,345.05
Cuba,CUB,2022-07-08,345.32
Cuba,CUB,2022-07-09,345.44
Cuba,CUB,2022-07-10,345.46
Cuba,CUB,2022-07-11,345.7
Cuba,CUB,2022-07-12,345.87
Cuba,CUB,2022-07-13,346.05
Cuba,CUB,2022-07-15,346.5
Cuba,CUB,2022-07-16,346.55
Cuba,CUB,2022-07-17,346.57
Cuba,CUB,2022-07-18,346.75
Cuba,CUB,2022-07-19,347
Cuba,CUB,2022-07-20,347.31
Cuba,CUB,2022-07-21,347.69
Cuba,CUB,2022-07-22,348.22
Cuba,CUB,2022-07-23,348.39
Cuba,CUB,2022-07-25,348.61
Cuba,CUB,2022-07-26,348.64
Cuba,CUB,2022-07-27,348.71
Cuba,CUB,2022-07-28,348.93
Cuba,CUB,2022-07-29,349.23
Cuba,CUB,2022-07-30,349.42
Cuba,CUB,2022-07-31,349.48
Cuba,CUB,2022-08-01,349.82
Curacao,CUW,2021-03-29,10.3
Curacao,CUW,2021-03-30,10.76
Curacao,CUW,2021-04-01,11.74
Curacao,CUW,2021-04-05,14.78
Curacao,CUW,2021-04-06,15.87
Curacao,CUW,2021-04-07,16.99
Curacao,CUW,2021-04-08,17.93
Curacao,CUW,2021-04-09,19.37
Curacao,CUW,2021-04-10,21.36
Curacao,CUW,2021-04-13,26.23
Curacao,CUW,2021-04-14,28.12
Curacao,CUW,2021-04-15,30.56
Curacao,CUW,2021-04-16,32.06
Curacao,CUW,2021-04-17,33.86
Curacao,CUW,2021-04-19,36.13
Curacao,CUW,2021-04-20,37.81
Curacao,CUW,2021-04-21,39.32
Curacao,CUW,2021-04-22,40.82
Curacao,CUW,2021-04-23,42.22
Curacao,CUW,2021-04-24,44.14
Curacao,CUW,2021-04-25,44.51
Curacao,CUW,2021-04-26,45.59
Curacao,CUW,2021-04-27,46.86
Curacao,CUW,2021-04-28,47.15
Curacao,CUW,2021-04-29,49.34
Curacao,CUW,2021-04-30,50.28
Curacao,CUW,2021-05-01,51.22
Curacao,CUW,2021-05-02,51.23
Curacao,CUW,2021-05-03,52.81
Curacao,CUW,2021-05-04,54.01
Curacao,CUW,2021-05-05,55.54
Curacao,CUW,2021-05-06,56.2
Curacao,CUW,2021-05-08,56.85
Curacao,CUW,2021-05-09,57.5
Curacao,CUW,2021-05-10,57.85
Curacao,CUW,2021-05-11,58.55
Curacao,CUW,2021-05-12,59.35
Curacao,CUW,2021-05-13,60.71
Curacao,CUW,2021-05-14,61.79
Curacao,CUW,2021-05-15,63.1
Curacao,CUW,2021-05-16,64.96
Curacao,CUW,2021-05-17,66.01
Curacao,CUW,2021-05-18,67.81
Curacao,CUW,2021-05-19,69.56
Curacao,CUW,2021-05-20,71.09
Curacao,CUW,2021-05-21,73.55
Curacao,CUW,2021-05-22,74.66
Curacao,CUW,2021-05-23,75.18
Curacao,CUW,2021-05-24,75.95
Curacao,CUW,2021-05-25,77.23
Curacao,CUW,2021-05-26,77.41
Curacao,CUW,2021-05-27,78.12
Curacao,CUW,2021-05-28,78.97
Curacao,CUW,2021-05-29,79.49
Curacao,CUW,2021-05-30,79.99
Curacao,CUW,2021-05-31,80.79
Curacao,CUW,2021-06-01,81.13
Curacao,CUW,2021-06-02,81.54
Curacao,CUW,2021-06-03,82.06
Curacao,CUW,2021-06-04,82.2
Curacao,CUW,2021-06-05,82.56
Curacao,CUW,2021-06-06,82.78
Curacao,CUW,2021-06-07,83.15
Curacao,CUW,2021-06-08,83.52
Curacao,CUW,2021-06-09,83.83
Curacao,CUW,2021-06-10,84.07
Curacao,CUW,2021-06-11,84.37
Curacao,CUW,2021-06-12,84.66
Curacao,CUW,2021-06-13,84.85
Curacao,CUW,2021-06-14,85.12
Curacao,CUW,2021-06-15,85.35
Curacao,CUW,2021-06-16,85.55
Curacao,CUW,2021-06-17,85.74
Curacao,CUW,2021-06-18,86
Curacao,CUW,2021-06-19,86.18
Curacao,CUW,2021-06-20,86.37
Curacao,CUW,2021-06-21,86.47
Curacao,CUW,2021-06-22,86.63
Curacao,CUW,2021-06-23,86.83
Curacao,CUW,2021-06-24,86.97
Curacao,CUW,2021-06-25,87.18
Curacao,CUW,2021-06-26,87.3
Curacao,CUW,2021-06-27,87.46
Curacao,CUW,2021-06-28,87.71
Curacao,CUW,2021-06-29,87.82
Curacao,CUW,2021-06-30,88
Curacao,CUW,2021-07-01,88.05
Curacao,CUW,2021-07-02,88.09
Curacao,CUW,2021-07-03,88.24
Curacao,CUW,2021-07-04,88.27
Curacao,CUW,2021-07-06,88.52
Curacao,CUW,2021-07-07,88.73
Curacao,CUW,2021-07-09,89.01
Curacao,CUW,2021-07-10,89.3
Curacao,CUW,2021-07-13,89.56
Curacao,CUW,2021-07-14,89.77
Curacao,CUW,2021-07-15,89.97
Curacao,CUW,2021-07-16,89.99
Curacao,CUW,2021-07-17,90.27
Curacao,CUW,2021-07-18,90.28
Curacao,CUW,2021-07-19,90.49
Curacao,CUW,2021-07-20,90.51
Curacao,CUW,2021-07-21,90.73
Curacao,CUW,2021-07-22,90.85
Curacao,CUW,2021-07-23,90.9
Curacao,CUW,2021-07-24,91.14
Curacao,CUW,2021-07-27,91.32
Curacao,CUW,2021-07-28,91.57
Curacao,CUW,2021-07-30,91.69
Curacao,CUW,2021-07-31,92.01
Curacao,CUW,2021-08-03,92.24
Curacao,CUW,2021-08-04,92.37
Curacao,CUW,2021-08-06,92.43
Curacao,CUW,2021-08-07,92.87
Curacao,CUW,2021-08-09,93.06
Curacao,CUW,2021-08-10,93.16
Curacao,CUW,2021-08-11,93.58
Curacao,CUW,2021-08-13,93.68
Curacao,CUW,2021-08-14,94.12
Curacao,CUW,2021-08-17,94.19
Curacao,CUW,2021-08-18,94.5
Curacao,CUW,2021-08-20,94.57
Curacao,CUW,2021-08-21,94.91
Curacao,CUW,2021-08-24,94.95
Curacao,CUW,2021-08-25,95.21
Curacao,CUW,2021-08-27,95.26
Curacao,CUW,2021-08-28,95.6
Curacao,CUW,2021-08-29,95.68
Curacao,CUW,2021-08-30,95.75
Curacao,CUW,2021-08-31,95.95
Curacao,CUW,2021-09-01,96.11
Curacao,CUW,2021-09-02,96.12
Curacao,CUW,2021-09-03,96.13
Curacao,CUW,2021-09-04,96.44
Curacao,CUW,2021-09-06,96.46
Curacao,CUW,2021-09-07,96.46
Curacao,CUW,2021-09-08,96.7
Curacao,CUW,2021-09-10,96.72
Curacao,CUW,2021-09-11,96.99
Curacao,CUW,2021-09-14,97.02
Curacao,CUW,2021-09-15,97.26
Curacao,CUW,2021-09-16,97.28
Curacao,CUW,2021-09-18,97.56
Curacao,CUW,2021-09-19,97.57
Curacao,CUW,2021-09-21,97.8
Curacao,CUW,2021-09-22,97.84
Curacao,CUW,2021-09-23,97.84
Curacao,CUW,2021-09-24,97.86
Curacao,CUW,2021-09-25,98.14
Curacao,CUW,2021-09-28,98.15
Curacao,CUW,2021-09-29,98.38
Curacao,CUW,2021-10-01,98.39
Curacao,CUW,2021-10-02,98.65
Curacao,CUW,2021-10-05,98.66
Curacao,CUW,2021-10-06,98.9
Curacao,CUW,2021-10-08,98.92
Curacao,CUW,2021-10-09,99.2
Curacao,CUW,2021-10-10,99.23
Curacao,CUW,2021-10-13,99.46
Curacao,CUW,2021-10-15,99.77
Curacao,CUW,2021-10-17,100.08
Curacao,CUW,2021-10-18,100.09
Curacao,CUW,2021-10-19,100.27
Curacao,CUW,2021-10-20,100.41
Curacao,CUW,2021-10-21,100.42
Curacao,CUW,2021-10-22,100.52
Curacao,CUW,2021-10-23,100.88
Curacao,CUW,2021-10-25,100.89
Curacao,CUW,2021-10-26,100.89
Curacao,CUW,2021-10-27,101.19
Curacao,CUW,2021-10-28,101.19
Curacao,CUW,2021-10-29,101.19
Curacao,CUW,2021-10-30,101.5
Curacao,CUW,2021-11-03,101.81
Curacao,CUW,2021-11-06,102.16
Curacao,CUW,2021-11-10,102.46
Curacao,CUW,2021-11-11,102.47
Curacao,CUW,2021-11-13,102.82
Curacao,CUW,2021-11-17,103.12
Curacao,CUW,2021-11-20,103.41
Curacao,CUW,2021-11-23,103.49
Curacao,CUW,2021-11-24,103.69
Curacao,CUW,2021-11-25,103.69
Curacao,CUW,2021-11-26,103.7
Curacao,CUW,2021-11-27,103.96
Curacao,CUW,2021-11-30,103.96
Curacao,CUW,2021-12-01,104.13
Curacao,CUW,2021-12-02,104.15
Curacao,CUW,2021-12-04,104.37
Curacao,CUW,2021-12-06,104.37
Curacao,CUW,2021-12-08,104.57
Curacao,CUW,2021-12-09,104.57
Curacao,CUW,2021-12-10,104.57
Curacao,CUW,2021-12-11,104.75
Curacao,CUW,2021-12-13,104.91
Curacao,CUW,2021-12-14,105.15
Curacao,CUW,2021-12-15,105.6
Curacao,CUW,2021-12-16,106
Curacao,CUW,2021-12-17,106.42
Curacao,CUW,2021-12-18,106.71
Curacao,CUW,2021-12-20,107.22
Curacao,CUW,2021-12-21,107.29
Curacao,CUW,2021-12-22,107.61
Curacao,CUW,2021-12-23,107.92
Curacao,CUW,2021-12-24,108.31
Curacao,CUW,2021-12-26,109.63
Curacao,CUW,2021-12-27,110.81
Curacao,CUW,2021-12-28,113.15
Curacao,CUW,2021-12-30,113.78
Curacao,CUW,2021-12-31,114.06
Curacao,CUW,2022-01-02,114.91
Curacao,CUW,2022-01-03,115.65
Curacao,CUW,2022-01-04,116.54
Curacao,CUW,2022-01-05,117.4
Curacao,CUW,2022-01-06,118.38
Curacao,CUW,2022-01-07,119.28
Curacao,CUW,2022-01-08,120.89
Curacao,CUW,2022-01-09,120.9
Curacao,CUW,2022-01-10,121.75
Curacao,CUW,2022-01-11,121.99
Curacao,CUW,2022-01-12,122.65
Curacao,CUW,2022-01-13,122.84
Curacao,CUW,2022-01-14,123.19
Curacao,CUW,2022-01-15,123.59
Curacao,CUW,2022-01-16,123.77
Curacao,CUW,2022-01-17,124.01
Curacao,CUW,2022-01-18,124.31
Curacao,CUW,2022-01-19,124.52
Curacao,CUW,2022-01-20,124.73
Curacao,CUW,2022-01-21,125.07
Curacao,CUW,2022-01-22,125.13
Curacao,CUW,2022-01-23,125.34
Curacao,CUW,2022-01-25,125.58
Curacao,CUW,2022-01-27,125.71
Curacao,CUW,2022-01-28,125.89
Curacao,CUW,2022-01-29,126.07
Curacao,CUW,2022-01-30,126.15
Curacao,CUW,2022-01-31,126.29
Curacao,CUW,2022-02-01,126.41
Curacao,CUW,2022-02-02,126.55
Curacao,CUW,2022-02-03,126.65
Curacao,CUW,2022-02-04,126.78
Curacao,CUW,2022-02-05,126.96
Curacao,CUW,2022-02-06,126.98
Curacao,CUW,2022-02-07,127.08
Curacao,CUW,2022-02-08,127.17
Curacao,CUW,2022-02-09,127.25
Curacao,CUW,2022-02-10,127.3
Curacao,CUW,2022-02-11,127.41
Curacao,CUW,2022-02-12,127.52
Curacao,CUW,2022-02-13,127.56
Curacao,CUW,2022-02-14,127.61
Curacao,CUW,2022-02-15,127.68
Curacao,CUW,2022-02-16,127.73
Curacao,CUW,2022-02-17,127.8
Curacao,CUW,2022-02-18,127.86
Curacao,CUW,2022-02-19,128.04
Curacao,CUW,2022-02-20,128.08
Curacao,CUW,2022-02-21,128.12
Curacao,CUW,2022-02-22,128.16
Curacao,CUW,2022-02-23,128.19
Curacao,CUW,2022-02-24,128.24
Curacao,CUW,2022-02-25,128.27
Curacao,CUW,2022-02-26,128.46
Curacao,CUW,2022-02-27,128.48
Curacao,CUW,2022-03-03,128.59
Curacao,CUW,2022-03-04,128.65
Curacao,CUW,2022-03-05,128.69
Curacao,CUW,2022-03-06,128.74
Curacao,CUW,2022-03-08,128.79
Curacao,CUW,2022-03-09,128.83
Curacao,CUW,2022-03-10,128.9
Curacao,CUW,2022-03-12,129.05
Curacao,CUW,2022-03-15,129.11
Curacao,CUW,2022-03-16,129.14
Curacao,CUW,2022-03-17,129.19
Curacao,CUW,2022-03-18,129.23
Curacao,CUW,2022-03-19,129.28
Curacao,CUW,2022-03-21,129.29
Curacao,CUW,2022-03-22,129.32
Curacao,CUW,2022-03-23,129.37
Curacao,CUW,2022-03-24,129.4
Curacao,CUW,2022-03-25,129.42
Curacao,CUW,2022-03-26,129.49
Curacao,CUW,2022-03-27,129.5
Curacao,CUW,2022-03-28,129.51
Curacao,CUW,2022-03-29,129.54
Curacao,CUW,2022-03-30,129.57
Curacao,CUW,2022-03-31,129.61
Curacao,CUW,2022-04-03,129.7
Curacao,CUW,2022-04-05,129.75
Curacao,CUW,2022-04-06,129.77
Curacao,CUW,2022-04-07,129.8
Curacao,CUW,2022-04-08,129.84
Curacao,CUW,2022-04-09,129.9
Curacao,CUW,2022-04-10,129.94
Curacao,CUW,2022-04-12,130.14
Curacao,CUW,2022-04-13,130.41
Curacao,CUW,2022-04-14,130.49
Curacao,CUW,2022-04-17,130.64
Curacao,CUW,2022-04-19,130.82
Curacao,CUW,2022-04-20,130.94
Curacao,CUW,2022-04-21,131.05
Curacao,CUW,2022-04-22,131.22
Curacao,CUW,2022-04-24,131.38
Curacao,CUW,2022-04-26,131.49
Curacao,CUW,2022-04-28,131.59
Curacao,CUW,2022-04-29,131.66
Curacao,CUW,2022-04-30,131.76
Curacao,CUW,2022-05-03,131.86
Curacao,CUW,2022-05-04,131.9
Curacao,CUW,2022-05-05,131.97
Curacao,CUW,2022-05-06,132.01
Curacao,CUW,2022-05-07,132.06
Curacao,CUW,2022-05-10,132.2
Curacao,CUW,2022-05-11,132.25
Curacao,CUW,2022-05-12,132.29
Curacao,CUW,2022-05-13,132.33
Curacao,CUW,2022-05-14,132.36
Curacao,CUW,2022-05-15,132.45
Curacao,CUW,2022-05-16,132.45
Curacao,CUW,2022-05-17,132.52
Curacao,CUW,2022-05-18,132.57
Curacao,CUW,2022-05-19,132.63
Curacao,CUW,2022-05-20,132.67
Curacao,CUW,2022-05-21,132.71
Curacao,CUW,2022-05-24,132.77
Curacao,CUW,2022-05-25,132.81
Curacao,CUW,2022-05-27,132.86
Curacao,CUW,2022-05-28,132.9
Curacao,CUW,2022-05-29,132.96
Curacao,CUW,2022-05-30,132.96
Curacao,CUW,2022-05-31,132.99
Curacao,CUW,2022-06-01,133
Curacao,CUW,2022-06-02,133.05
Curacao,CUW,2022-06-03,133.08
Curacao,CUW,2022-06-04,133.08
Curacao,CUW,2022-06-06,133.11
Curacao,CUW,2022-06-07,133.15
Curacao,CUW,2022-06-08,133.16
Curacao,CUW,2022-06-09,133.2
Curacao,CUW,2022-06-10,133.22
Curacao,CUW,2022-06-13,133.25
Curacao,CUW,2022-06-14,133.27
Curacao,CUW,2022-06-15,133.29
Curacao,CUW,2022-06-16,133.32
Curacao,CUW,2022-06-17,133.34
Curacao,CUW,2022-06-20,133.36
Curacao,CUW,2022-06-21,133.38
Curacao,CUW,2022-06-22,133.42
Curacao,CUW,2022-06-23,133.45
Curacao,CUW,2022-06-24,133.47
Curacao,CUW,2022-06-27,133.5
Curacao,CUW,2022-06-28,133.52
Curacao,CUW,2022-06-29,133.53
Curacao,CUW,2022-06-30,133.55
Curacao,CUW,2022-07-01,133.55
Curacao,CUW,2022-07-04,133.57
Curacao,CUW,2022-07-05,133.58
Curacao,CUW,2022-07-06,133.6
Curacao,CUW,2022-07-07,133.62
Curacao,CUW,2022-07-08,133.64
Curacao,CUW,2022-07-11,133.66
Curacao,CUW,2022-07-12,133.68
Curacao,CUW,2022-07-13,133.68
Curacao,CUW,2022-07-14,133.7
Curacao,CUW,2022-07-15,133.72
Curacao,CUW,2022-07-18,133.74
Curacao,CUW,2022-07-19,133.76
Curacao,CUW,2022-07-20,133.77
Curacao,CUW,2022-07-21,133.79
Curacao,CUW,2022-07-22,133.81
Curacao,CUW,2022-07-25,133.83
Curacao,CUW,2022-07-26,133.84
Curacao,CUW,2022-07-27,133.85
Curacao,CUW,2022-07-28,133.87
Curacao,CUW,2022-07-29,133.89
Curacao,CUW,2022-08-01,133.91
Curacao,CUW,2022-08-02,133.92
Curacao,CUW,2022-08-03,133.93
Cyprus,CYP,2021-01-06,0.44
Cyprus,CYP,2021-01-10,0.67
Cyprus,CYP,2021-01-16,1.14
Cyprus,CYP,2021-01-23,1.98
Cyprus,CYP,2021-01-30,2.85
Cyprus,CYP,2021-02-06,3.66
Cyprus,CYP,2021-02-13,4.96
Cyprus,CYP,2021-02-20,6.34
Cyprus,CYP,2021-02-23,7.21
Cyprus,CYP,2021-02-26,8.5
Cyprus,CYP,2021-03-07,11.08
Cyprus,CYP,2021-03-20,14.45
Cyprus,CYP,2021-04-03,18.03
Cyprus,CYP,2021-04-07,19.49
Cyprus,CYP,2021-04-09,20.45
Cyprus,CYP,2021-04-16,22.59
Cyprus,CYP,2021-04-19,23.96
Cyprus,CYP,2021-04-20,24.51
Cyprus,CYP,2021-04-21,25.04
Cyprus,CYP,2021-04-23,26.37
Cyprus,CYP,2021-05-01,32.12
Cyprus,CYP,2021-05-06,37.1
Cyprus,CYP,2021-05-10,41.45
Cyprus,CYP,2021-05-11,42.93
Cyprus,CYP,2021-05-12,44.64
Cyprus,CYP,2021-05-14,47.38
Cyprus,CYP,2021-05-16,48.5
Cyprus,CYP,2021-05-17,50.08
Cyprus,CYP,2021-05-18,51.55
Cyprus,CYP,2021-05-19,53.13
Cyprus,CYP,2021-05-21,56.25
Cyprus,CYP,2021-05-23,58.27
Cyprus,CYP,2021-05-24,59.52
Cyprus,CYP,2021-05-26,62.57
Cyprus,CYP,2021-05-27,63.89
Cyprus,CYP,2021-05-30,66.51
Cyprus,CYP,2021-06-01,68.67
Cyprus,CYP,2021-06-02,69.45
Cyprus,CYP,2021-06-03,70.58
Cyprus,CYP,2021-06-06,72.43
Cyprus,CYP,2021-06-07,73.09
Cyprus,CYP,2021-06-08,73.89
Cyprus,CYP,2021-06-09,75.12
Cyprus,CYP,2021-06-10,76.03
Cyprus,CYP,2021-06-11,76.98
Cyprus,CYP,2021-06-12,78.28
Cyprus,CYP,2021-06-15,80.22
Cyprus,CYP,2021-06-16,81.3
Cyprus,CYP,2021-06-17,82.52
Cyprus,CYP,2021-06-19,84.05
Cyprus,CYP,2021-06-23,85.74
Cyprus,CYP,2021-06-24,86.82
Cyprus,CYP,2021-06-30,90.32
Cyprus,CYP,2021-07-02,92.61
Cyprus,CYP,2021-07-03,93.3
Cyprus,CYP,2021-07-05,94.78
Cyprus,CYP,2021-07-06,95.64
Cyprus,CYP,2021-07-07,96.77
Cyprus,CYP,2021-07-08,97.8
Cyprus,CYP,2021-07-09,98.64
Cyprus,CYP,2021-07-10,99.01
Cyprus,CYP,2021-07-12,100.15
Cyprus,CYP,2021-07-13,100.87
Cyprus,CYP,2021-07-14,101.6
Cyprus,CYP,2021-07-15,102.32
Cyprus,CYP,2021-07-17,103.29
Cyprus,CYP,2021-07-19,104.25
Cyprus,CYP,2021-07-20,105.07
Cyprus,CYP,2021-07-21,105.59
Cyprus,CYP,2021-07-22,106.14
Cyprus,CYP,2021-07-24,107.01
Cyprus,CYP,2021-07-25,107.08
Cyprus,CYP,2021-07-27,108.27
Cyprus,CYP,2021-07-28,108.81
Cyprus,CYP,2021-07-29,109.42
Cyprus,CYP,2021-08-02,110.98
Cyprus,CYP,2021-08-03,111.72
Cyprus,CYP,2021-08-04,112.45
Cyprus,CYP,2021-08-05,113.19
Cyprus,CYP,2021-08-07,114
Cyprus,CYP,2021-08-09,114.7
Cyprus,CYP,2021-08-10,115.2
Cyprus,CYP,2021-08-11,115.7
Cyprus,CYP,2021-08-12,116.17
Cyprus,CYP,2021-08-13,116.89
Cyprus,CYP,2021-08-16,117.35
Cyprus,CYP,2021-08-17,117.87
Cyprus,CYP,2021-08-18,118.38
Cyprus,CYP,2021-08-20,119.3
Cyprus,CYP,2021-08-21,119.32
Cyprus,CYP,2021-08-26,121.09
Cyprus,CYP,2021-08-30,122.14
Cyprus,CYP,2021-09-01,122.58
Cyprus,CYP,2021-09-02,122.88
Cyprus,CYP,2021-09-03,123.38
Cyprus,CYP,2021-09-06,123.89
Cyprus,CYP,2021-09-08,124.5
Cyprus,CYP,2021-09-09,124.71
Cyprus,CYP,2021-09-11,125.19
Cyprus,CYP,2021-09-13,125.53
Cyprus,CYP,2021-09-14,125.73
Cyprus,CYP,2021-09-15,125.89
Cyprus,CYP,2021-09-16,126.08
Cyprus,CYP,2021-09-21,127.43
Cyprus,CYP,2021-09-22,127.69
Cyprus,CYP,2021-09-23,127.94
Cyprus,CYP,2021-09-27,128.96
Cyprus,CYP,2021-09-29,129.58
Cyprus,CYP,2021-10-02,130.04
Cyprus,CYP,2021-10-05,130.71
Cyprus,CYP,2021-10-07,131.35
Cyprus,CYP,2021-10-10,131.93
Cyprus,CYP,2021-10-11,132.42
Cyprus,CYP,2021-10-12,132.69
Cyprus,CYP,2021-10-14,133.24
Cyprus,CYP,2021-10-19,134.08
Cyprus,CYP,2021-10-20,134.3
Cyprus,CYP,2021-10-25,134.98
Cyprus,CYP,2021-10-27,135.32
Cyprus,CYP,2021-10-30,135.68
Cyprus,CYP,2021-11-02,135.91
Cyprus,CYP,2021-11-03,136.24
Cyprus,CYP,2021-11-04,136.51
Cyprus,CYP,2021-11-08,137.13
Cyprus,CYP,2021-11-11,138.06
Cyprus,CYP,2021-11-13,138.54
Cyprus,CYP,2021-11-16,139.42
Cyprus,CYP,2021-11-18,140.33
Cyprus,CYP,2021-11-21,141.4
Cyprus,CYP,2021-11-23,143.11
Cyprus,CYP,2021-11-25,144.91
Cyprus,CYP,2021-11-27,146.29
Cyprus,CYP,2021-12-01,149.45
Cyprus,CYP,2021-12-04,152.04
Cyprus,CYP,2021-12-07,154.21
Cyprus,CYP,2021-12-08,155.15
Cyprus,CYP,2021-12-11,157.73
Cyprus,CYP,2021-12-14,160.2
Cyprus,CYP,2021-12-15,161.39
Cyprus,CYP,2021-12-20,165.97
Cyprus,CYP,2021-12-21,166.98
Cyprus,CYP,2021-12-23,172
Cyprus,CYP,2022-01-08,178.06
Cyprus,CYP,2022-01-10,178.96
Cyprus,CYP,2022-01-12,180.6
Cyprus,CYP,2022-01-13,181.37
Cyprus,CYP,2022-01-15,182.54
Cyprus,CYP,2022-01-20,185.08
Cyprus,CYP,2022-01-22,186.1
Cyprus,CYP,2022-01-24,186.58
Cyprus,CYP,2022-01-26,187.48
Cyprus,CYP,2022-01-27,187.77
Cyprus,CYP,2022-01-31,189.01
Cyprus,CYP,2022-02-02,192.97
Cyprus,CYP,2022-02-03,193.24
Cyprus,CYP,2022-02-06,194.01
Cyprus,CYP,2022-02-08,194.62
Cyprus,CYP,2022-02-09,194.99
Cyprus,CYP,2022-02-13,195.87
Cyprus,CYP,2022-02-14,196.06
Cyprus,CYP,2022-02-15,196.24
Cyprus,CYP,2022-02-16,196.49
Cyprus,CYP,2022-02-17,196.64
Cyprus,CYP,2022-02-19,197.05
Cyprus,CYP,2022-02-21,197.2
Cyprus,CYP,2022-02-22,197.34
Cyprus,CYP,2022-02-23,197.5
Cyprus,CYP,2022-02-26,197.93
Cyprus,CYP,2022-04-09,198.06
Cyprus,CYP,2022-04-16,198.44
Cyprus,CYP,2022-04-26,198.69
Cyprus,CYP,2022-04-30,198.84
Cyprus,CYP,2022-05-14,199.17
Cyprus,CYP,2022-06-15,199.52
Cyprus,CYP,2022-06-28,199.64
Cyprus,CYP,2022-07-26,199.93
Czechia,CZE,2020-12-27,0.01
Czechia,CZE,2020-12-28,0.03
Czechia,CZE,2020-12-29,0.07
Czechia,CZE,2020-12-30,0.1
Czechia,CZE,2020-12-31,0.11
Czechia,CZE,2021-01-01,0.12
Czechia,CZE,2021-01-02,0.13
Czechia,CZE,2021-01-03,0.14
Czechia,CZE,2021-01-04,0.17
Czechia,CZE,2021-01-05,0.21
Czechia,CZE,2021-01-06,0.27
Czechia,CZE,2021-01-07,0.35
Czechia,CZE,2021-01-08,0.44
Czechia,CZE,2021-01-09,0.46
Czechia,CZE,2021-01-10,0.48
Czechia,CZE,2021-01-11,0.57
Czechia,CZE,2021-01-12,0.7
Czechia,CZE,2021-01-13,0.83
Czechia,CZE,2021-01-14,0.97
Czechia,CZE,2021-01-15,1.11
Czechia,CZE,2021-01-16,1.14
Czechia,CZE,2021-01-17,1.17
Czechia,CZE,2021-01-18,1.31
Czechia,CZE,2021-01-19,1.45
Czechia,CZE,2021-01-20,1.61
Czechia,CZE,2021-01-21,1.77
Czechia,CZE,2021-01-22,1.93
Czechia,CZE,2021-01-23,1.97
Czechia,CZE,2021-01-24,1.99
Czechia,CZE,2021-01-25,2.11
Czechia,CZE,2021-01-26,2.25
Czechia,CZE,2021-01-27,2.38
Czechia,CZE,2021-01-28,2.51
Czechia,CZE,2021-01-29,2.64
Czechia,CZE,2021-01-30,2.66
Czechia,CZE,2021-01-31,2.68
Czechia,CZE,2021-02-01,2.79
Czechia,CZE,2021-02-02,2.93
Czechia,CZE,2021-02-03,3.08
Czechia,CZE,2021-02-04,3.25
Czechia,CZE,2021-02-05,3.4
Czechia,CZE,2021-02-06,3.43
Czechia,CZE,2021-02-07,3.46
Czechia,CZE,2021-02-08,3.61
Czechia,CZE,2021-02-09,3.77
Czechia,CZE,2021-02-10,3.95
Czechia,CZE,2021-02-11,4.16
Czechia,CZE,2021-02-12,4.37
Czechia,CZE,2021-02-13,4.41
Czechia,CZE,2021-02-14,4.44
Czechia,CZE,2021-02-15,4.59
Czechia,CZE,2021-02-16,4.76
Czechia,CZE,2021-02-17,4.93
Czechia,CZE,2021-02-18,5.12
Czechia,CZE,2021-02-19,5.3
Czechia,CZE,2021-02-20,5.34
Czechia,CZE,2021-02-21,5.36
Czechia,CZE,2021-02-22,5.51
Czechia,CZE,2021-02-23,5.7
Czechia,CZE,2021-02-24,5.89
Czechia,CZE,2021-02-25,6.11
Czechia,CZE,2021-02-26,6.32
Czechia,CZE,2021-02-27,6.35
Czechia,CZE,2021-02-28,6.38
Czechia,CZE,2021-03-01,6.6
Czechia,CZE,2021-03-02,6.89
Czechia,CZE,2021-03-03,7.23
Czechia,CZE,2021-03-04,7.59
Czechia,CZE,2021-03-05,7.92
Czechia,CZE,2021-03-06,8.04
Czechia,CZE,2021-03-07,8.16
Czechia,CZE,2021-03-08,8.49
Czechia,CZE,2021-03-09,8.89
Czechia,CZE,2021-03-10,9.35
Czechia,CZE,2021-03-11,9.86
Czechia,CZE,2021-03-12,10.31
Czechia,CZE,2021-03-13,10.48
Czechia,CZE,2021-03-14,10.61
Czechia,CZE,2021-03-15,10.96
Czechia,CZE,2021-03-16,11.43
Czechia,CZE,2021-03-17,11.89
Czechia,CZE,2021-03-18,12.37
Czechia,CZE,2021-03-19,12.83
Czechia,CZE,2021-03-20,12.99
Czechia,CZE,2021-03-21,13.08
Czechia,CZE,2021-03-22,13.43
Czechia,CZE,2021-03-23,13.81
Czechia,CZE,2021-03-24,14.22
Czechia,CZE,2021-03-25,14.64
Czechia,CZE,2021-03-26,15.04
Czechia,CZE,2021-03-27,15.17
Czechia,CZE,2021-03-28,15.26
Czechia,CZE,2021-03-29,15.64
Czechia,CZE,2021-03-30,16.09
Czechia,CZE,2021-03-31,16.56
Czechia,CZE,2021-04-01,17.11
Czechia,CZE,2021-04-02,17.3
Czechia,CZE,2021-04-03,17.44
Czechia,CZE,2021-04-04,17.55
Czechia,CZE,2021-04-05,17.64
Czechia,CZE,2021-04-06,18.07
Czechia,CZE,2021-04-07,18.51
Czechia,CZE,2021-04-08,19.17
Czechia,CZE,2021-04-09,19.84
Czechia,CZE,2021-04-10,20.13
Czechia,CZE,2021-04-11,20.32
Czechia,CZE,2021-04-12,20.92
Czechia,CZE,2021-04-13,21.52
Czechia,CZE,2021-04-14,22.15
Czechia,CZE,2021-04-15,22.85
Czechia,CZE,2021-04-16,23.52
Czechia,CZE,2021-04-17,23.76
Czechia,CZE,2021-04-18,23.93
Czechia,CZE,2021-04-19,24.5
Czechia,CZE,2021-04-20,25.05
Czechia,CZE,2021-04-21,25.65
Czechia,CZE,2021-04-22,26.33
Czechia,CZE,2021-04-23,26.92
Czechia,CZE,2021-04-24,27.14
Czechia,CZE,2021-04-25,27.32
Czechia,CZE,2021-04-26,27.86
Czechia,CZE,2021-04-27,28.43
Czechia,CZE,2021-04-28,29.11
Czechia,CZE,2021-04-29,29.87
Czechia,CZE,2021-04-30,30.54
Czechia,CZE,2021-05-01,30.76
Czechia,CZE,2021-05-02,30.96
Czechia,CZE,2021-05-03,31.64
Czechia,CZE,2021-05-04,32.34
Czechia,CZE,2021-05-05,33.1
Czechia,CZE,2021-05-06,33.95
Czechia,CZE,2021-05-07,34.77
Czechia,CZE,2021-05-08,35.06
Czechia,CZE,2021-05-09,35.31
Czechia,CZE,2021-05-10,36.05
Czechia,CZE,2021-05-11,36.84
Czechia,CZE,2021-05-12,37.68
Czechia,CZE,2021-05-13,38.55
Czechia,CZE,2021-05-14,39.37
Czechia,CZE,2021-05-15,39.69
Czechia,CZE,2021-05-16,39.95
Czechia,CZE,2021-05-17,40.7
Czechia,CZE,2021-05-18,41.5
Czechia,CZE,2021-05-19,42.37
Czechia,CZE,2021-05-20,43.33
Czechia,CZE,2021-05-21,44.23
Czechia,CZE,2021-05-22,44.65
Czechia,CZE,2021-05-23,44.95
Czechia,CZE,2021-05-24,45.71
Czechia,CZE,2021-05-25,46.52
Czechia,CZE,2021-05-26,47.51
Czechia,CZE,2021-05-27,48.52
Czechia,CZE,2021-05-28,49.53
Czechia,CZE,2021-05-29,49.97
Czechia,CZE,2021-05-30,50.33
Czechia,CZE,2021-05-31,51.29
Czechia,CZE,2021-06-01,52.3
Czechia,CZE,2021-06-02,53.39
Czechia,CZE,2021-06-03,54.49
Czechia,CZE,2021-06-04,55.6
Czechia,CZE,2021-06-05,56.11
Czechia,CZE,2021-06-06,56.51
Czechia,CZE,2021-06-07,57.61
Czechia,CZE,2021-06-08,58.72
Czechia,CZE,2021-06-09,59.86
Czechia,CZE,2021-06-10,61.02
Czechia,CZE,2021-06-11,62.15
Czechia,CZE,2021-06-12,62.66
Czechia,CZE,2021-06-13,63.06
Czechia,CZE,2021-06-14,64.16
Czechia,CZE,2021-06-15,65.25
Czechia,CZE,2021-06-16,66.38
Czechia,CZE,2021-06-17,67.52
Czechia,CZE,2021-06-18,68.67
Czechia,CZE,2021-06-19,69.16
Czechia,CZE,2021-06-20,69.55
Czechia,CZE,2021-06-21,70.6
Czechia,CZE,2021-06-22,71.68
Czechia,CZE,2021-06-23,72.77
Czechia,CZE,2021-06-24,73.9
Czechia,CZE,2021-06-25,75
Czechia,CZE,2021-06-26,75.48
Czechia,CZE,2021-06-27,75.87
Czechia,CZE,2021-06-28,76.94
Czechia,CZE,2021-06-29,78.03
Czechia,CZE,2021-06-30,79.14
Czechia,CZE,2021-07-01,80.21
Czechia,CZE,2021-07-02,81.27
Czechia,CZE,2021-07-03,81.64
Czechia,CZE,2021-07-04,81.92
Czechia,CZE,2021-07-05,82.23
Czechia,CZE,2021-07-06,82.54
Czechia,CZE,2021-07-07,83.53
Czechia,CZE,2021-07-08,84.44
Czechia,CZE,2021-07-09,85.36
Czechia,CZE,2021-07-10,85.72
Czechia,CZE,2021-07-11,86.02
Czechia,CZE,2021-07-12,86.92
Czechia,CZE,2021-07-13,87.82
Czechia,CZE,2021-07-14,88.73
Czechia,CZE,2021-07-15,89.62
Czechia,CZE,2021-07-16,90.55
Czechia,CZE,2021-07-17,90.93
Czechia,CZE,2021-07-18,91.25
Czechia,CZE,2021-07-19,92.1
Czechia,CZE,2021-07-20,92.92
Czechia,CZE,2021-07-21,93.72
Czechia,CZE,2021-07-22,94.47
Czechia,CZE,2021-07-23,95.18
Czechia,CZE,2021-07-24,95.5
Czechia,CZE,2021-07-25,95.77
Czechia,CZE,2021-07-26,96.43
Czechia,CZE,2021-07-27,97.06
Czechia,CZE,2021-07-28,97.66
Czechia,CZE,2021-07-29,98.23
Czechia,CZE,2021-07-30,98.83
Czechia,CZE,2021-07-31,99.09
Czechia,CZE,2021-08-01,99.29
Czechia,CZE,2021-08-02,99.8
Czechia,CZE,2021-08-03,100.3
Czechia,CZE,2021-08-04,100.78
Czechia,CZE,2021-08-05,101.29
Czechia,CZE,2021-08-06,101.83
Czechia,CZE,2021-08-07,102.05
Czechia,CZE,2021-08-08,102.23
Czechia,CZE,2021-08-09,102.76
Czechia,CZE,2021-08-10,103.23
Czechia,CZE,2021-08-11,103.72
Czechia,CZE,2021-08-12,104.16
Czechia,CZE,2021-08-13,104.63
Czechia,CZE,2021-08-14,104.75
Czechia,CZE,2021-08-15,104.87
Czechia,CZE,2021-08-16,105.27
Czechia,CZE,2021-08-17,105.6
Czechia,CZE,2021-08-18,106.04
Czechia,CZE,2021-08-19,106.47
Czechia,CZE,2021-08-20,106.94
Czechia,CZE,2021-08-21,107.08
Czechia,CZE,2021-08-22,107.21
Czechia,CZE,2021-08-23,107.66
Czechia,CZE,2021-08-24,108.05
Czechia,CZE,2021-08-25,108.38
Czechia,CZE,2021-08-26,108.69
Czechia,CZE,2021-08-27,109.02
Czechia,CZE,2021-08-28,109.11
Czechia,CZE,2021-08-29,109.18
Czechia,CZE,2021-08-30,109.46
Czechia,CZE,2021-08-31,109.69
Czechia,CZE,2021-09-01,109.86
Czechia,CZE,2021-09-02,110.05
Czechia,CZE,2021-09-03,110.27
Czechia,CZE,2021-09-04,110.32
Czechia,CZE,2021-09-05,110.36
Czechia,CZE,2021-09-06,110.53
Czechia,CZE,2021-09-07,110.66
Czechia,CZE,2021-09-08,110.8
Czechia,CZE,2021-09-09,110.94
Czechia,CZE,2021-09-10,111.12
Czechia,CZE,2021-09-11,111.15
Czechia,CZE,2021-09-12,111.17
Czechia,CZE,2021-09-13,111.31
Czechia,CZE,2021-09-14,111.43
Czechia,CZE,2021-09-15,111.55
Czechia,CZE,2021-09-16,111.67
Czechia,CZE,2021-09-17,111.81
Czechia,CZE,2021-09-18,111.84
Czechia,CZE,2021-09-19,111.87
Czechia,CZE,2021-09-20,111.98
Czechia,CZE,2021-09-21,112.08
Czechia,CZE,2021-09-22,112.17
Czechia,CZE,2021-09-23,112.27
Czechia,CZE,2021-09-24,112.41
Czechia,CZE,2021-09-25,112.44
Czechia,CZE,2021-09-26,112.46
Czechia,CZE,2021-09-27,112.55
Czechia,CZE,2021-09-28,112.56
Czechia,CZE,2021-09-29,112.67
Czechia,CZE,2021-09-30,112.79
Czechia,CZE,2021-10-01,112.91
Czechia,CZE,2021-10-02,112.93
Czechia,CZE,2021-10-03,112.95
Czechia,CZE,2021-10-04,113.04
Czechia,CZE,2021-10-05,113.13
Czechia,CZE,2021-10-06,113.23
Czechia,CZE,2021-10-07,113.32
Czechia,CZE,2021-10-08,113.46
Czechia,CZE,2021-10-09,113.49
Czechia,CZE,2021-10-10,113.5
Czechia,CZE,2021-10-11,113.59
Czechia,CZE,2021-10-12,113.68
Czechia,CZE,2021-10-13,113.79
Czechia,CZE,2021-10-14,113.91
Czechia,CZE,2021-10-15,114.05
Czechia,CZE,2021-10-16,114.08
Czechia,CZE,2021-10-17,114.11
Czechia,CZE,2021-10-18,114.24
Czechia,CZE,2021-10-19,114.39
Czechia,CZE,2021-10-20,114.61
Czechia,CZE,2021-10-21,114.88
Czechia,CZE,2021-10-22,115.2
Czechia,CZE,2021-10-23,115.28
Czechia,CZE,2021-10-24,115.33
Czechia,CZE,2021-10-25,115.65
Czechia,CZE,2021-10-26,116
Czechia,CZE,2021-10-27,116.42
Czechia,CZE,2021-10-28,116.5
Czechia,CZE,2021-10-29,116.85
Czechia,CZE,2021-10-30,116.94
Czechia,CZE,2021-10-31,117.02
Czechia,CZE,2021-11-01,117.4
Czechia,CZE,2021-11-02,117.82
Czechia,CZE,2021-11-03,118.3
Czechia,CZE,2021-11-04,118.8
Czechia,CZE,2021-11-05,119.35
Czechia,CZE,2021-11-06,119.49
Czechia,CZE,2021-11-07,119.58
Czechia,CZE,2021-11-08,120.01
Czechia,CZE,2021-11-09,120.44
Czechia,CZE,2021-11-10,120.9
Czechia,CZE,2021-11-11,121.35
Czechia,CZE,2021-11-12,121.87
Czechia,CZE,2021-11-13,122
Czechia,CZE,2021-11-14,122.08
Czechia,CZE,2021-11-15,122.5
Czechia,CZE,2021-11-16,123
Czechia,CZE,2021-11-17,123.1
Czechia,CZE,2021-11-18,123.6
Czechia,CZE,2021-11-19,124.18
Czechia,CZE,2021-11-20,124.34
Czechia,CZE,2021-11-21,124.45
Czechia,CZE,2021-11-22,124.93
Czechia,CZE,2021-11-23,125.48
Czechia,CZE,2021-11-24,126.05
Czechia,CZE,2021-11-25,126.66
Czechia,CZE,2021-11-26,127.35
Czechia,CZE,2021-11-27,127.53
Czechia,CZE,2021-11-28,127.65
Czechia,CZE,2021-11-29,128.28
Czechia,CZE,2021-11-30,128.98
Czechia,CZE,2021-12-01,129.82
Czechia,CZE,2021-12-02,130.72
Czechia,CZE,2021-12-03,131.67
Czechia,CZE,2021-12-04,131.98
Czechia,CZE,2021-12-05,132.19
Czechia,CZE,2021-12-06,133
Czechia,CZE,2021-12-07,133.93
Czechia,CZE,2021-12-08,134.83
Czechia,CZE,2021-12-09,135.79
Czechia,CZE,2021-12-10,136.75
Czechia,CZE,2021-12-11,137.06
Czechia,CZE,2021-12-12,137.26
Czechia,CZE,2021-12-13,138.02
Czechia,CZE,2021-12-14,138.91
Czechia,CZE,2021-12-15,139.79
Czechia,CZE,2021-12-16,140.71
Czechia,CZE,2021-12-17,141.65
Czechia,CZE,2021-12-18,141.97
Czechia,CZE,2021-12-19,142.19
Czechia,CZE,2021-12-20,142.99
Czechia,CZE,2021-12-21,143.83
Czechia,CZE,2021-12-22,144.55
Czechia,CZE,2021-12-23,144.89
Czechia,CZE,2021-12-24,144.9
Czechia,CZE,2021-12-25,144.9
Czechia,CZE,2021-12-26,144.91
Czechia,CZE,2021-12-27,145.51
Czechia,CZE,2021-12-28,146.19
Czechia,CZE,2021-12-29,146.84
Czechia,CZE,2021-12-30,147.35
Czechia,CZE,2021-12-31,147.45
Czechia,CZE,2022-01-01,147.45
Czechia,CZE,2022-01-02,147.6
Czechia,CZE,2022-01-03,148.28
Czechia,CZE,2022-01-04,149.13
Czechia,CZE,2022-01-05,150.03
Czechia,CZE,2022-01-06,151
Czechia,CZE,2022-01-07,152.07
Czechia,CZE,2022-01-08,152.39
Czechia,CZE,2022-01-09,152.58
Czechia,CZE,2022-01-10,153.34
Czechia,CZE,2022-01-11,154.18
Czechia,CZE,2022-01-12,155.01
Czechia,CZE,2022-01-13,155.82
Czechia,CZE,2022-01-14,156.7
Czechia,CZE,2022-01-15,156.93
Czechia,CZE,2022-01-16,157.06
Czechia,CZE,2022-01-17,157.57
Czechia,CZE,2022-01-18,158.12
Czechia,CZE,2022-01-19,158.62
Czechia,CZE,2022-01-20,159.14
Czechia,CZE,2022-01-21,159.73
Czechia,CZE,2022-01-22,159.83
Czechia,CZE,2022-01-23,159.9
Czechia,CZE,2022-01-24,160.26
Czechia,CZE,2022-01-25,160.61
Czechia,CZE,2022-01-26,160.99
Czechia,CZE,2022-01-27,161.37
Czechia,CZE,2022-01-28,161.91
Czechia,CZE,2022-01-29,162.02
Czechia,CZE,2022-01-30,162.07
Czechia,CZE,2022-01-31,162.35
Czechia,CZE,2022-02-01,162.6
Czechia,CZE,2022-02-02,162.85
Czechia,CZE,2022-02-03,163.1
Czechia,CZE,2022-02-04,163.45
Czechia,CZE,2022-02-05,163.5
Czechia,CZE,2022-02-06,163.53
Czechia,CZE,2022-02-07,163.68
Czechia,CZE,2022-02-08,163.84
Czechia,CZE,2022-02-09,163.99
Czechia,CZE,2022-02-10,164.14
Czechia,CZE,2022-02-11,164.37
Czechia,CZE,2022-02-12,164.39
Czechia,CZE,2022-02-13,164.41
Czechia,CZE,2022-02-14,164.51
Czechia,CZE,2022-02-15,164.61
Czechia,CZE,2022-02-16,164.71
Czechia,CZE,2022-02-17,164.82
Czechia,CZE,2022-02-18,164.99
Czechia,CZE,2022-02-19,165.01
Czechia,CZE,2022-02-20,165.02
Czechia,CZE,2022-02-21,165.09
Czechia,CZE,2022-02-22,165.16
Czechia,CZE,2022-02-23,165.24
Czechia,CZE,2022-02-24,165.32
Czechia,CZE,2022-02-25,165.45
Czechia,CZE,2022-02-26,165.46
Czechia,CZE,2022-02-27,165.47
Czechia,CZE,2022-02-28,165.53
Czechia,CZE,2022-03-01,165.57
Czechia,CZE,2022-03-02,165.61
Czechia,CZE,2022-03-03,165.66
Czechia,CZE,2022-03-04,165.75
Czechia,CZE,2022-03-05,165.76
Czechia,CZE,2022-03-06,165.76
Czechia,CZE,2022-03-07,165.79
Czechia,CZE,2022-03-08,165.82
Czechia,CZE,2022-03-09,165.86
Czechia,CZE,2022-03-10,165.9
Czechia,CZE,2022-03-11,165.98
Czechia,CZE,2022-03-12,165.99
Czechia,CZE,2022-03-13,165.99
Czechia,CZE,2022-03-14,166.02
Czechia,CZE,2022-03-15,166.06
Czechia,CZE,2022-03-16,166.09
Czechia,CZE,2022-03-17,166.13
Czechia,CZE,2022-03-18,166.21
Czechia,CZE,2022-03-19,166.21
Czechia,CZE,2022-03-20,166.21
Czechia,CZE,2022-03-21,166.24
Czechia,CZE,2022-03-22,166.27
Czechia,CZE,2022-03-23,166.3
Czechia,CZE,2022-03-24,166.34
Czechia,CZE,2022-03-25,166.42
Czechia,CZE,2022-03-26,166.42
Czechia,CZE,2022-03-27,166.42
Czechia,CZE,2022-03-28,166.45
Czechia,CZE,2022-03-29,166.48
Czechia,CZE,2022-03-30,166.51
Czechia,CZE,2022-03-31,166.55
Czechia,CZE,2022-04-01,166.62
Czechia,CZE,2022-04-02,166.63
Czechia,CZE,2022-04-03,166.63
Czechia,CZE,2022-04-04,166.65
Czechia,CZE,2022-04-05,166.67
Czechia,CZE,2022-04-06,166.7
Czechia,CZE,2022-04-07,166.74
Czechia,CZE,2022-04-08,166.8
Czechia,CZE,2022-04-09,166.81
Czechia,CZE,2022-04-10,166.81
Czechia,CZE,2022-04-11,166.83
Czechia,CZE,2022-04-12,166.86
Czechia,CZE,2022-04-13,166.89
Czechia,CZE,2022-04-14,166.93
Czechia,CZE,2022-04-15,166.94
Czechia,CZE,2022-04-16,166.94
Czechia,CZE,2022-04-17,166.94
Czechia,CZE,2022-04-18,166.94
Czechia,CZE,2022-04-19,166.96
Czechia,CZE,2022-04-20,166.99
Czechia,CZE,2022-04-21,167.02
Czechia,CZE,2022-04-22,167.08
Czechia,CZE,2022-04-23,167.09
Czechia,CZE,2022-04-24,167.09
Czechia,CZE,2022-04-25,167.11
Czechia,CZE,2022-04-26,167.13
Czechia,CZE,2022-04-27,167.16
Czechia,CZE,2022-04-28,167.19
Czechia,CZE,2022-04-29,167.24
Czechia,CZE,2022-04-30,167.25
Czechia,CZE,2022-05-01,167.25
Czechia,CZE,2022-05-02,167.27
Czechia,CZE,2022-05-03,167.28
Czechia,CZE,2022-05-04,167.31
Czechia,CZE,2022-05-05,167.33
Czechia,CZE,2022-05-06,167.39
Czechia,CZE,2022-05-07,167.39
Czechia,CZE,2022-05-08,167.39
Czechia,CZE,2022-05-09,167.41
Czechia,CZE,2022-05-10,167.43
Czechia,CZE,2022-05-11,167.45
Czechia,CZE,2022-05-12,167.48
Czechia,CZE,2022-05-13,167.52
Czechia,CZE,2022-05-14,167.53
Czechia,CZE,2022-05-15,167.53
Czechia,CZE,2022-05-16,167.55
Czechia,CZE,2022-05-17,167.56
Czechia,CZE,2022-05-18,167.59
Czechia,CZE,2022-05-19,167.61
Czechia,CZE,2022-05-20,167.66
Czechia,CZE,2022-05-21,167.66
Czechia,CZE,2022-05-22,167.66
Czechia,CZE,2022-05-23,167.67
Czechia,CZE,2022-05-24,167.69
Czechia,CZE,2022-05-25,167.72
Czechia,CZE,2022-05-26,167.74
Czechia,CZE,2022-05-27,167.78
Czechia,CZE,2022-05-28,167.78
Czechia,CZE,2022-05-29,167.78
Czechia,CZE,2022-05-30,167.8
Czechia,CZE,2022-05-31,167.81
Czechia,CZE,2022-06-01,167.83
Czechia,CZE,2022-06-02,167.84
Czechia,CZE,2022-06-03,167.88
Czechia,CZE,2022-06-04,167.88
Czechia,CZE,2022-06-05,167.88
Czechia,CZE,2022-06-06,167.9
Czechia,CZE,2022-06-07,167.91
Czechia,CZE,2022-06-08,167.93
Czechia,CZE,2022-06-09,167.94
Czechia,CZE,2022-06-10,167.97
Czechia,CZE,2022-06-11,167.97
Czechia,CZE,2022-06-12,167.97
Czechia,CZE,2022-06-13,167.98
Czechia,CZE,2022-06-14,167.99
Czechia,CZE,2022-06-15,168
Czechia,CZE,2022-06-16,168.01
Czechia,CZE,2022-06-17,168.04
Czechia,CZE,2022-06-18,168.04
Czechia,CZE,2022-06-19,168.04
Czechia,CZE,2022-06-20,168.05
Czechia,CZE,2022-06-21,168.06
Czechia,CZE,2022-06-22,168.07
Czechia,CZE,2022-06-23,168.08
Czechia,CZE,2022-06-24,168.11
Czechia,CZE,2022-06-25,168.11
Czechia,CZE,2022-06-26,168.11
Czechia,CZE,2022-06-27,168.12
Czechia,CZE,2022-06-28,168.13
Czechia,CZE,2022-06-29,168.15
Czechia,CZE,2022-06-30,168.16
Czechia,CZE,2022-07-01,168.18
Czechia,CZE,2022-07-02,168.18
Czechia,CZE,2022-07-03,168.18
Czechia,CZE,2022-07-04,168.19
Czechia,CZE,2022-07-05,168.19
Czechia,CZE,2022-07-06,168.19
Czechia,CZE,2022-07-07,168.21
Czechia,CZE,2022-07-08,168.23
Czechia,CZE,2022-07-09,168.23
Czechia,CZE,2022-07-10,168.23
Czechia,CZE,2022-07-11,168.24
Czechia,CZE,2022-07-12,168.26
Czechia,CZE,2022-07-13,168.28
Czechia,CZE,2022-07-14,168.29
Czechia,CZE,2022-07-15,168.33
Czechia,CZE,2022-07-16,168.33
Czechia,CZE,2022-07-17,168.33
Czechia,CZE,2022-07-18,168.36
Czechia,CZE,2022-07-19,168.4
Czechia,CZE,2022-07-20,168.46
Czechia,CZE,2022-07-21,168.51
Czechia,CZE,2022-07-22,168.62
Czechia,CZE,2022-07-23,168.62
Czechia,CZE,2022-07-24,168.62
Czechia,CZE,2022-07-25,168.67
Czechia,CZE,2022-07-26,168.74
Czechia,CZE,2022-07-27,168.82
Czechia,CZE,2022-07-28,168.89
Czechia,CZE,2022-07-29,168.98
Czechia,CZE,2022-07-30,168.98
Czechia,CZE,2022-07-31,168.99
Czechia,CZE,2022-08-01,169.02
Czechia,CZE,2022-08-02,169.07
Czechia,CZE,2022-08-03,169.13
Democratic Republic of Congo,COD,2021-04-18,0
Democratic Republic of Congo,COD,2021-04-25,0
Democratic Republic of Congo,COD,2021-05-12,0.01
Democratic Republic of Congo,COD,2021-05-18,0.01
Democratic Republic of Congo,COD,2021-05-21,0.02
Democratic Republic of Congo,COD,2021-05-24,0.02
Democratic Republic of Congo,COD,2021-05-26,0.02
Democratic Republic of Congo,COD,2021-05-31,0.02
Democratic Republic of Congo,COD,2021-06-28,0.06
Democratic Republic of Congo,COD,2021-07-05,0.07
Democratic Republic of Congo,COD,2021-07-12,0.08
Democratic Republic of Congo,COD,2021-07-19,0.08
Democratic Republic of Congo,COD,2021-07-24,0.08
Democratic Republic of Congo,COD,2021-08-03,0.09
Democratic Republic of Congo,COD,2021-08-09,0.09
Democratic Republic of Congo,COD,2021-08-20,0.09
Democratic Republic of Congo,COD,2021-08-23,0.09
Democratic Republic of Congo,COD,2021-08-27,0.1
Democratic Republic of Congo,COD,2021-08-31,0.1
Democratic Republic of Congo,COD,2021-09-05,0.12
Democratic Republic of Congo,COD,2021-09-11,0.13
Democratic Republic of Congo,COD,2021-09-20,0.14
Democratic Republic of Congo,COD,2021-09-22,0.14
Democratic Republic of Congo,COD,2021-09-24,0.14
Democratic Republic of Congo,COD,2021-09-30,0.14
Democratic Republic of Congo,COD,2021-10-08,0.15
Democratic Republic of Congo,COD,2021-10-19,0.15
Democratic Republic of Congo,COD,2021-10-25,0.15
Democratic Republic of Congo,COD,2021-10-29,0.16
Democratic Republic of Congo,COD,2021-11-03,0.16
Democratic Republic of Congo,COD,2021-11-09,0.16
Democratic Republic of Congo,COD,2021-11-11,0.17
Democratic Republic of Congo,COD,2021-11-16,0.17
Democratic Republic of Congo,COD,2021-11-22,0.17
Democratic Republic of Congo,COD,2021-11-24,0.19
Democratic Republic of Congo,COD,2021-11-29,0.2
Democratic Republic of Congo,COD,2021-12-01,0.2
Democratic Republic of Congo,COD,2021-12-07,0.23
Democratic Republic of Congo,COD,2021-12-10,0.26
Democratic Republic of Congo,COD,2021-12-14,0.27
Democratic Republic of Congo,COD,2021-12-16,0.28
Democratic Republic of Congo,COD,2021-12-22,0.29
Democratic Republic of Congo,COD,2021-12-28,0.3
Democratic Republic of Congo,COD,2021-12-29,0.35
Democratic Republic of Congo,COD,2022-01-05,0.36
Democratic Republic of Congo,COD,2022-01-13,0.4
Democratic Republic of Congo,COD,2022-01-20,0.41
Democratic Republic of Congo,COD,2022-01-27,0.48
Democratic Republic of Congo,COD,2022-01-29,0.49
Democratic Republic of Congo,COD,2022-02-09,0.55
Democratic Republic of Congo,COD,2022-02-15,0.73
Democratic Republic of Congo,COD,2022-02-22,0.83
Democratic Republic of Congo,COD,2022-02-28,0.89
Democratic Republic of Congo,COD,2022-04-06,0.92
Democratic Republic of Congo,COD,2022-05-22,2.54
Democratic Republic of Congo,COD,2022-06-05,3.08
Democratic Republic of Congo,COD,2022-06-19,3.66
Democratic Republic of Congo,COD,2022-07-17,3.91
Denmark,DNK,2020-12-08,0
Denmark,DNK,2020-12-15,0
Denmark,DNK,2020-12-16,0
Denmark,DNK,2020-12-17,0
Denmark,DNK,2020-12-18,0
Denmark,DNK,2020-12-19,0
Denmark,DNK,2020-12-20,0
Denmark,DNK,2020-12-21,0
Denmark,DNK,2020-12-22,0
Denmark,DNK,2020-12-23,0
Denmark,DNK,2020-12-24,0
Denmark,DNK,2020-12-26,0
Denmark,DNK,2020-12-27,0.1
Denmark,DNK,2020-12-28,0.13
Denmark,DNK,2020-12-29,0.26
Denmark,DNK,2020-12-30,0.44
Denmark,DNK,2020-12-31,0.53
Denmark,DNK,2021-01-01,0.56
Denmark,DNK,2021-01-02,0.69
Denmark,DNK,2021-01-03,0.77
Denmark,DNK,2021-01-04,0.81
Denmark,DNK,2021-01-05,1.01
Denmark,DNK,2021-01-06,1.3
Denmark,DNK,2021-01-07,1.55
Denmark,DNK,2021-01-08,1.67
Denmark,DNK,2021-01-09,1.7
Denmark,DNK,2021-01-10,1.72
Denmark,DNK,2021-01-11,1.73
Denmark,DNK,2021-01-12,1.74
Denmark,DNK,2021-01-13,1.94
Denmark,DNK,2021-01-14,2.21
Denmark,DNK,2021-01-15,2.44
Denmark,DNK,2021-01-16,2.51
Denmark,DNK,2021-01-17,2.56
Denmark,DNK,2021-01-18,2.65
Denmark,DNK,2021-01-19,2.72
Denmark,DNK,2021-01-20,2.77
Denmark,DNK,2021-01-21,2.82
Denmark,DNK,2021-01-22,2.92
Denmark,DNK,2021-01-23,3.03
Denmark,DNK,2021-01-24,3.13
Denmark,DNK,2021-01-25,3.17
Denmark,DNK,2021-01-26,3.2
Denmark,DNK,2021-01-27,3.27
Denmark,DNK,2021-01-28,3.4
Denmark,DNK,2021-01-29,3.7
Denmark,DNK,2021-01-30,3.9
Denmark,DNK,2021-01-31,4.1
Denmark,DNK,2021-02-01,4.23
Denmark,DNK,2021-02-02,4.31
Denmark,DNK,2021-02-03,4.43
Denmark,DNK,2021-02-04,4.62
Denmark,DNK,2021-02-05,4.85
Denmark,DNK,2021-02-06,4.97
Denmark,DNK,2021-02-07,5.05
Denmark,DNK,2021-02-08,5.2
Denmark,DNK,2021-02-09,5.33
Denmark,DNK,2021-02-10,5.45
Denmark,DNK,2021-02-11,5.58
Denmark,DNK,2021-02-12,5.9
Denmark,DNK,2021-02-13,6.02
Denmark,DNK,2021-02-14,6.13
Denmark,DNK,2021-02-15,6.4
Denmark,DNK,2021-02-16,6.63
Denmark,DNK,2021-02-17,6.8
Denmark,DNK,2021-02-18,7
Denmark,DNK,2021-02-19,7.24
Denmark,DNK,2021-02-20,7.41
Denmark,DNK,2021-02-21,7.59
Denmark,DNK,2021-02-22,7.83
Denmark,DNK,2021-02-23,8.09
Denmark,DNK,2021-02-24,8.35
Denmark,DNK,2021-02-25,8.6
Denmark,DNK,2021-02-26,9.21
Denmark,DNK,2021-02-27,9.34
Denmark,DNK,2021-02-28,9.54
Denmark,DNK,2021-03-01,9.87
Denmark,DNK,2021-03-02,10.17
Denmark,DNK,2021-03-03,10.4
Denmark,DNK,2021-03-04,10.73
Denmark,DNK,2021-03-05,11.09
Denmark,DNK,2021-03-06,11.39
Denmark,DNK,2021-03-07,11.65
Denmark,DNK,2021-03-08,11.91
Denmark,DNK,2021-03-09,12.2
Denmark,DNK,2021-03-10,12.52
Denmark,DNK,2021-03-11,12.71
Denmark,DNK,2021-03-12,12.93
Denmark,DNK,2021-03-13,13.1
Denmark,DNK,2021-03-14,13.27
Denmark,DNK,2021-03-15,13.47
Denmark,DNK,2021-03-16,13.73
Denmark,DNK,2021-03-17,14.06
Denmark,DNK,2021-03-18,14.41
Denmark,DNK,2021-03-19,14.73
Denmark,DNK,2021-03-20,14.86
Denmark,DNK,2021-03-21,15.01
Denmark,DNK,2021-03-22,15.21
Denmark,DNK,2021-03-23,15.43
Denmark,DNK,2021-03-24,15.81
Denmark,DNK,2021-03-25,16.08
Denmark,DNK,2021-03-26,16.3
Denmark,DNK,2021-03-27,16.52
Denmark,DNK,2021-03-28,16.74
Denmark,DNK,2021-03-29,17.14
Denmark,DNK,2021-03-30,17.6
Denmark,DNK,2021-03-31,17.97
Denmark,DNK,2021-04-01,18.16
Denmark,DNK,2021-04-02,18.35
Denmark,DNK,2021-04-03,18.59
Denmark,DNK,2021-04-04,18.82
Denmark,DNK,2021-04-05,19.04
Denmark,DNK,2021-04-06,19.41
Denmark,DNK,2021-04-07,19.82
Denmark,DNK,2021-04-08,20.19
Denmark,DNK,2021-04-09,20.61
Denmark,DNK,2021-04-10,20.98
Denmark,DNK,2021-04-11,21.3
Denmark,DNK,2021-04-12,23.07
Denmark,DNK,2021-04-13,23.49
Denmark,DNK,2021-04-14,23.87
Denmark,DNK,2021-04-15,24.28
Denmark,DNK,2021-04-16,24.7
Denmark,DNK,2021-04-17,25.07
Denmark,DNK,2021-04-18,25.4
Denmark,DNK,2021-04-19,26.06
Denmark,DNK,2021-04-20,26.71
Denmark,DNK,2021-04-21,27.3
Denmark,DNK,2021-04-22,27.87
Denmark,DNK,2021-04-23,28.43
Denmark,DNK,2021-04-24,28.81
Denmark,DNK,2021-04-25,29.16
Denmark,DNK,2021-04-26,29.83
Denmark,DNK,2021-04-27,30.62
Denmark,DNK,2021-04-28,31.38
Denmark,DNK,2021-04-29,32.12
Denmark,DNK,2021-04-30,32.41
Denmark,DNK,2021-05-01,32.64
Denmark,DNK,2021-05-02,33.16
Denmark,DNK,2021-05-03,34.27
Denmark,DNK,2021-05-04,35.16
Denmark,DNK,2021-05-05,36.11
Denmark,DNK,2021-05-06,36.91
Denmark,DNK,2021-05-07,37.6
Denmark,DNK,2021-05-08,38.29
Denmark,DNK,2021-05-09,38.84
Denmark,DNK,2021-05-10,39.9
Denmark,DNK,2021-05-11,40.85
Denmark,DNK,2021-05-12,41.75
Denmark,DNK,2021-05-13,42.42
Denmark,DNK,2021-05-14,43.3
Denmark,DNK,2021-05-15,43.89
Denmark,DNK,2021-05-16,44.47
Denmark,DNK,2021-05-17,45.51
Denmark,DNK,2021-05-18,46.53
Denmark,DNK,2021-05-19,47.45
Denmark,DNK,2021-05-20,48.39
Denmark,DNK,2021-05-21,49.32
Denmark,DNK,2021-05-22,49.96
Denmark,DNK,2021-05-23,50.45
Denmark,DNK,2021-05-24,51.01
Denmark,DNK,2021-05-25,51.97
Denmark,DNK,2021-05-26,52.99
Denmark,DNK,2021-05-27,54.04
Denmark,DNK,2021-05-28,54.9
Denmark,DNK,2021-05-29,55.49
Denmark,DNK,2021-05-30,56.05
Denmark,DNK,2021-05-31,57.02
Denmark,DNK,2021-06-01,57.99
Denmark,DNK,2021-06-02,59
Denmark,DNK,2021-06-03,59.99
Denmark,DNK,2021-06-04,60.9
Denmark,DNK,2021-06-05,61.59
Denmark,DNK,2021-06-06,62.33
Denmark,DNK,2021-06-07,63.56
Denmark,DNK,2021-06-08,64.86
Denmark,DNK,2021-06-09,66.13
Denmark,DNK,2021-06-10,67.38
Denmark,DNK,2021-06-11,68.47
Denmark,DNK,2021-06-12,69.21
Denmark,DNK,2021-06-13,69.96
Denmark,DNK,2021-06-14,71.18
Denmark,DNK,2021-06-15,72.49
Denmark,DNK,2021-06-16,73.8
Denmark,DNK,2021-06-17,75.02
Denmark,DNK,2021-06-18,76.06
Denmark,DNK,2021-06-19,76.76
Denmark,DNK,2021-06-20,77.51
Denmark,DNK,2021-06-21,78.61
Denmark,DNK,2021-06-22,79.85
Denmark,DNK,2021-06-23,81.05
Denmark,DNK,2021-06-24,82.21
Denmark,DNK,2021-06-25,83.26
Denmark,DNK,2021-06-26,83.96
Denmark,DNK,2021-06-27,84.64
Denmark,DNK,2021-06-28,85.74
Denmark,DNK,2021-06-29,86.98
Denmark,DNK,2021-06-30,88.19
Denmark,DNK,2021-07-01,89.42
Denmark,DNK,2021-07-02,90.51
Denmark,DNK,2021-07-03,91.26
Denmark,DNK,2021-07-04,91.98
Denmark,DNK,2021-07-05,93.27
Denmark,DNK,2021-07-06,94.67
Denmark,DNK,2021-07-07,96.14
Denmark,DNK,2021-07-08,97.57
Denmark,DNK,2021-07-09,98.9
Denmark,DNK,2021-07-10,99.8
Denmark,DNK,2021-07-11,100.76
Denmark,DNK,2021-07-12,102.3
Denmark,DNK,2021-07-13,103.84
Denmark,DNK,2021-07-14,105.33
Denmark,DNK,2021-07-15,106.81
Denmark,DNK,2021-07-16,108.07
Denmark,DNK,2021-07-17,108.93
Denmark,DNK,2021-07-18,109.86
Denmark,DNK,2021-07-19,111.34
Denmark,DNK,2021-07-20,112.87
Denmark,DNK,2021-07-21,114.32
Denmark,DNK,2021-07-22,115.62
Denmark,DNK,2021-07-23,116.79
Denmark,DNK,2021-07-24,117.49
Denmark,DNK,2021-07-25,118.26
Denmark,DNK,2021-07-26,119.4
Denmark,DNK,2021-07-27,120.56
Denmark,DNK,2021-07-28,121.63
Denmark,DNK,2021-07-29,122.62
Denmark,DNK,2021-07-30,123.45
Denmark,DNK,2021-07-31,123.91
Denmark,DNK,2021-08-01,124.39
Denmark,DNK,2021-08-02,125.36
Denmark,DNK,2021-08-03,126.33
Denmark,DNK,2021-08-04,127.28
Denmark,DNK,2021-08-05,128.16
Denmark,DNK,2021-08-06,129.01
Denmark,DNK,2021-08-07,129.6
Denmark,DNK,2021-08-08,130.28
Denmark,DNK,2021-08-09,131.39
Denmark,DNK,2021-08-10,132.5
Denmark,DNK,2021-08-11,133.58
Denmark,DNK,2021-08-12,134.54
Denmark,DNK,2021-08-13,135.45
Denmark,DNK,2021-08-14,136.12
Denmark,DNK,2021-08-15,136.84
Denmark,DNK,2021-08-16,137.73
Denmark,DNK,2021-08-17,138.49
Denmark,DNK,2021-08-18,139.21
Denmark,DNK,2021-08-19,139.77
Denmark,DNK,2021-08-20,140.34
Denmark,DNK,2021-08-21,140.76
Denmark,DNK,2021-08-22,141.08
Denmark,DNK,2021-08-23,141.7
Denmark,DNK,2021-08-24,142.29
Denmark,DNK,2021-08-25,142.69
Denmark,DNK,2021-08-26,143.08
Denmark,DNK,2021-08-27,143.51
Denmark,DNK,2021-08-28,143.73
Denmark,DNK,2021-08-29,143.97
Denmark,DNK,2021-08-30,144.46
Denmark,DNK,2021-08-31,144.81
Denmark,DNK,2021-09-01,145.04
Denmark,DNK,2021-09-02,145.27
Denmark,DNK,2021-09-03,145.46
Denmark,DNK,2021-09-04,145.62
Denmark,DNK,2021-09-05,145.76
Denmark,DNK,2021-09-06,145.95
Denmark,DNK,2021-09-07,146.13
Denmark,DNK,2021-09-08,146.29
Denmark,DNK,2021-09-09,146.43
Denmark,DNK,2021-09-10,146.61
Denmark,DNK,2021-09-11,146.78
Denmark,DNK,2021-09-12,146.92
Denmark,DNK,2021-09-13,147.15
Denmark,DNK,2021-09-14,147.35
Denmark,DNK,2021-09-15,147.56
Denmark,DNK,2021-09-16,147.75
Denmark,DNK,2021-09-17,147.93
Denmark,DNK,2021-09-18,148.03
Denmark,DNK,2021-09-19,148.11
Denmark,DNK,2021-09-20,148.32
Denmark,DNK,2021-09-21,148.51
Denmark,DNK,2021-09-22,148.68
Denmark,DNK,2021-09-23,148.83
Denmark,DNK,2021-09-24,148.97
Denmark,DNK,2021-09-25,149.03
Denmark,DNK,2021-09-26,149.11
Denmark,DNK,2021-09-27,149.23
Denmark,DNK,2021-09-28,149.36
Denmark,DNK,2021-09-29,149.48
Denmark,DNK,2021-09-30,149.57
Denmark,DNK,2021-10-01,149.68
Denmark,DNK,2021-10-02,149.75
Denmark,DNK,2021-10-03,149.79
Denmark,DNK,2021-10-04,149.89
Denmark,DNK,2021-10-05,150.04
Denmark,DNK,2021-10-06,150.21
Denmark,DNK,2021-10-07,150.35
Denmark,DNK,2021-10-08,150.48
Denmark,DNK,2021-10-09,150.56
Denmark,DNK,2021-10-10,150.61
Denmark,DNK,2021-10-11,150.72
Denmark,DNK,2021-10-12,150.89
Denmark,DNK,2021-10-13,151.06
Denmark,DNK,2021-10-14,151.19
Denmark,DNK,2021-10-15,151.32
Denmark,DNK,2021-10-16,151.43
Denmark,DNK,2021-10-17,151.54
Denmark,DNK,2021-10-18,151.75
Denmark,DNK,2021-10-19,152.06
Denmark,DNK,2021-10-20,152.4
Denmark,DNK,2021-10-21,152.68
Denmark,DNK,2021-10-22,152.94
Denmark,DNK,2021-10-23,153.08
Denmark,DNK,2021-10-24,153.17
Denmark,DNK,2021-10-25,153.43
Denmark,DNK,2021-10-26,153.73
Denmark,DNK,2021-10-27,154.07
Denmark,DNK,2021-10-28,154.37
Denmark,DNK,2021-10-29,154.64
Denmark,DNK,2021-10-30,154.75
Denmark,DNK,2021-10-31,154.82
Denmark,DNK,2021-11-01,155.11
Denmark,DNK,2021-11-02,155.37
Denmark,DNK,2021-11-03,155.71
Denmark,DNK,2021-11-04,155.98
Denmark,DNK,2021-11-05,156.24
Denmark,DNK,2021-11-06,156.35
Denmark,DNK,2021-11-07,156.42
Denmark,DNK,2021-11-08,156.69
Denmark,DNK,2021-11-09,157.06
Denmark,DNK,2021-11-10,157.52
Denmark,DNK,2021-11-11,157.9
Denmark,DNK,2021-11-12,158.24
Denmark,DNK,2021-11-13,158.41
Denmark,DNK,2021-11-14,158.54
Denmark,DNK,2021-11-15,158.94
Denmark,DNK,2021-11-16,159.3
Denmark,DNK,2021-11-17,159.82
Denmark,DNK,2021-11-18,160.31
Denmark,DNK,2021-11-19,160.77
Denmark,DNK,2021-11-20,161.05
Denmark,DNK,2021-11-21,161.22
Denmark,DNK,2021-11-22,161.79
Denmark,DNK,2021-11-23,162.43
Denmark,DNK,2021-11-24,163.12
Denmark,DNK,2021-11-25,163.77
Denmark,DNK,2021-11-26,164.3
Denmark,DNK,2021-11-27,164.67
Denmark,DNK,2021-11-28,165.04
Denmark,DNK,2021-11-29,165.66
Denmark,DNK,2021-11-30,166.32
Denmark,DNK,2021-12-01,167.05
Denmark,DNK,2021-12-02,167.76
Denmark,DNK,2021-12-03,168.39
Denmark,DNK,2021-12-04,168.84
Denmark,DNK,2021-12-05,169.28
Denmark,DNK,2021-12-06,170.09
Denmark,DNK,2021-12-07,170.99
Denmark,DNK,2021-12-08,172.06
Denmark,DNK,2021-12-09,173.13
Denmark,DNK,2021-12-10,174.22
Denmark,DNK,2021-12-11,174.99
Denmark,DNK,2021-12-12,175.79
Denmark,DNK,2021-12-13,177.44
Denmark,DNK,2021-12-14,179.55
Denmark,DNK,2021-12-15,182.14
Denmark,DNK,2021-12-16,184.99
Denmark,DNK,2021-12-17,187.77
Denmark,DNK,2021-12-18,189.41
Denmark,DNK,2021-12-19,190.83
Denmark,DNK,2021-12-20,193.38
Denmark,DNK,2021-12-21,195.49
Denmark,DNK,2021-12-22,197.29
Denmark,DNK,2021-12-23,198.68
Denmark,DNK,2021-12-24,198.85
Denmark,DNK,2021-12-25,199.18
Denmark,DNK,2021-12-26,199.7
Denmark,DNK,2021-12-27,201.57
Denmark,DNK,2021-12-28,203.29
Denmark,DNK,2021-12-29,204.82
Denmark,DNK,2021-12-30,205.73
Denmark,DNK,2021-12-31,205.83
Denmark,DNK,2022-01-01,205.96
Denmark,DNK,2022-01-02,206.69
Denmark,DNK,2022-01-03,207.96
Denmark,DNK,2022-01-04,209.13
Denmark,DNK,2022-01-05,210.17
Denmark,DNK,2022-01-06,211.15
Denmark,DNK,2022-01-07,212.18
Denmark,DNK,2022-01-08,212.83
Denmark,DNK,2022-01-09,213.38
Denmark,DNK,2022-01-10,214.15
Denmark,DNK,2022-01-11,214.81
Denmark,DNK,2022-01-12,215.51
Denmark,DNK,2022-01-13,216.26
Denmark,DNK,2022-01-14,217
Denmark,DNK,2022-01-15,217.43
Denmark,DNK,2022-01-16,217.86
Denmark,DNK,2022-01-17,218.52
Denmark,DNK,2022-01-18,219.06
Denmark,DNK,2022-01-19,219.54
Denmark,DNK,2022-01-20,219.95
Denmark,DNK,2022-01-21,220.39
Denmark,DNK,2022-01-22,220.62
Denmark,DNK,2022-01-23,220.84
Denmark,DNK,2022-01-24,221.17
Denmark,DNK,2022-01-25,221.44
Denmark,DNK,2022-01-26,221.68
Denmark,DNK,2022-01-27,221.88
Denmark,DNK,2022-01-28,222.11
Denmark,DNK,2022-01-29,222.23
Denmark,DNK,2022-01-30,222.32
Denmark,DNK,2022-01-31,222.48
Denmark,DNK,2022-02-01,222.6
Denmark,DNK,2022-02-02,222.71
Denmark,DNK,2022-02-03,222.81
Denmark,DNK,2022-02-04,222.91
Denmark,DNK,2022-02-05,222.98
Denmark,DNK,2022-02-06,223.03
Denmark,DNK,2022-02-07,223.11
Denmark,DNK,2022-02-08,223.19
Denmark,DNK,2022-02-09,223.27
Denmark,DNK,2022-02-10,223.34
Denmark,DNK,2022-02-11,223.41
Denmark,DNK,2022-02-12,223.45
Denmark,DNK,2022-02-13,223.49
Denmark,DNK,2022-02-14,223.54
Denmark,DNK,2022-02-15,223.58
Denmark,DNK,2022-02-16,223.63
Denmark,DNK,2022-02-17,223.67
Denmark,DNK,2022-02-18,223.71
Denmark,DNK,2022-02-19,223.73
Denmark,DNK,2022-02-20,223.75
Denmark,DNK,2022-02-21,223.79
Denmark,DNK,2022-02-22,223.83
Denmark,DNK,2022-02-23,223.87
Denmark,DNK,2022-02-24,223.92
Denmark,DNK,2022-02-25,223.95
Denmark,DNK,2022-02-26,223.97
Denmark,DNK,2022-02-27,223.99
Denmark,DNK,2022-02-28,224.02
Denmark,DNK,2022-03-01,224.05
Denmark,DNK,2022-03-02,224.09
Denmark,DNK,2022-03-03,224.12
Denmark,DNK,2022-03-04,224.14
Denmark,DNK,2022-03-05,224.16
Denmark,DNK,2022-03-06,224.18
Denmark,DNK,2022-03-07,224.21
Denmark,DNK,2022-03-08,224.23
Denmark,DNK,2022-03-09,224.25
Denmark,DNK,2022-03-10,224.28
Denmark,DNK,2022-03-11,224.3
Denmark,DNK,2022-03-12,224.31
Denmark,DNK,2022-03-13,224.33
Denmark,DNK,2022-03-14,224.35
Denmark,DNK,2022-03-15,224.38
Denmark,DNK,2022-03-16,224.4
Denmark,DNK,2022-03-17,224.42
Denmark,DNK,2022-03-18,224.44
Denmark,DNK,2022-03-19,224.45
Denmark,DNK,2022-03-20,224.46
Denmark,DNK,2022-03-21,224.48
Denmark,DNK,2022-03-22,224.5
Denmark,DNK,2022-03-23,224.52
Denmark,DNK,2022-03-24,224.54
Denmark,DNK,2022-03-25,224.55
Denmark,DNK,2022-03-26,224.56
Denmark,DNK,2022-03-27,224.57
Denmark,DNK,2022-03-28,224.59
Denmark,DNK,2022-03-29,224.61
Denmark,DNK,2022-03-30,224.62
Denmark,DNK,2022-03-31,224.64
Denmark,DNK,2022-04-01,224.65
Denmark,DNK,2022-04-02,224.66
Denmark,DNK,2022-04-03,224.67
Denmark,DNK,2022-04-04,224.69
Denmark,DNK,2022-04-05,224.7
Denmark,DNK,2022-04-06,224.72
Denmark,DNK,2022-04-07,224.73
Denmark,DNK,2022-04-08,224.74
Denmark,DNK,2022-04-09,224.75
Denmark,DNK,2022-04-10,224.76
Denmark,DNK,2022-04-11,224.78
Denmark,DNK,2022-04-12,224.79
Denmark,DNK,2022-04-13,224.81
Denmark,DNK,2022-04-14,224.81
Denmark,DNK,2022-04-15,224.81
Denmark,DNK,2022-04-16,224.82
Denmark,DNK,2022-04-17,224.82
Denmark,DNK,2022-04-18,224.83
Denmark,DNK,2022-04-19,224.84
Denmark,DNK,2022-04-20,224.85
Denmark,DNK,2022-04-21,224.86
Denmark,DNK,2022-04-22,224.88
Denmark,DNK,2022-04-23,224.89
Denmark,DNK,2022-04-24,224.9
Denmark,DNK,2022-04-25,224.92
Denmark,DNK,2022-04-26,224.93
Denmark,DNK,2022-04-27,224.94
Denmark,DNK,2022-04-28,224.95
Denmark,DNK,2022-04-29,224.96
Denmark,DNK,2022-04-30,224.97
Denmark,DNK,2022-05-01,224.98
Denmark,DNK,2022-05-02,224.99
Denmark,DNK,2022-05-03,225.01
Denmark,DNK,2022-05-04,225.02
Denmark,DNK,2022-05-05,225.03
Denmark,DNK,2022-05-06,225.05
Denmark,DNK,2022-05-07,225.06
Denmark,DNK,2022-05-08,225.07
Denmark,DNK,2022-05-09,225.08
Denmark,DNK,2022-05-10,225.1
Denmark,DNK,2022-05-11,225.11
Denmark,DNK,2022-05-12,225.12
Denmark,DNK,2022-05-13,225.13
Denmark,DNK,2022-05-14,225.14
Denmark,DNK,2022-05-15,225.14
Denmark,DNK,2022-05-16,225.16
Denmark,DNK,2022-05-17,225.17
Denmark,DNK,2022-05-18,225.19
Denmark,DNK,2022-05-19,225.2
Denmark,DNK,2022-05-20,225.21
Denmark,DNK,2022-05-21,225.22
Denmark,DNK,2022-05-22,225.23
Denmark,DNK,2022-05-23,225.24
Denmark,DNK,2022-05-24,225.26
Denmark,DNK,2022-05-25,225.27
Denmark,DNK,2022-05-26,225.28
Denmark,DNK,2022-05-27,225.29
Denmark,DNK,2022-05-28,225.29
Denmark,DNK,2022-05-29,225.3
Denmark,DNK,2022-05-30,225.31
Denmark,DNK,2022-05-31,225.32
Denmark,DNK,2022-06-01,225.34
Denmark,DNK,2022-06-02,225.35
Denmark,DNK,2022-06-03,225.35
Denmark,DNK,2022-06-04,225.36
Denmark,DNK,2022-06-05,225.37
Denmark,DNK,2022-06-06,225.37
Denmark,DNK,2022-06-07,225.38
Denmark,DNK,2022-06-08,225.39
Denmark,DNK,2022-06-09,225.4
Denmark,DNK,2022-06-10,225.41
Denmark,DNK,2022-06-11,225.42
Denmark,DNK,2022-06-12,225.43
Denmark,DNK,2022-06-13,225.45
Denmark,DNK,2022-06-14,225.46
Denmark,DNK,2022-06-15,225.48
Denmark,DNK,2022-06-16,225.49
Denmark,DNK,2022-06-17,225.5
Denmark,DNK,2022-06-18,225.5
Denmark,DNK,2022-06-19,225.51
Denmark,DNK,2022-06-20,225.53
Denmark,DNK,2022-06-21,225.54
Denmark,DNK,2022-06-22,225.56
Denmark,DNK,2022-06-23,225.57
Denmark,DNK,2022-06-24,225.57
Denmark,DNK,2022-06-25,225.58
Denmark,DNK,2022-06-26,225.59
Denmark,DNK,2022-06-27,225.6
Denmark,DNK,2022-06-28,225.61
Denmark,DNK,2022-06-29,225.63
Denmark,DNK,2022-06-30,225.64
Denmark,DNK,2022-07-01,225.65
Denmark,DNK,2022-07-02,225.65
Denmark,DNK,2022-07-03,225.66
Denmark,DNK,2022-07-04,225.67
Denmark,DNK,2022-07-05,225.68
Denmark,DNK,2022-07-06,225.69
Denmark,DNK,2022-07-07,225.7
Denmark,DNK,2022-07-08,225.71
Denmark,DNK,2022-07-09,225.71
Denmark,DNK,2022-07-10,225.71
Denmark,DNK,2022-07-11,225.72
Denmark,DNK,2022-07-12,225.73
Denmark,DNK,2022-07-13,225.74
Denmark,DNK,2022-07-14,225.75
Denmark,DNK,2022-07-15,225.75
Denmark,DNK,2022-07-16,225.75
Denmark,DNK,2022-07-17,225.76
Denmark,DNK,2022-07-18,225.77
Denmark,DNK,2022-07-19,225.77
Denmark,DNK,2022-07-20,225.78
Denmark,DNK,2022-07-21,225.78
Denmark,DNK,2022-07-22,225.78
Denmark,DNK,2022-07-23,225.79
Denmark,DNK,2022-07-24,225.79
Denmark,DNK,2022-07-25,225.8
Denmark,DNK,2022-07-26,225.8
Denmark,DNK,2022-07-27,225.81
Denmark,DNK,2022-07-28,225.81
Denmark,DNK,2022-07-29,225.81
Denmark,DNK,2022-07-30,225.81
Denmark,DNK,2022-07-31,225.82
Denmark,DNK,2022-08-01,225.82
Denmark,DNK,2022-08-02,225.82
Djibouti,DJI,2021-04-17,0.93
Djibouti,DJI,2021-04-28,1.18
Djibouti,DJI,2021-05-24,1.35
Djibouti,DJI,2021-06-01,1.93
Djibouti,DJI,2021-06-23,2.42
Djibouti,DJI,2021-08-05,4.57
Djibouti,DJI,2021-08-12,4.8
Djibouti,DJI,2021-08-19,4.91
Djibouti,DJI,2021-08-25,5.27
Djibouti,DJI,2021-09-01,5.44
Djibouti,DJI,2021-09-09,5.85
Djibouti,DJI,2022-01-17,13.01
Djibouti,DJI,2022-01-23,13.31
Djibouti,DJI,2022-01-29,13.64
Djibouti,DJI,2022-02-06,13.72
Djibouti,DJI,2022-02-14,14.09
Djibouti,DJI,2022-02-21,14.32
Djibouti,DJI,2022-02-26,14.54
Djibouti,DJI,2022-03-13,14.85
Djibouti,DJI,2022-03-20,14.97
Djibouti,DJI,2022-04-03,15.41
Djibouti,DJI,2022-04-09,15.59
Djibouti,DJI,2022-04-18,15.8
Djibouti,DJI,2022-04-24,16
Djibouti,DJI,2022-05-05,16.27
Djibouti,DJI,2022-05-08,16.38
Djibouti,DJI,2022-05-15,16.75
Djibouti,DJI,2022-05-22,17.34
Djibouti,DJI,2022-06-13,18.95
Djibouti,DJI,2022-06-27,19.01
Djibouti,DJI,2022-06-28,20.12
Djibouti,DJI,2022-07-07,20.5
Djibouti,DJI,2022-07-19,20.52
Dominica,DMA,2021-02-11,0
Dominica,DMA,2021-02-23,3.4
Dominica,DMA,2021-02-25,6.64
Dominica,DMA,2021-02-26,8.18
Dominica,DMA,2021-03-01,9.95
Dominica,DMA,2021-03-02,11.38
Dominica,DMA,2021-03-03,13.07
Dominica,DMA,2021-03-04,14.47
Dominica,DMA,2021-03-05,15.7
Dominica,DMA,2021-03-08,16.95
Dominica,DMA,2021-03-10,18.14
Dominica,DMA,2021-03-11,18.73
Dominica,DMA,2021-03-22,21.13
Dominica,DMA,2021-03-25,22.18
Dominica,DMA,2021-03-31,24.41
Dominica,DMA,2021-04-01,25.01
Dominica,DMA,2021-04-12,25.44
Dominica,DMA,2021-04-20,28.62
Dominica,DMA,2021-04-22,31.84
Dominica,DMA,2021-04-28,38.42
Dominica,DMA,2021-05-07,44.2
Dominica,DMA,2021-05-12,45.62
Dominica,DMA,2021-05-17,46.88
Dominica,DMA,2021-05-18,47.26
Dominica,DMA,2021-05-26,50.34
Dominica,DMA,2021-05-28,51.01
Dominica,DMA,2021-05-31,51.21
Dominica,DMA,2021-06-02,51.27
Dominica,DMA,2021-06-05,51.65
Dominica,DMA,2021-06-09,52.03
Dominica,DMA,2021-06-14,52.45
Dominica,DMA,2021-06-17,52.74
Dominica,DMA,2021-06-25,54.29
Dominica,DMA,2021-07-02,55.15
Dominica,DMA,2021-07-09,55.24
Dominica,DMA,2021-07-16,55.59
Dominica,DMA,2021-07-23,55.7
Dominica,DMA,2021-07-30,56
Dominica,DMA,2021-08-20,57.22
Dominica,DMA,2021-08-27,58.73
Dominica,DMA,2021-09-03,59.16
Dominica,DMA,2021-09-10,59.93
Dominica,DMA,2021-09-17,60.72
Dominica,DMA,2021-09-24,61.63
Dominica,DMA,2021-10-01,64.48
Dominica,DMA,2021-10-08,66.41
Dominica,DMA,2021-10-15,67.43
Dominica,DMA,2021-10-22,70.42
Dominica,DMA,2021-10-29,72.57
Dominica,DMA,2021-11-05,73.62
Dominica,DMA,2021-11-12,74.51
Dominica,DMA,2021-11-19,76.14
Dominica,DMA,2021-11-29,76.68
Dominica,DMA,2021-12-03,77
Dominica,DMA,2021-12-08,77.02
Dominica,DMA,2021-12-10,77.58
Dominica,DMA,2021-12-15,78.04
Dominica,DMA,2021-12-17,78.13
Dominica,DMA,2021-12-22,78.78
Dominica,DMA,2022-01-05,81.71
Dominica,DMA,2022-01-07,81.94
Dominica,DMA,2022-01-12,82.23
Dominica,DMA,2022-01-14,82.34
Dominica,DMA,2022-01-19,82.55
Dominica,DMA,2022-01-21,82.78
Dominica,DMA,2022-01-26,82.99
Dominica,DMA,2022-01-28,83.21
Dominica,DMA,2022-02-02,84.16
Dominica,DMA,2022-02-04,84.24
Dominica,DMA,2022-02-09,84.38
Dominica,DMA,2022-02-11,84.49
Dominica,DMA,2022-02-16,84.72
Dominica,DMA,2022-02-18,84.83
Dominica,DMA,2022-02-23,84.99
Dominica,DMA,2022-02-25,85.14
Dominica,DMA,2022-03-02,85.22
Dominica,DMA,2022-03-04,85.29
Dominica,DMA,2022-03-09,85.36
Dominica,DMA,2022-03-11,85.64
Dominica,DMA,2022-03-16,85.66
Dominica,DMA,2022-03-18,85.77
Dominica,DMA,2022-03-23,86.08
Dominica,DMA,2022-03-25,86.08
Dominica,DMA,2022-03-30,91.12
Dominica,DMA,2022-04-01,91.33
Dominica,DMA,2022-04-08,91.37
Dominica,DMA,2022-04-15,91.59
Dominica,DMA,2022-04-22,91.64
Dominica,DMA,2022-04-29,91.74
Dominica,DMA,2022-05-06,91.81
Dominica,DMA,2022-05-13,91.85
Dominica,DMA,2022-05-20,91.92
Dominica,DMA,2022-05-27,92.12
Dominica,DMA,2022-06-03,92.16
Dominica,DMA,2022-06-10,92.28
Dominica,DMA,2022-06-15,92.35
Dominica,DMA,2022-06-22,92.46
Dominica,DMA,2022-06-24,92.49
Dominica,DMA,2022-06-30,92.52
Dominican Republic,DOM,2021-02-15,0
Dominican Republic,DOM,2021-02-16,0
Dominican Republic,DOM,2021-02-17,0.01
Dominican Republic,DOM,2021-02-18,0.05
Dominican Republic,DOM,2021-02-19,0.09
Dominican Republic,DOM,2021-02-20,0.12
Dominican Republic,DOM,2021-02-21,0.13
Dominican Republic,DOM,2021-02-24,0.24
Dominican Republic,DOM,2021-03-01,0.54
Dominican Republic,DOM,2021-03-02,0.94
Dominican Republic,DOM,2021-03-03,1.46
Dominican Republic,DOM,2021-03-04,2.05
Dominican Republic,DOM,2021-03-05,2.73
Dominican Republic,DOM,2021-03-06,3.38
Dominican Republic,DOM,2021-03-08,3.6
Dominican Republic,DOM,2021-03-09,4.32
Dominican Republic,DOM,2021-03-10,4.92
Dominican Republic,DOM,2021-03-11,5.45
Dominican Republic,DOM,2021-03-15,6.07
Dominican Republic,DOM,2021-03-23,7.2
Dominican Republic,DOM,2021-03-30,8.19
Dominican Republic,DOM,2021-04-14,13.58
Dominican Republic,DOM,2021-04-25,15.72
Dominican Republic,DOM,2021-04-26,16.17
Dominican Republic,DOM,2021-04-27,16.62
Dominican Republic,DOM,2021-04-28,17.03
Dominican Republic,DOM,2021-04-29,17.41
Dominican Republic,DOM,2021-04-30,17.72
Dominican Republic,DOM,2021-05-01,17.83
Dominican Republic,DOM,2021-05-02,17.89
Dominican Republic,DOM,2021-05-03,18.46
Dominican Republic,DOM,2021-05-04,19.1
Dominican Republic,DOM,2021-05-05,19.76
Dominican Republic,DOM,2021-05-06,20.37
Dominican Republic,DOM,2021-05-07,20.91
Dominican Republic,DOM,2021-05-08,21.1
Dominican Republic,DOM,2021-05-09,21.18
Dominican Republic,DOM,2021-05-10,22.34
Dominican Republic,DOM,2021-05-11,23.75
Dominican Republic,DOM,2021-05-12,25.2
Dominican Republic,DOM,2021-05-13,26.45
Dominican Republic,DOM,2021-05-14,27.63
Dominican Republic,DOM,2021-05-15,27.93
Dominican Republic,DOM,2021-05-16,28.06
Dominican Republic,DOM,2021-05-18,30.32
Dominican Republic,DOM,2021-05-19,31.37
Dominican Republic,DOM,2021-05-20,32.32
Dominican Republic,DOM,2021-05-21,33.23
Dominican Republic,DOM,2021-05-22,33.51
Dominican Republic,DOM,2021-05-23,33.63
Dominican Republic,DOM,2021-05-24,34.59
Dominican Republic,DOM,2021-05-25,35.51
Dominican Republic,DOM,2021-05-26,36.35
Dominican Republic,DOM,2021-05-27,37.07
Dominican Republic,DOM,2021-05-28,37.68
Dominican Republic,DOM,2021-05-29,37.87
Dominican Republic,DOM,2021-05-30,37.9
Dominican Republic,DOM,2021-05-31,38.78
Dominican Republic,DOM,2021-06-01,40.08
Dominican Republic,DOM,2021-06-02,41.6
Dominican Republic,DOM,2021-06-03,42.83
Dominican Republic,DOM,2021-06-04,44.88
Dominican Republic,DOM,2021-06-05,46.01
Dominican Republic,DOM,2021-06-06,46.75
Dominican Republic,DOM,2021-06-07,48.72
Dominican Republic,DOM,2021-06-08,50.88
Dominican Republic,DOM,2021-06-09,53.07
Dominican Republic,DOM,2021-06-10,54.43
Dominican Republic,DOM,2021-06-11,55.53
Dominican Republic,DOM,2021-06-12,55.94
Dominican Republic,DOM,2021-06-13,56.23
Dominican Republic,DOM,2021-06-14,57.3
Dominican Republic,DOM,2021-06-15,58.22
Dominican Republic,DOM,2021-06-16,58.95
Dominican Republic,DOM,2021-06-17,60.04
Dominican Republic,DOM,2021-06-18,61.48
Dominican Republic,DOM,2021-06-19,62.45
Dominican Republic,DOM,2021-06-20,63.07
Dominican Republic,DOM,2021-06-21,64.51
Dominican Republic,DOM,2021-06-22,65.67
Dominican Republic,DOM,2021-06-23,66.58
Dominican Republic,DOM,2021-06-24,67.3
Dominican Republic,DOM,2021-06-25,67.87
Dominican Republic,DOM,2021-06-26,68.09
Dominican Republic,DOM,2021-06-27,68.21
Dominican Republic,DOM,2021-06-28,68.84
Dominican Republic,DOM,2021-06-29,69.67
Dominican Republic,DOM,2021-06-30,70.54
Dominican Republic,DOM,2021-07-03,72.66
Dominican Republic,DOM,2021-07-04,73.03
Dominican Republic,DOM,2021-07-05,74.24
Dominican Republic,DOM,2021-07-06,75.52
Dominican Republic,DOM,2021-07-07,77.11
Dominican Republic,DOM,2021-07-08,78.15
Dominican Republic,DOM,2021-07-09,79.01
Dominican Republic,DOM,2021-07-10,79.45
Dominican Republic,DOM,2021-07-11,79.69
Dominican Republic,DOM,2021-07-12,80.27
Dominican Republic,DOM,2021-07-13,80.94
Dominican Republic,DOM,2021-07-14,81.55
Dominican Republic,DOM,2021-07-15,82.15
Dominican Republic,DOM,2021-07-16,82.77
Dominican Republic,DOM,2021-07-17,83.17
Dominican Republic,DOM,2021-07-18,83.32
Dominican Republic,DOM,2021-07-19,84.15
Dominican Republic,DOM,2021-07-20,84.99
Dominican Republic,DOM,2021-07-21,85.86
Dominican Republic,DOM,2021-07-22,86.68
Dominican Republic,DOM,2021-07-23,87.38
Dominican Republic,DOM,2021-07-24,87.62
Dominican Republic,DOM,2021-07-25,87.67
Dominican Republic,DOM,2021-07-26,88.28
Dominican Republic,DOM,2021-07-27,89.09
Dominican Republic,DOM,2021-07-28,89.88
Dominican Republic,DOM,2021-07-29,90.49
Dominican Republic,DOM,2021-07-30,91.02
Dominican Republic,DOM,2021-07-31,91.21
Dominican Republic,DOM,2021-08-01,91.28
Dominican Republic,DOM,2021-08-02,91.8
Dominican Republic,DOM,2021-08-03,92.35
Dominican Republic,DOM,2021-08-04,92.89
Dominican Republic,DOM,2021-08-05,93.38
Dominican Republic,DOM,2021-08-06,93.79
Dominican Republic,DOM,2021-08-07,93.95
Dominican Republic,DOM,2021-08-08,94.01
Dominican Republic,DOM,2021-08-09,94.44
Dominican Republic,DOM,2021-08-10,94.93
Dominican Republic,DOM,2021-08-11,95.18
Dominican Republic,DOM,2021-08-12,95.35
Dominican Republic,DOM,2021-08-13,95.69
Dominican Republic,DOM,2021-08-14,95.81
Dominican Republic,DOM,2021-08-15,95.85
Dominican Republic,DOM,2021-08-16,95.87
Dominican Republic,DOM,2021-08-17,96.22
Dominican Republic,DOM,2021-08-18,96.63
Dominican Republic,DOM,2021-08-19,97.05
Dominican Republic,DOM,2021-08-20,97.37
Dominican Republic,DOM,2021-08-21,97.51
Dominican Republic,DOM,2021-08-22,97.56
Dominican Republic,DOM,2021-08-23,97.94
Dominican Republic,DOM,2021-08-24,98.34
Dominican Republic,DOM,2021-08-25,98.74
Dominican Republic,DOM,2021-08-26,99.12
Dominican Republic,DOM,2021-08-27,99.45
Dominican Republic,DOM,2021-08-28,99.58
Dominican Republic,DOM,2021-08-29,99.62
Dominican Republic,DOM,2021-08-30,99.94
Dominican Republic,DOM,2021-08-31,100.31
Dominican Republic,DOM,2021-09-01,100.64
Dominican Republic,DOM,2021-09-02,100.98
Dominican Republic,DOM,2021-09-03,101.28
Dominican Republic,DOM,2021-09-04,101.39
Dominican Republic,DOM,2021-09-05,101.42
Dominican Republic,DOM,2021-09-06,101.72
Dominican Republic,DOM,2021-09-07,102.04
Dominican Republic,DOM,2021-09-08,102.38
Dominican Republic,DOM,2021-09-09,102.67
Dominican Republic,DOM,2021-09-10,102.94
Dominican Republic,DOM,2021-09-11,103.03
Dominican Republic,DOM,2021-09-12,103.07
Dominican Republic,DOM,2021-09-13,103.34
Dominican Republic,DOM,2021-09-14,103.63
Dominican Republic,DOM,2021-09-15,103.91
Dominican Republic,DOM,2021-09-16,104.21
Dominican Republic,DOM,2021-09-17,104.52
Dominican Republic,DOM,2021-09-18,104.63
Dominican Republic,DOM,2021-09-19,104.67
Dominican Republic,DOM,2021-09-20,104.99
Dominican Republic,DOM,2021-09-21,105.31
Dominican Republic,DOM,2021-09-22,105.61
Dominican Republic,DOM,2021-09-23,105.9
Dominican Republic,DOM,2021-09-24,105.98
Dominican Republic,DOM,2021-09-25,106.08
Dominican Republic,DOM,2021-09-26,106.13
Dominican Republic,DOM,2021-09-27,106.39
Dominican Republic,DOM,2021-09-28,106.67
Dominican Republic,DOM,2021-09-29,106.94
Dominican Republic,DOM,2021-09-30,107.21
Dominican Republic,DOM,2021-10-01,107.46
Dominican Republic,DOM,2021-10-02,107.56
Dominican Republic,DOM,2021-10-03,107.59
Dominican Republic,DOM,2021-10-04,107.8
Dominican Republic,DOM,2021-10-05,108.06
Dominican Republic,DOM,2021-10-06,108.32
Dominican Republic,DOM,2021-10-07,108.59
Dominican Republic,DOM,2021-10-08,108.82
Dominican Republic,DOM,2021-10-09,108.98
Dominican Republic,DOM,2021-10-10,109.06
Dominican Republic,DOM,2021-10-11,109.5
Dominican Republic,DOM,2021-10-12,110
Dominican Republic,DOM,2021-10-13,110.56
Dominican Republic,DOM,2021-10-14,111.2
Dominican Republic,DOM,2021-10-15,111.84
Dominican Republic,DOM,2021-10-16,112.18
Dominican Republic,DOM,2021-10-17,112.39
Dominican Republic,DOM,2021-10-18,113.43
Dominican Republic,DOM,2021-10-19,114.58
Dominican Republic,DOM,2021-10-20,115.6
Dominican Republic,DOM,2021-10-21,116.46
Dominican Republic,DOM,2021-10-22,117.12
Dominican Republic,DOM,2021-10-23,117.35
Dominican Republic,DOM,2021-10-24,117.43
Dominican Republic,DOM,2021-10-25,117.92
Dominican Republic,DOM,2021-10-26,118.38
Dominican Republic,DOM,2021-10-27,118.74
Dominican Republic,DOM,2021-10-28,119.06
Dominican Republic,DOM,2021-10-29,119.29
Dominican Republic,DOM,2021-10-30,119.39
Dominican Republic,DOM,2021-10-31,119.43
Dominican Republic,DOM,2021-11-01,119.68
Dominican Republic,DOM,2021-11-02,119.95
Dominican Republic,DOM,2021-11-03,120.19
Dominican Republic,DOM,2021-11-04,120.43
Dominican Republic,DOM,2021-11-05,120.64
Dominican Republic,DOM,2021-11-06,120.69
Dominican Republic,DOM,2021-11-07,120.72
Dominican Republic,DOM,2021-11-08,120.98
Dominican Republic,DOM,2021-11-09,121.25
Dominican Republic,DOM,2021-11-10,121.5
Dominican Republic,DOM,2021-11-11,121.74
Dominican Republic,DOM,2021-11-12,121.94
Dominican Republic,DOM,2021-11-13,122.02
Dominican Republic,DOM,2021-11-14,122.05
Dominican Republic,DOM,2021-11-15,122.28
Dominican Republic,DOM,2021-11-16,122.52
Dominican Republic,DOM,2021-11-17,122.73
Dominican Republic,DOM,2021-11-19,123.01
Dominican Republic,DOM,2021-11-20,123.08
Dominican Republic,DOM,2021-11-21,123.11
Dominican Republic,DOM,2021-11-22,123.3
Dominican Republic,DOM,2021-11-23,123.48
Dominican Republic,DOM,2021-11-24,123.62
Dominican Republic,DOM,2021-11-25,123.76
Dominican Republic,DOM,2021-11-26,123.88
Dominican Republic,DOM,2021-11-27,123.93
Dominican Republic,DOM,2021-11-28,123.95
Dominican Republic,DOM,2021-11-29,124.11
Dominican Republic,DOM,2021-11-30,124.28
Dominican Republic,DOM,2021-12-01,124.42
Dominican Republic,DOM,2021-12-02,124.49
Dominican Republic,DOM,2021-12-03,124.67
Dominican Republic,DOM,2021-12-04,124.72
Dominican Republic,DOM,2021-12-05,124.74
Dominican Republic,DOM,2021-12-06,124.88
Dominican Republic,DOM,2021-12-07,125.02
Dominican Republic,DOM,2021-12-08,125.14
Dominican Republic,DOM,2021-12-10,125.38
Dominican Republic,DOM,2021-12-11,125.42
Dominican Republic,DOM,2021-12-12,125.43
Dominican Republic,DOM,2021-12-13,125.52
Dominican Republic,DOM,2021-12-14,125.61
Dominican Republic,DOM,2021-12-15,125.7
Dominican Republic,DOM,2021-12-16,125.8
Dominican Republic,DOM,2021-12-17,125.91
Dominican Republic,DOM,2021-12-18,125.93
Dominican Republic,DOM,2021-12-19,125.94
Dominican Republic,DOM,2021-12-20,126.02
Dominican Republic,DOM,2021-12-22,126.2
Dominican Republic,DOM,2021-12-23,126.24
Dominican Republic,DOM,2021-12-24,126.24
Dominican Republic,DOM,2021-12-27,126.31
Dominican Republic,DOM,2021-12-28,126.44
Dominican Republic,DOM,2021-12-29,126.58
Dominican Republic,DOM,2021-12-30,126.67
Dominican Republic,DOM,2021-12-31,126.7
Dominican Republic,DOM,2022-01-01,126.71
Dominican Republic,DOM,2022-01-02,126.72
Dominican Republic,DOM,2022-01-03,126.89
Dominican Republic,DOM,2022-01-04,127.15
Dominican Republic,DOM,2022-01-05,127.35
Dominican Republic,DOM,2022-01-06,127.56
Dominican Republic,DOM,2022-01-07,127.75
Dominican Republic,DOM,2022-01-08,127.82
Dominican Republic,DOM,2022-01-09,127.85
Dominican Republic,DOM,2022-01-10,127.91
Dominican Republic,DOM,2022-01-11,128.15
Dominican Republic,DOM,2022-01-12,128.39
Dominican Republic,DOM,2022-01-13,128.64
Dominican Republic,DOM,2022-01-14,128.86
Dominican Republic,DOM,2022-01-15,128.95
Dominican Republic,DOM,2022-01-16,128.98
Dominican Republic,DOM,2022-01-17,129.22
Dominican Republic,DOM,2022-01-18,129.49
Dominican Republic,DOM,2022-01-20,130.06
Dominican Republic,DOM,2022-01-21,130.12
Dominican Republic,DOM,2022-01-22,130.2
Dominican Republic,DOM,2022-01-23,130.24
Dominican Republic,DOM,2022-01-24,130.3
Dominican Republic,DOM,2022-01-25,130.65
Dominican Republic,DOM,2022-01-26,131.04
Dominican Republic,DOM,2022-01-27,131.49
Dominican Republic,DOM,2022-01-28,132.04
Dominican Republic,DOM,2022-01-29,132.27
Dominican Republic,DOM,2022-01-30,132.42
Dominican Republic,DOM,2022-01-31,132.88
Dominican Republic,DOM,2022-02-02,133.69
Dominican Republic,DOM,2022-02-03,133.98
Dominican Republic,DOM,2022-02-04,134.21
Dominican Republic,DOM,2022-02-05,134.32
Dominican Republic,DOM,2022-02-06,134.36
Dominican Republic,DOM,2022-02-07,134.58
Dominican Republic,DOM,2022-02-08,134.8
Dominican Republic,DOM,2022-02-09,135.01
Dominican Republic,DOM,2022-02-10,135.2
Dominican Republic,DOM,2022-02-11,135.37
Dominican Republic,DOM,2022-02-12,135.44
Dominican Republic,DOM,2022-02-13,135.47
Dominican Republic,DOM,2022-02-14,135.66
Dominican Republic,DOM,2022-02-15,135.88
Dominican Republic,DOM,2022-02-16,136.14
Dominican Republic,DOM,2022-02-17,136.32
Dominican Republic,DOM,2022-02-18,136.44
Dominican Republic,DOM,2022-02-19,136.47
Dominican Republic,DOM,2022-02-20,136.48
Dominican Republic,DOM,2022-02-21,136.6
Dominican Republic,DOM,2022-02-22,136.74
Dominican Republic,DOM,2022-02-23,136.87
Dominican Republic,DOM,2022-02-24,136.98
Dominican Republic,DOM,2022-02-25,137.06
Dominican Republic,DOM,2022-02-26,137.09
Dominican Republic,DOM,2022-02-27,137.09
Dominican Republic,DOM,2022-02-28,137.19
Dominican Republic,DOM,2022-03-03,137.49
Dominican Republic,DOM,2022-03-07,137.63
Dominican Republic,DOM,2022-03-08,137.72
Dominican Republic,DOM,2022-03-09,137.81
Dominican Republic,DOM,2022-03-10,138
Dominican Republic,DOM,2022-03-12,138.08
Dominican Republic,DOM,2022-03-13,138.11
Dominican Republic,DOM,2022-03-14,138.22
Dominican Republic,DOM,2022-03-16,138.33
Dominican Republic,DOM,2022-03-17,138.45
Dominican Republic,DOM,2022-03-18,138.58
Dominican Republic,DOM,2022-03-19,138.69
Dominican Republic,DOM,2022-03-20,138.72
Dominican Republic,DOM,2022-03-21,138.73
Dominican Republic,DOM,2022-03-22,138.82
Dominican Republic,DOM,2022-03-23,139.02
Dominican Republic,DOM,2022-03-25,139.12
Dominican Republic,DOM,2022-03-26,139.21
Dominican Republic,DOM,2022-03-28,139.22
Dominican Republic,DOM,2022-03-29,139.28
Dominican Republic,DOM,2022-03-30,139.41
Dominican Republic,DOM,2022-04-03,139.55
Dominican Republic,DOM,2022-04-04,139.55
Dominican Republic,DOM,2022-04-05,139.66
Dominican Republic,DOM,2022-04-07,139.72
Dominican Republic,DOM,2022-04-08,139.78
Dominican Republic,DOM,2022-04-09,139.82
Dominican Republic,DOM,2022-04-10,139.84
Dominican Republic,DOM,2022-04-11,139.89
Dominican Republic,DOM,2022-04-13,139.97
Dominican Republic,DOM,2022-04-14,139.99
Dominican Republic,DOM,2022-04-18,140.01
Dominican Republic,DOM,2022-04-19,140.05
Dominican Republic,DOM,2022-04-20,140.09
Dominican Republic,DOM,2022-04-22,140.15
Dominican Republic,DOM,2022-04-23,140.16
Dominican Republic,DOM,2022-04-24,140.16
Dominican Republic,DOM,2022-04-25,140.18
Dominican Republic,DOM,2022-04-26,140.2
Dominican Republic,DOM,2022-04-27,140.23
Dominican Republic,DOM,2022-04-28,140.25
Dominican Republic,DOM,2022-04-29,140.27
Dominican Republic,DOM,2022-04-30,140.28
Dominican Republic,DOM,2022-05-01,140.28
Dominican Republic,DOM,2022-05-02,140.29
Dominican Republic,DOM,2022-05-03,140.3
Dominican Republic,DOM,2022-05-04,140.33
Dominican Republic,DOM,2022-05-05,140.35
Dominican Republic,DOM,2022-05-06,140.36
Dominican Republic,DOM,2022-05-07,140.37
Dominican Republic,DOM,2022-05-08,140.37
Dominican Republic,DOM,2022-05-09,140.39
Dominican Republic,DOM,2022-05-10,140.42
Dominican Republic,DOM,2022-05-11,140.44
Dominican Republic,DOM,2022-05-12,140.47
Dominican Republic,DOM,2022-05-13,140.49
Dominican Republic,DOM,2022-05-14,140.5
Dominican Republic,DOM,2022-05-15,140.51
Dominican Republic,DOM,2022-05-16,140.53
Dominican Republic,DOM,2022-05-17,140.56
Dominican Republic,DOM,2022-05-18,140.59
Dominican Republic,DOM,2022-05-19,140.62
Dominican Republic,DOM,2022-05-20,140.66
Dominican Republic,DOM,2022-05-21,140.67
Dominican Republic,DOM,2022-05-22,140.68
Dominican Republic,DOM,2022-05-23,140.71
Dominican Republic,DOM,2022-05-24,140.74
Dominican Republic,DOM,2022-05-25,140.78
Dominican Republic,DOM,2022-05-26,140.81
Dominican Republic,DOM,2022-05-27,140.84
Dominican Republic,DOM,2022-05-28,140.85
Dominican Republic,DOM,2022-05-29,140.86
Dominican Republic,DOM,2022-05-30,140.89
Dominican Republic,DOM,2022-05-31,140.93
Dominican Republic,DOM,2022-06-01,140.97
Dominican Republic,DOM,2022-06-02,141.01
Dominican Republic,DOM,2022-06-04,141.06
Dominican Republic,DOM,2022-06-05,141.07
Dominican Republic,DOM,2022-06-06,141.11
Dominican Republic,DOM,2022-06-07,141.15
Dominican Republic,DOM,2022-06-08,141.19
Dominican Republic,DOM,2022-06-09,141.23
Dominican Republic,DOM,2022-06-10,141.27
Dominican Republic,DOM,2022-06-11,141.29
Dominican Republic,DOM,2022-06-12,141.3
Dominican Republic,DOM,2022-06-13,141.34
Dominican Republic,DOM,2022-06-14,141.39
Dominican Republic,DOM,2022-06-15,141.43
Dominican Republic,DOM,2022-06-16,141.45
Dominican Republic,DOM,2022-06-17,141.48
Dominican Republic,DOM,2022-06-18,141.5
Dominican Republic,DOM,2022-06-19,141.51
Dominican Republic,DOM,2022-06-20,141.55
Dominican Republic,DOM,2022-06-21,141.59
Dominican Republic,DOM,2022-06-22,141.64
Dominican Republic,DOM,2022-06-23,141.67
Dominican Republic,DOM,2022-06-24,141.71
Dominican Republic,DOM,2022-06-25,141.74
Dominican Republic,DOM,2022-06-26,141.74
Dominican Republic,DOM,2022-06-27,141.79
Dominican Republic,DOM,2022-06-28,141.83
Dominican Republic,DOM,2022-06-29,141.87
Dominican Republic,DOM,2022-06-30,141.91
Dominican Republic,DOM,2022-07-01,141.95
Dominican Republic,DOM,2022-07-02,141.97
Dominican Republic,DOM,2022-07-03,141.98
Dominican Republic,DOM,2022-07-04,142.01
Dominican Republic,DOM,2022-07-05,142.05
Dominican Republic,DOM,2022-07-06,142.09
Dominican Republic,DOM,2022-07-08,142.18
Dominican Republic,DOM,2022-07-09,142.2
Dominican Republic,DOM,2022-07-10,142.21
Dominican Republic,DOM,2022-07-11,142.24
Dominican Republic,DOM,2022-07-12,142.28
Dominican Republic,DOM,2022-07-13,142.32
Dominican Republic,DOM,2022-07-14,142.36
Dominican Republic,DOM,2022-07-15,142.4
Dominican Republic,DOM,2022-07-16,142.42
Dominican Republic,DOM,2022-07-17,142.43
Dominican Republic,DOM,2022-07-18,142.46
Dominican Republic,DOM,2022-07-19,142.5
Dominican Republic,DOM,2022-07-20,142.54
Dominican Republic,DOM,2022-07-21,142.57
Dominican Republic,DOM,2022-07-23,142.62
Dominican Republic,DOM,2022-07-24,142.63
Dominican Republic,DOM,2022-07-25,142.67
Dominican Republic,DOM,2022-07-26,142.7
Dominican Republic,DOM,2022-07-27,142.74
Dominican Republic,DOM,2022-08-01,142.87
Dominican Republic,DOM,2022-08-02,142.9
Ecuador,ECU,2021-01-20,0
Ecuador,ECU,2021-01-21,0.02
Ecuador,ECU,2021-01-22,0.02
Ecuador,ECU,2021-01-23,0.02
Ecuador,ECU,2021-01-25,0.03
Ecuador,ECU,2021-01-26,0.03
Ecuador,ECU,2021-01-27,0.04
Ecuador,ECU,2021-01-28,0.04
Ecuador,ECU,2021-01-29,0.04
Ecuador,ECU,2021-01-31,0.04
Ecuador,ECU,2021-02-01,0.05
Ecuador,ECU,2021-02-02,0.05
Ecuador,ECU,2021-02-03,0.07
Ecuador,ECU,2021-02-04,0.07
Ecuador,ECU,2021-02-05,0.07
Ecuador,ECU,2021-02-06,0.07
Ecuador,ECU,2021-02-08,0.07
Ecuador,ECU,2021-02-10,0.07
Ecuador,ECU,2021-02-11,0.08
Ecuador,ECU,2021-02-12,0.08
Ecuador,ECU,2021-02-13,0.08
Ecuador,ECU,2021-02-15,0.08
Ecuador,ECU,2021-02-17,0.08
Ecuador,ECU,2021-02-18,0.21
Ecuador,ECU,2021-02-19,0.24
Ecuador,ECU,2021-02-20,0.24
Ecuador,ECU,2021-02-21,0.25
Ecuador,ECU,2021-02-22,0.26
Ecuador,ECU,2021-02-23,0.26
Ecuador,ECU,2021-02-24,0.27
Ecuador,ECU,2021-02-25,0.37
Ecuador,ECU,2021-02-26,0.43
Ecuador,ECU,2021-02-27,0.43
Ecuador,ECU,2021-02-28,0.43
Ecuador,ECU,2021-03-01,0.43
Ecuador,ECU,2021-03-02,0.43
Ecuador,ECU,2021-03-03,0.43
Ecuador,ECU,2021-03-04,0.6
Ecuador,ECU,2021-03-05,0.71
Ecuador,ECU,2021-03-06,0.73
Ecuador,ECU,2021-03-07,0.73
Ecuador,ECU,2021-03-08,0.76
Ecuador,ECU,2021-03-09,0.77
Ecuador,ECU,2021-03-10,0.77
Ecuador,ECU,2021-03-11,0.97
Ecuador,ECU,2021-03-12,1.26
Ecuador,ECU,2021-03-13,1.35
Ecuador,ECU,2021-03-14,1.35
Ecuador,ECU,2021-03-15,1.42
Ecuador,ECU,2021-03-16,1.47
Ecuador,ECU,2021-03-17,1.5
Ecuador,ECU,2021-03-18,1.55
Ecuador,ECU,2021-03-19,1.6
Ecuador,ECU,2021-03-20,1.65
Ecuador,ECU,2021-03-21,1.66
Ecuador,ECU,2021-03-22,1.9
Ecuador,ECU,2021-03-23,2.03
Ecuador,ECU,2021-03-24,2.08
Ecuador,ECU,2021-03-25,2.2
Ecuador,ECU,2021-03-26,2.34
Ecuador,ECU,2021-03-27,2.38
Ecuador,ECU,2021-03-28,2.38
Ecuador,ECU,2021-03-29,2.5
Ecuador,ECU,2021-03-30,2.56
Ecuador,ECU,2021-03-31,2.63
Ecuador,ECU,2021-04-01,2.82
Ecuador,ECU,2021-04-02,2.9
Ecuador,ECU,2021-04-03,2.94
Ecuador,ECU,2021-04-04,2.96
Ecuador,ECU,2021-04-05,3.23
Ecuador,ECU,2021-04-06,3.45
Ecuador,ECU,2021-04-07,3.7
Ecuador,ECU,2021-04-08,3.8
Ecuador,ECU,2021-04-09,3.85
Ecuador,ECU,2021-04-10,3.87
Ecuador,ECU,2021-04-11,3.87
Ecuador,ECU,2021-04-12,3.92
Ecuador,ECU,2021-04-13,4.2
Ecuador,ECU,2021-04-14,4.38
Ecuador,ECU,2021-04-15,4.59
Ecuador,ECU,2021-04-16,4.84
Ecuador,ECU,2021-04-17,5.1
Ecuador,ECU,2021-04-18,5.11
Ecuador,ECU,2021-04-19,5.35
Ecuador,ECU,2021-04-20,5.62
Ecuador,ECU,2021-04-21,5.96
Ecuador,ECU,2021-04-22,6.24
Ecuador,ECU,2021-04-23,6.57
Ecuador,ECU,2021-04-24,6.69
Ecuador,ECU,2021-04-25,6.74
Ecuador,ECU,2021-04-26,7
Ecuador,ECU,2021-04-27,7.35
Ecuador,ECU,2021-04-28,7.66
Ecuador,ECU,2021-04-29,8.06
Ecuador,ECU,2021-04-30,8.44
Ecuador,ECU,2021-05-01,8.75
Ecuador,ECU,2021-05-02,8.97
Ecuador,ECU,2021-05-03,9.25
Ecuador,ECU,2021-05-04,9.48
Ecuador,ECU,2021-05-05,9.77
Ecuador,ECU,2021-05-06,10.09
Ecuador,ECU,2021-05-07,10.35
Ecuador,ECU,2021-05-08,10.45
Ecuador,ECU,2021-05-09,10.48
Ecuador,ECU,2021-05-10,10.66
Ecuador,ECU,2021-05-11,10.87
Ecuador,ECU,2021-05-12,11.09
Ecuador,ECU,2021-05-13,11.35
Ecuador,ECU,2021-05-14,11.7
Ecuador,ECU,2021-05-15,11.92
Ecuador,ECU,2021-05-16,12.05
Ecuador,ECU,2021-05-17,12.32
Ecuador,ECU,2021-05-18,12.56
Ecuador,ECU,2021-05-19,12.84
Ecuador,ECU,2021-05-20,13.27
Ecuador,ECU,2021-05-21,13.75
Ecuador,ECU,2021-05-22,14.07
Ecuador,ECU,2021-05-23,14.58
Ecuador,ECU,2021-05-24,14.6
Ecuador,ECU,2021-05-25,14.64
Ecuador,ECU,2021-05-26,14.97
Ecuador,ECU,2021-05-27,15.31
Ecuador,ECU,2021-05-28,15.62
Ecuador,ECU,2021-05-29,15.83
Ecuador,ECU,2021-05-30,15.94
Ecuador,ECU,2021-05-31,16.27
Ecuador,ECU,2021-06-01,16.56
Ecuador,ECU,2021-06-02,16.88
Ecuador,ECU,2021-06-03,17.33
Ecuador,ECU,2021-06-04,17.85
Ecuador,ECU,2021-06-05,18.12
Ecuador,ECU,2021-06-06,18.29
Ecuador,ECU,2021-06-07,18.62
Ecuador,ECU,2021-06-08,18.97
Ecuador,ECU,2021-06-09,19.31
Ecuador,ECU,2021-06-10,19.71
Ecuador,ECU,2021-06-11,20.19
Ecuador,ECU,2021-06-12,20.47
Ecuador,ECU,2021-06-13,20.67
Ecuador,ECU,2021-06-14,20.98
Ecuador,ECU,2021-06-15,21.37
Ecuador,ECU,2021-06-16,21.9
Ecuador,ECU,2021-06-17,22.48
Ecuador,ECU,2021-06-18,23
Ecuador,ECU,2021-06-19,23.31
Ecuador,ECU,2021-06-20,23.4
Ecuador,ECU,2021-06-21,23.78
Ecuador,ECU,2021-06-22,24.17
Ecuador,ECU,2021-06-23,24.59
Ecuador,ECU,2021-06-24,25.06
Ecuador,ECU,2021-06-25,25.45
Ecuador,ECU,2021-06-26,25.76
Ecuador,ECU,2021-06-27,25.89
Ecuador,ECU,2021-06-28,26.27
Ecuador,ECU,2021-06-29,26.64
Ecuador,ECU,2021-06-30,27.09
Ecuador,ECU,2021-07-01,27.63
Ecuador,ECU,2021-07-02,28.22
Ecuador,ECU,2021-07-03,28.72
Ecuador,ECU,2021-07-04,29.04
Ecuador,ECU,2021-07-05,29.87
Ecuador,ECU,2021-07-06,30.88
Ecuador,ECU,2021-07-07,31.99
Ecuador,ECU,2021-07-08,33.29
Ecuador,ECU,2021-07-09,34.81
Ecuador,ECU,2021-07-10,36.23
Ecuador,ECU,2021-07-11,37.3
Ecuador,ECU,2021-07-12,38.88
Ecuador,ECU,2021-07-13,40.86
Ecuador,ECU,2021-07-14,43.12
Ecuador,ECU,2021-07-15,45.54
Ecuador,ECU,2021-07-16,47.86
Ecuador,ECU,2021-07-17,49.6
Ecuador,ECU,2021-07-18,51.03
Ecuador,ECU,2021-07-19,52.83
Ecuador,ECU,2021-07-20,54.59
Ecuador,ECU,2021-07-21,56.15
Ecuador,ECU,2021-07-22,57.61
Ecuador,ECU,2021-07-23,59.03
Ecuador,ECU,2021-07-24,60.13
Ecuador,ECU,2021-07-25,60.92
Ecuador,ECU,2021-07-26,61.93
Ecuador,ECU,2021-07-27,63.41
Ecuador,ECU,2021-07-28,65.12
Ecuador,ECU,2021-07-29,66.91
Ecuador,ECU,2021-07-30,68.74
Ecuador,ECU,2021-07-31,70.11
Ecuador,ECU,2021-08-01,71.03
Ecuador,ECU,2021-08-02,72.14
Ecuador,ECU,2021-08-03,73.34
Ecuador,ECU,2021-08-04,74.57
Ecuador,ECU,2021-08-05,75.86
Ecuador,ECU,2021-08-06,77.29
Ecuador,ECU,2021-08-07,78.62
Ecuador,ECU,2021-08-08,79.78
Ecuador,ECU,2021-08-09,79.81
Ecuador,ECU,2021-08-10,81.94
Ecuador,ECU,2021-08-11,83.83
Ecuador,ECU,2021-08-12,85.35
Ecuador,ECU,2021-08-13,86.47
Ecuador,ECU,2021-08-14,87.06
Ecuador,ECU,2021-08-15,87.42
Ecuador,ECU,2021-08-16,89.54
Ecuador,ECU,2021-08-17,91.83
Ecuador,ECU,2021-08-18,93.99
Ecuador,ECU,2021-08-19,95.82
Ecuador,ECU,2021-08-20,97.37
Ecuador,ECU,2021-08-21,98.45
Ecuador,ECU,2021-08-22,99.19
Ecuador,ECU,2021-08-23,100.26
Ecuador,ECU,2021-08-24,101.54
Ecuador,ECU,2021-08-25,102.83
Ecuador,ECU,2021-08-26,104.22
Ecuador,ECU,2021-08-27,105.71
Ecuador,ECU,2021-08-28,106.76
Ecuador,ECU,2021-08-29,107.4
Ecuador,ECU,2021-08-30,108.42
Ecuador,ECU,2021-08-31,109.32
Ecuador,ECU,2021-09-08,112.76
Ecuador,ECU,2021-09-09,113.06
Ecuador,ECU,2021-09-10,113.37
Ecuador,ECU,2021-09-11,113.43
Ecuador,ECU,2021-09-12,113.47
Ecuador,ECU,2021-09-13,113.78
Ecuador,ECU,2021-09-14,114.16
Ecuador,ECU,2021-09-15,114.58
Ecuador,ECU,2021-09-20,114.92
Ecuador,ECU,2021-09-21,115.27
Ecuador,ECU,2021-09-22,115.36
Ecuador,ECU,2021-09-23,115.58
Ecuador,ECU,2021-09-24,115.81
Ecuador,ECU,2021-09-25,115.84
Ecuador,ECU,2021-09-26,115.84
Ecuador,ECU,2021-09-27,116.12
Ecuador,ECU,2021-09-28,116.72
Ecuador,ECU,2021-09-29,117.1
Ecuador,ECU,2021-09-30,117.41
Ecuador,ECU,2021-10-01,117.86
Ecuador,ECU,2021-10-02,117.89
Ecuador,ECU,2021-10-03,117.9
Ecuador,ECU,2021-10-04,118.12
Ecuador,ECU,2021-10-05,118.37
Ecuador,ECU,2021-10-06,118.63
Ecuador,ECU,2021-10-07,118.86
Ecuador,ECU,2021-10-08,118.91
Ecuador,ECU,2021-10-09,118.92
Ecuador,ECU,2021-10-10,118.92
Ecuador,ECU,2021-10-11,119.16
Ecuador,ECU,2021-10-12,119.42
Ecuador,ECU,2021-10-13,119.67
Ecuador,ECU,2021-10-14,119.94
Ecuador,ECU,2021-10-15,120.22
Ecuador,ECU,2021-10-16,120.27
Ecuador,ECU,2021-10-17,120.3
Ecuador,ECU,2021-10-18,120.51
Ecuador,ECU,2021-10-19,120.76
Ecuador,ECU,2021-10-20,121.87
Ecuador,ECU,2021-10-21,122.64
Ecuador,ECU,2021-10-22,123.37
Ecuador,ECU,2021-10-23,123.46
Ecuador,ECU,2021-10-24,123.49
Ecuador,ECU,2021-10-25,124.12
Ecuador,ECU,2021-10-26,124.84
Ecuador,ECU,2021-10-27,125.56
Ecuador,ECU,2021-10-28,126.28
Ecuador,ECU,2021-10-29,126.9
Ecuador,ECU,2021-10-30,126.95
Ecuador,ECU,2021-10-31,126.97
Ecuador,ECU,2021-11-01,126.98
Ecuador,ECU,2021-11-02,127
Ecuador,ECU,2021-11-03,127.02
Ecuador,ECU,2021-11-04,127.5
Ecuador,ECU,2021-11-05,128.09
Ecuador,ECU,2021-11-06,128.15
Ecuador,ECU,2021-11-07,128.17
Ecuador,ECU,2021-11-08,128.7
Ecuador,ECU,2021-11-09,129.27
Ecuador,ECU,2021-11-10,129.86
Ecuador,ECU,2021-11-11,130.45
Ecuador,ECU,2021-11-12,130.99
Ecuador,ECU,2021-11-13,131.21
Ecuador,ECU,2021-11-14,131.32
Ecuador,ECU,2021-11-15,131.91
Ecuador,ECU,2021-11-16,132.58
Ecuador,ECU,2021-11-17,133.33
Ecuador,ECU,2021-11-18,134.05
Ecuador,ECU,2021-11-19,134.79
Ecuador,ECU,2021-11-20,135.12
Ecuador,ECU,2021-11-21,135.34
Ecuador,ECU,2021-11-22,136.65
Ecuador,ECU,2021-11-23,137.46
Ecuador,ECU,2021-11-24,138.33
Ecuador,ECU,2021-11-25,139.19
Ecuador,ECU,2021-11-26,140
Ecuador,ECU,2021-11-27,140.23
Ecuador,ECU,2021-11-28,140.35
Ecuador,ECU,2021-11-29,140.99
Ecuador,ECU,2021-11-30,141.59
Ecuador,ECU,2021-12-01,142.21
Ecuador,ECU,2021-12-02,142.9
Ecuador,ECU,2021-12-03,143.45
Ecuador,ECU,2021-12-04,143.63
Ecuador,ECU,2021-12-05,143.73
Ecuador,ECU,2021-12-06,144.16
Ecuador,ECU,2021-12-07,144.67
Ecuador,ECU,2021-12-08,145.2
Ecuador,ECU,2021-12-09,145.82
Ecuador,ECU,2021-12-10,146.49
Ecuador,ECU,2021-12-11,146.79
Ecuador,ECU,2021-12-12,146.97
Ecuador,ECU,2021-12-13,147.55
Ecuador,ECU,2021-12-14,148.12
Ecuador,ECU,2021-12-15,149.19
Ecuador,ECU,2021-12-16,149.84
Ecuador,ECU,2021-12-17,150.39
Ecuador,ECU,2021-12-18,150.6
Ecuador,ECU,2021-12-19,150.73
Ecuador,ECU,2021-12-20,151.24
Ecuador,ECU,2021-12-21,151.79
Ecuador,ECU,2021-12-22,152.28
Ecuador,ECU,2021-12-23,152.74
Ecuador,ECU,2021-12-24,152.79
Ecuador,ECU,2021-12-25,152.86
Ecuador,ECU,2021-12-26,152.9
Ecuador,ECU,2021-12-27,153.42
Ecuador,ECU,2021-12-28,154.02
Ecuador,ECU,2021-12-29,154.52
Ecuador,ECU,2021-12-30,154.86
Ecuador,ECU,2021-12-31,154.89
Ecuador,ECU,2022-01-01,154.89
Ecuador,ECU,2022-01-02,154.93
Ecuador,ECU,2022-01-03,155.42
Ecuador,ECU,2022-01-04,156.04
Ecuador,ECU,2022-01-05,156.7
Ecuador,ECU,2022-01-06,157.37
Ecuador,ECU,2022-01-07,158.04
Ecuador,ECU,2022-01-08,158.29
Ecuador,ECU,2022-01-09,158.51
Ecuador,ECU,2022-01-10,159.28
Ecuador,ECU,2022-01-11,160.08
Ecuador,ECU,2022-01-12,160.89
Ecuador,ECU,2022-01-13,161.63
Ecuador,ECU,2022-01-14,162.35
Ecuador,ECU,2022-01-15,162.64
Ecuador,ECU,2022-01-16,162.87
Ecuador,ECU,2022-01-17,163.55
Ecuador,ECU,2022-01-18,164.16
Ecuador,ECU,2022-01-19,164.69
Ecuador,ECU,2022-01-20,165.19
Ecuador,ECU,2022-01-21,165.73
Ecuador,ECU,2022-01-22,165.99
Ecuador,ECU,2022-01-23,166.12
Ecuador,ECU,2022-01-24,166.51
Ecuador,ECU,2022-01-25,166.91
Ecuador,ECU,2022-01-26,167.29
Ecuador,ECU,2022-01-27,167.66
Ecuador,ECU,2022-01-28,168.06
Ecuador,ECU,2022-01-29,168.26
Ecuador,ECU,2022-01-30,168.37
Ecuador,ECU,2022-01-31,168.72
Ecuador,ECU,2022-02-01,169.1
Ecuador,ECU,2022-02-02,169.49
Ecuador,ECU,2022-02-03,169.89
Ecuador,ECU,2022-02-04,170.33
Ecuador,ECU,2022-02-05,170.51
Ecuador,ECU,2022-02-06,170.65
Ecuador,ECU,2022-02-07,171.1
Ecuador,ECU,2022-02-08,171.56
Ecuador,ECU,2022-02-09,172.02
Ecuador,ECU,2022-02-10,172.5
Ecuador,ECU,2022-02-11,173
Ecuador,ECU,2022-02-12,173.22
Ecuador,ECU,2022-02-13,173.38
Ecuador,ECU,2022-02-14,173.84
Ecuador,ECU,2022-02-15,174.39
Ecuador,ECU,2022-02-16,174.98
Ecuador,ECU,2022-02-17,175.55
Ecuador,ECU,2022-02-18,176.2
Ecuador,ECU,2022-02-19,176.52
Ecuador,ECU,2022-02-20,176.71
Ecuador,ECU,2022-02-21,177.31
Ecuador,ECU,2022-02-22,177.95
Ecuador,ECU,2022-02-23,178.52
Ecuador,ECU,2022-02-24,179.04
Ecuador,ECU,2022-02-25,179.46
Ecuador,ECU,2022-02-26,179.6
Ecuador,ECU,2022-02-27,179.66
Ecuador,ECU,2022-02-28,179.74
Ecuador,ECU,2022-03-01,179.78
Ecuador,ECU,2022-03-02,180.13
Ecuador,ECU,2022-03-03,180.54
Ecuador,ECU,2022-03-04,180.98
Ecuador,ECU,2022-03-05,181.17
Ecuador,ECU,2022-03-06,181.31
Ecuador,ECU,2022-03-07,181.69
Ecuador,ECU,2022-03-08,182.06
Ecuador,ECU,2022-03-09,182.41
Ecuador,ECU,2022-03-10,182.88
Ecuador,ECU,2022-03-11,183.22
Ecuador,ECU,2022-03-12,183.4
Ecuador,ECU,2022-03-13,183.5
Ecuador,ECU,2022-03-14,183.79
Ecuador,ECU,2022-03-15,184.08
Ecuador,ECU,2022-03-16,184.37
Ecuador,ECU,2022-03-17,184.68
Ecuador,ECU,2022-03-18,184.98
Ecuador,ECU,2022-03-19,185.07
Ecuador,ECU,2022-03-20,185.22
Ecuador,ECU,2022-03-21,185.45
Ecuador,ECU,2022-03-22,185.64
Ecuador,ECU,2022-03-23,185.87
Ecuador,ECU,2022-03-24,186.06
Ecuador,ECU,2022-03-25,186.26
Ecuador,ECU,2022-03-26,186.35
Ecuador,ECU,2022-03-27,186.4
Ecuador,ECU,2022-03-28,186.58
Ecuador,ECU,2022-03-29,186.75
Ecuador,ECU,2022-03-30,186.99
Ecuador,ECU,2022-03-31,187.17
Ecuador,ECU,2022-04-04,188.79
Ecuador,ECU,2022-04-05,189.35
Ecuador,ECU,2022-04-06,189.55
Ecuador,ECU,2022-04-07,189.73
Ecuador,ECU,2022-04-08,189.93
Ecuador,ECU,2022-04-09,190.01
Ecuador,ECU,2022-04-10,190.06
Ecuador,ECU,2022-04-11,190.24
Ecuador,ECU,2022-04-12,190.45
Ecuador,ECU,2022-04-13,190.71
Ecuador,ECU,2022-04-14,190.95
Ecuador,ECU,2022-04-15,190.97
Ecuador,ECU,2022-04-16,191.02
Ecuador,ECU,2022-04-17,191.05
Ecuador,ECU,2022-04-18,191.26
Ecuador,ECU,2022-04-19,191.49
Ecuador,ECU,2022-04-20,191.69
Ecuador,ECU,2022-04-21,191.93
Ecuador,ECU,2022-04-22,192.14
Ecuador,ECU,2022-04-23,192.24
Ecuador,ECU,2022-04-24,192.29
Ecuador,ECU,2022-04-25,192.55
Ecuador,ECU,2022-04-26,192.85
Ecuador,ECU,2022-04-27,193.14
Ecuador,ECU,2022-04-28,193.42
Ecuador,ECU,2022-04-29,193.71
Ecuador,ECU,2022-04-30,193.79
Ecuador,ECU,2022-05-01,193.83
Ecuador,ECU,2022-05-02,193.85
Ecuador,ECU,2022-05-03,194.02
Ecuador,ECU,2022-05-04,194.22
Ecuador,ECU,2022-05-05,194.4
Ecuador,ECU,2022-05-06,194.58
Ecuador,ECU,2022-05-07,194.63
Ecuador,ECU,2022-05-08,194.65
Ecuador,ECU,2022-05-09,194.77
Ecuador,ECU,2022-05-10,194.92
Ecuador,ECU,2022-05-11,195.11
Ecuador,ECU,2022-05-12,195.26
Ecuador,ECU,2022-05-13,195.47
Ecuador,ECU,2022-05-14,195.54
Ecuador,ECU,2022-05-15,195.58
Ecuador,ECU,2022-05-16,195.84
Ecuador,ECU,2022-05-17,196.04
Ecuador,ECU,2022-05-18,196.25
Ecuador,ECU,2022-05-19,196.47
Ecuador,ECU,2022-05-20,196.68
Ecuador,ECU,2022-05-21,196.74
Ecuador,ECU,2022-05-22,196.77
Ecuador,ECU,2022-05-23,196.79
Ecuador,ECU,2022-05-24,197
Ecuador,ECU,2022-05-25,197.19
Ecuador,ECU,2022-05-26,197.38
Ecuador,ECU,2022-05-27,197.57
Ecuador,ECU,2022-05-28,197.63
Ecuador,ECU,2022-05-29,197.66
Ecuador,ECU,2022-05-30,197.82
Ecuador,ECU,2022-05-31,198
Ecuador,ECU,2022-06-01,198.16
Ecuador,ECU,2022-06-02,198.34
Ecuador,ECU,2022-06-03,198.55
Ecuador,ECU,2022-06-04,198.61
Ecuador,ECU,2022-06-05,198.64
Ecuador,ECU,2022-06-06,198.8
Ecuador,ECU,2022-06-07,199
Ecuador,ECU,2022-06-08,199.21
Ecuador,ECU,2022-06-09,199.42
Ecuador,ECU,2022-06-10,199.63
Ecuador,ECU,2022-06-11,199.7
Ecuador,ECU,2022-06-12,199.73
Ecuador,ECU,2022-06-13,199.88
Ecuador,ECU,2022-06-14,200.08
Ecuador,ECU,2022-06-15,200.24
Ecuador,ECU,2022-06-16,200.37
Ecuador,ECU,2022-06-17,200.49
Ecuador,ECU,2022-06-18,200.52
Ecuador,ECU,2022-06-19,200.53
Ecuador,ECU,2022-06-20,200.64
Ecuador,ECU,2022-06-21,200.75
Ecuador,ECU,2022-06-23,200.96
Ecuador,ECU,2022-06-24,201.06
Ecuador,ECU,2022-06-25,201.09
Ecuador,ECU,2022-06-26,201.1
Ecuador,ECU,2022-06-27,201.19
Ecuador,ECU,2022-06-28,201.3
Ecuador,ECU,2022-06-29,201.41
Ecuador,ECU,2022-06-30,201.5
Ecuador,ECU,2022-07-01,201.59
Ecuador,ECU,2022-07-02,201.62
Ecuador,ECU,2022-07-03,201.63
Ecuador,ECU,2022-07-04,201.73
Ecuador,ECU,2022-07-05,201.88
Ecuador,ECU,2022-07-06,202.05
Ecuador,ECU,2022-07-07,202.24
Ecuador,ECU,2022-07-08,202.47
Ecuador,ECU,2022-07-09,202.53
Ecuador,ECU,2022-07-10,202.57
Ecuador,ECU,2022-07-11,202.78
Ecuador,ECU,2022-07-12,202.99
Ecuador,ECU,2022-07-13,203.2
Ecuador,ECU,2022-07-14,203.42
Ecuador,ECU,2022-07-15,203.64
Ecuador,ECU,2022-07-16,203.72
Ecuador,ECU,2022-07-17,203.76
Ecuador,ECU,2022-07-18,203.96
Ecuador,ECU,2022-07-19,204.2
Ecuador,ECU,2022-07-20,204.45
Ecuador,ECU,2022-07-21,204.7
Ecuador,ECU,2022-07-22,204.93
Ecuador,ECU,2022-07-23,205.01
Ecuador,ECU,2022-07-24,205.05
Ecuador,ECU,2022-07-25,205.22
Ecuador,ECU,2022-07-27,205.67
Ecuador,ECU,2022-07-28,205.93
Egypt,EGY,2021-01-24,0
Egypt,EGY,2021-01-30,0
Egypt,EGY,2021-03-27,0.15
Egypt,EGY,2021-04-18,0.6
Egypt,EGY,2021-05-09,1.19
Egypt,EGY,2021-05-11,1.26
Egypt,EGY,2021-05-22,1.72
Egypt,EGY,2021-05-23,1.8
Egypt,EGY,2021-05-24,1.89
Egypt,EGY,2021-05-25,1.95
Egypt,EGY,2021-05-29,2.37
Egypt,EGY,2021-06-01,2.58
Egypt,EGY,2021-06-09,3.06
Egypt,EGY,2021-06-12,3.21
Egypt,EGY,2021-06-14,3.43
Egypt,EGY,2021-06-16,3.47
Egypt,EGY,2021-06-20,3.67
Egypt,EGY,2021-06-23,3.79
Egypt,EGY,2021-06-27,3.89
Egypt,EGY,2021-06-28,3.92
Egypt,EGY,2021-07-04,4.07
Egypt,EGY,2021-07-06,4.12
Egypt,EGY,2021-07-07,4.15
Egypt,EGY,2021-07-08,4.17
Egypt,EGY,2021-07-12,4.63
Egypt,EGY,2021-07-25,4.86
Egypt,EGY,2021-07-26,4.89
Egypt,EGY,2021-08-01,5.1
Egypt,EGY,2021-08-05,5.17
Egypt,EGY,2021-08-10,5.26
Egypt,EGY,2021-08-16,5.93
Egypt,EGY,2021-08-25,7.33
Egypt,EGY,2021-08-27,8
Egypt,EGY,2021-09-01,8.6
Egypt,EGY,2021-09-05,9.54
Egypt,EGY,2021-09-09,9.86
Egypt,EGY,2021-09-11,10.51
Egypt,EGY,2021-09-15,10.97
Egypt,EGY,2021-09-16,11.87
Egypt,EGY,2021-09-23,13.78
Egypt,EGY,2021-09-27,14.85
Egypt,EGY,2021-09-30,15.52
Egypt,EGY,2021-10-08,18.45
Egypt,EGY,2021-10-17,21.21
Egypt,EGY,2021-10-23,22.96
Egypt,EGY,2021-10-29,25.46
Egypt,EGY,2021-11-01,26.48
Egypt,EGY,2021-11-06,27.97
Egypt,EGY,2021-11-10,30.81
Egypt,EGY,2021-11-13,31.92
Egypt,EGY,2021-11-20,33.78
Egypt,EGY,2021-11-28,36.53
Egypt,EGY,2021-11-29,37.2
Egypt,EGY,2021-12-04,39.32
Egypt,EGY,2021-12-06,40.25
Egypt,EGY,2021-12-11,42.32
Egypt,EGY,2021-12-14,43.78
Egypt,EGY,2021-12-18,45.53
Egypt,EGY,2021-12-20,46.48
Egypt,EGY,2021-12-24,48.34
Egypt,EGY,2022-01-04,52.62
Egypt,EGY,2022-01-08,53.85
Egypt,EGY,2022-01-15,56.03
Egypt,EGY,2022-01-21,57.49
Egypt,EGY,2022-01-24,58.24
Egypt,EGY,2022-01-30,59.54
Egypt,EGY,2022-02-06,61.51
Egypt,EGY,2022-02-09,61.98
Egypt,EGY,2022-02-19,63.5
Egypt,EGY,2022-02-26,64.69
Egypt,EGY,2022-03-01,65.31
Egypt,EGY,2022-03-15,68.98
Egypt,EGY,2022-03-20,70.21
Egypt,EGY,2022-03-27,71.37
Egypt,EGY,2022-04-12,73.34
Egypt,EGY,2022-04-23,74.49
Egypt,EGY,2022-04-30,75.06
Egypt,EGY,2022-05-04,75.18
Egypt,EGY,2022-05-08,75.39
Egypt,EGY,2022-05-14,75.81
Egypt,EGY,2022-05-15,75.88
Egypt,EGY,2022-05-30,78.04
Egypt,EGY,2022-06-05,78.83
Egypt,EGY,2022-06-14,80.59
Egypt,EGY,2022-06-20,81.6
Egypt,EGY,2022-06-27,82.71
Egypt,EGY,2022-06-29,83.7
Egypt,EGY,2022-07-05,84.44
Egypt,EGY,2022-07-16,85.13
Egypt,EGY,2022-07-19,86.3
El Salvador,SLV,2021-02-17,0
El Salvador,SLV,2021-02-22,0.1
El Salvador,SLV,2021-02-25,0.25
El Salvador,SLV,2021-03-14,0.4
El Salvador,SLV,2021-03-17,0.57
El Salvador,SLV,2021-03-18,0.66
El Salvador,SLV,2021-03-21,0.78
El Salvador,SLV,2021-03-28,1.11
El Salvador,SLV,2021-03-31,1.58
El Salvador,SLV,2021-04-01,1.91
El Salvador,SLV,2021-04-02,2.11
El Salvador,SLV,2021-04-07,2.53
El Salvador,SLV,2021-04-09,2.85
El Salvador,SLV,2021-04-11,3.17
El Salvador,SLV,2021-04-12,4.18
El Salvador,SLV,2021-04-13,4.92
El Salvador,SLV,2021-04-14,5.72
El Salvador,SLV,2021-04-15,6.51
El Salvador,SLV,2021-04-16,7.29
El Salvador,SLV,2021-04-17,7.95
El Salvador,SLV,2021-04-19,8.67
El Salvador,SLV,2021-04-20,9.87
El Salvador,SLV,2021-04-22,10.4
El Salvador,SLV,2021-04-23,11.06
El Salvador,SLV,2021-04-26,11.81
El Salvador,SLV,2021-04-27,12.48
El Salvador,SLV,2021-04-28,13.21
El Salvador,SLV,2021-04-29,13.86
El Salvador,SLV,2021-04-30,14.5
El Salvador,SLV,2021-05-04,15.7
El Salvador,SLV,2021-05-05,16.31
El Salvador,SLV,2021-05-06,16.92
El Salvador,SLV,2021-05-07,17.65
El Salvador,SLV,2021-05-11,18.49
El Salvador,SLV,2021-05-13,19.96
El Salvador,SLV,2021-05-14,20.75
El Salvador,SLV,2021-05-15,21.39
El Salvador,SLV,2021-05-17,22.21
El Salvador,SLV,2021-05-18,22.99
El Salvador,SLV,2021-05-19,23.71
El Salvador,SLV,2021-05-20,24.45
El Salvador,SLV,2021-05-21,25.32
El Salvador,SLV,2021-05-22,26.01
El Salvador,SLV,2021-05-24,26.82
El Salvador,SLV,2021-05-25,27.58
El Salvador,SLV,2021-05-26,28.31
El Salvador,SLV,2021-05-27,29.02
El Salvador,SLV,2021-05-31,30.5
El Salvador,SLV,2021-06-01,31.22
El Salvador,SLV,2021-06-02,31.92
El Salvador,SLV,2021-06-07,34.01
El Salvador,SLV,2021-06-09,35.34
El Salvador,SLV,2021-06-11,36.6
El Salvador,SLV,2021-06-15,37.83
El Salvador,SLV,2021-06-16,38.44
El Salvador,SLV,2021-06-18,39.06
El Salvador,SLV,2021-06-21,39.69
El Salvador,SLV,2021-06-22,40.33
El Salvador,SLV,2021-06-23,40.96
El Salvador,SLV,2021-06-25,42.36
El Salvador,SLV,2021-07-01,45.08
El Salvador,SLV,2021-07-02,45.78
El Salvador,SLV,2021-07-06,47.27
El Salvador,SLV,2021-07-08,49.68
El Salvador,SLV,2021-07-09,50.88
El Salvador,SLV,2021-07-12,52.01
El Salvador,SLV,2021-07-13,53.1
El Salvador,SLV,2021-07-14,54.2
El Salvador,SLV,2021-07-16,56.43
El Salvador,SLV,2021-07-19,57.62
El Salvador,SLV,2021-07-20,58.77
El Salvador,SLV,2021-07-21,59.93
El Salvador,SLV,2021-07-22,61.15
El Salvador,SLV,2021-07-23,62.36
El Salvador,SLV,2021-07-26,63.62
El Salvador,SLV,2021-07-27,64.83
El Salvador,SLV,2021-07-28,66.01
El Salvador,SLV,2021-07-29,67.11
El Salvador,SLV,2021-07-30,68.25
El Salvador,SLV,2021-08-02,69.6
El Salvador,SLV,2021-08-03,70.99
El Salvador,SLV,2021-08-04,72.51
El Salvador,SLV,2021-08-05,73.87
El Salvador,SLV,2021-08-09,75.43
El Salvador,SLV,2021-08-10,76.95
El Salvador,SLV,2021-08-11,78.41
El Salvador,SLV,2021-08-12,79.92
El Salvador,SLV,2021-08-13,81.47
El Salvador,SLV,2021-08-16,82.91
El Salvador,SLV,2021-08-17,84.37
El Salvador,SLV,2021-08-18,85.79
El Salvador,SLV,2021-08-19,87.26
El Salvador,SLV,2021-08-20,88.72
El Salvador,SLV,2021-08-23,90.29
El Salvador,SLV,2021-08-24,91.77
El Salvador,SLV,2021-08-25,93.38
El Salvador,SLV,2021-08-27,96.69
El Salvador,SLV,2021-08-30,98.32
El Salvador,SLV,2021-08-31,99.75
El Salvador,SLV,2021-09-02,102.47
El Salvador,SLV,2021-09-03,103.72
El Salvador,SLV,2021-09-06,104.92
El Salvador,SLV,2021-09-07,105.99
El Salvador,SLV,2021-09-09,108.12
El Salvador,SLV,2021-09-10,109.17
El Salvador,SLV,2021-09-13,110.14
El Salvador,SLV,2021-09-14,111.03
El Salvador,SLV,2021-09-16,111.91
El Salvador,SLV,2021-09-19,113.3
El Salvador,SLV,2021-09-21,113.78
El Salvador,SLV,2021-09-22,114.56
El Salvador,SLV,2021-09-23,115.58
El Salvador,SLV,2021-09-26,116.4
El Salvador,SLV,2021-09-27,117.15
El Salvador,SLV,2021-09-29,119.19
El Salvador,SLV,2021-09-30,120.12
El Salvador,SLV,2021-10-03,121.21
El Salvador,SLV,2021-10-04,122.23
El Salvador,SLV,2021-10-05,123.26
El Salvador,SLV,2021-10-06,124.11
El Salvador,SLV,2021-10-07,124.99
El Salvador,SLV,2021-10-10,125.87
El Salvador,SLV,2021-10-11,126.62
El Salvador,SLV,2021-10-12,127.2
El Salvador,SLV,2021-10-13,127.69
El Salvador,SLV,2021-10-14,128.23
El Salvador,SLV,2021-10-17,128.95
El Salvador,SLV,2021-10-18,129.52
El Salvador,SLV,2021-10-25,133.22
El Salvador,SLV,2021-10-28,134.88
El Salvador,SLV,2021-11-03,136.83
El Salvador,SLV,2021-11-04,137.39
El Salvador,SLV,2021-11-08,138.67
El Salvador,SLV,2021-11-09,139.18
El Salvador,SLV,2021-11-10,139.66
El Salvador,SLV,2021-11-11,140.18
El Salvador,SLV,2021-11-14,140.77
El Salvador,SLV,2021-11-16,141.68
El Salvador,SLV,2021-11-21,142.94
El Salvador,SLV,2021-11-22,143.37
El Salvador,SLV,2021-11-23,143.71
El Salvador,SLV,2021-11-24,144.46
El Salvador,SLV,2021-11-28,144.82
El Salvador,SLV,2021-11-30,145.39
El Salvador,SLV,2021-12-05,146.35
El Salvador,SLV,2021-12-06,146.66
El Salvador,SLV,2021-12-07,147.01
El Salvador,SLV,2021-12-08,147.37
El Salvador,SLV,2021-12-12,148.31
El Salvador,SLV,2021-12-13,148.79
El Salvador,SLV,2021-12-16,149.92
El Salvador,SLV,2021-12-20,150.51
El Salvador,SLV,2021-12-21,150.91
El Salvador,SLV,2021-12-22,151.31
El Salvador,SLV,2021-12-30,152.37
El Salvador,SLV,2022-01-04,152.85
El Salvador,SLV,2022-01-20,156.7
El Salvador,SLV,2022-01-24,157.16
El Salvador,SLV,2022-01-25,157.36
El Salvador,SLV,2022-01-27,157.85
El Salvador,SLV,2022-01-30,158.03
El Salvador,SLV,2022-02-10,159.72
El Salvador,SLV,2022-02-13,159.87
El Salvador,SLV,2022-02-15,160.14
El Salvador,SLV,2022-02-27,161.6
El Salvador,SLV,2022-02-28,162.08
El Salvador,SLV,2022-03-14,162.94
El Salvador,SLV,2022-03-17,163.24
El Salvador,SLV,2022-03-18,163.36
El Salvador,SLV,2022-03-23,164.26
El Salvador,SLV,2022-03-24,165
El Salvador,SLV,2022-04-01,166.54
El Salvador,SLV,2022-04-04,166.82
El Salvador,SLV,2022-04-18,168.2
El Salvador,SLV,2022-04-26,169.15
El Salvador,SLV,2022-05-20,170.84
El Salvador,SLV,2022-05-26,171.18
El Salvador,SLV,2022-05-30,171.36
El Salvador,SLV,2022-06-03,171.6
El Salvador,SLV,2022-06-07,171.73
El Salvador,SLV,2022-06-16,172.24
El Salvador,SLV,2022-06-21,172.52
El Salvador,SLV,2022-06-29,173.56
El Salvador,SLV,2022-07-08,174.19
El Salvador,SLV,2022-07-26,176.24
England,,2021-01-10,4.13
England,,2021-01-11,4.38
England,,2021-01-12,4.71
England,,2021-01-13,5.15
England,,2021-01-14,5.64
England,,2021-01-15,6.21
England,,2021-01-16,6.7
England,,2021-01-17,6.98
England,,2021-01-18,7.28
England,,2021-01-19,7.82
England,,2021-01-20,8.38
England,,2021-01-21,9.02
England,,2021-01-22,9.77
England,,2021-01-23,10.56
England,,2021-01-24,10.91
England,,2021-01-25,11.33
England,,2021-01-26,11.79
England,,2021-01-27,12.23
England,,2021-01-28,12.84
England,,2021-01-29,13.62
England,,2021-01-30,14.59
England,,2021-01-31,15.11
England,,2021-02-01,15.61
England,,2021-02-02,16.14
England,,2021-02-03,16.81
England,,2021-02-04,17.5
England,,2021-02-05,18.22
England,,2021-02-06,19.03
England,,2021-02-07,19.44
England,,2021-02-08,19.89
England,,2021-02-09,20.44
England,,2021-02-10,21.05
England,,2021-02-11,21.74
England,,2021-02-12,22.52
England,,2021-02-13,23.28
England,,2021-02-14,23.61
England,,2021-02-15,24.01
England,,2021-02-16,24.56
England,,2021-02-17,25.32
England,,2021-02-18,26.03
England,,2021-02-19,26.61
England,,2021-02-20,27.15
England,,2021-02-21,27.36
England,,2021-02-22,27.64
England,,2021-02-23,28.16
England,,2021-02-24,28.89
England,,2021-02-25,29.68
England,,2021-02-26,30.51
England,,2021-02-27,31.2
England,,2021-02-28,31.5
England,,2021-03-01,31.81
England,,2021-03-02,32.17
England,,2021-03-03,32.66
England,,2021-03-04,33.31
England,,2021-03-05,34.06
England,,2021-03-06,34.77
England,,2021-03-07,35.04
England,,2021-03-08,35.4
England,,2021-03-09,35.81
England,,2021-03-10,36.3
England,,2021-03-11,36.79
England,,2021-03-12,37.47
England,,2021-03-13,38.34
England,,2021-03-14,38.76
England,,2021-03-15,39.41
England,,2021-03-16,40.17
England,,2021-03-17,41.03
England,,2021-03-18,42.01
England,,2021-03-19,43.14
England,,2021-03-20,44.48
England,,2021-03-21,45.05
England,,2021-03-22,45.66
England,,2021-03-23,46.38
England,,2021-03-24,47.23
England,,2021-03-25,48.04
England,,2021-03-26,49.09
England,,2021-03-27,50.1
England,,2021-03-28,50.77
England,,2021-03-29,51.34
England,,2021-03-30,52.07
England,,2021-03-31,53
England,,2021-04-01,53.95
England,,2021-04-02,54.45
England,,2021-04-03,54.86
England,,2021-04-04,54.98
England,,2021-04-05,55.11
England,,2021-04-06,55.49
England,,2021-04-07,56.25
England,,2021-04-08,57.07
England,,2021-04-09,57.89
England,,2021-04-10,58.8
England,,2021-04-11,59.14
England,,2021-04-12,59.48
England,,2021-04-13,60.01
England,,2021-04-14,60.67
England,,2021-04-15,61.47
England,,2021-04-16,62.44
England,,2021-04-17,63.45
England,,2021-04-18,63.92
England,,2021-04-19,64.45
England,,2021-04-20,65.09
England,,2021-04-21,65.85
England,,2021-04-22,66.64
England,,2021-04-23,67.53
England,,2021-04-24,68.6
England,,2021-04-25,69.11
England,,2021-04-26,69.67
England,,2021-04-27,70.38
England,,2021-04-28,71.25
England,,2021-04-29,72.15
England,,2021-04-30,72.99
England,,2021-05-01,73.79
England,,2021-05-02,74.16
England,,2021-05-03,74.44
England,,2021-05-04,74.99
England,,2021-05-05,75.8
England,,2021-05-06,76.72
England,,2021-05-07,77.64
England,,2021-05-08,78.6
England,,2021-05-09,79.02
England,,2021-05-10,79.49
England,,2021-05-11,80.21
England,,2021-05-12,81.18
England,,2021-05-13,82.16
England,,2021-05-14,83.1
England,,2021-05-15,84.09
England,,2021-05-16,84.55
England,,2021-05-17,85.08
England,,2021-05-18,85.83
England,,2021-05-19,86.79
England,,2021-05-20,87.86
England,,2021-05-21,88.85
England,,2021-05-22,90.07
England,,2021-05-23,90.64
England,,2021-05-24,91.3
England,,2021-05-25,92.16
England,,2021-05-26,93.17
England,,2021-05-27,94.23
England,,2021-05-28,95.21
England,,2021-05-29,96.16
England,,2021-05-30,96.65
England,,2021-05-31,97.05
England,,2021-06-01,97.68
England,,2021-06-02,98.43
England,,2021-06-03,99.26
England,,2021-06-04,100.09
England,,2021-06-05,101.14
England,,2021-06-06,101.7
England,,2021-06-07,102.29
England,,2021-06-08,102.93
England,,2021-06-09,103.64
England,,2021-06-10,104.39
England,,2021-06-11,105.15
England,,2021-06-12,106.04
England,,2021-06-13,106.53
England,,2021-06-14,107.04
England,,2021-06-15,107.63
England,,2021-06-16,108.25
England,,2021-06-17,108.94
England,,2021-06-18,109.58
England,,2021-06-19,110.37
England,,2021-06-20,110.76
England,,2021-06-22,111.62
England,,2021-06-23,112.18
England,,2021-06-24,112.78
England,,2021-06-25,113.33
England,,2021-06-26,114.01
England,,2021-06-27,114.4
England,,2021-06-28,114.77
England,,2021-06-29,115.18
England,,2021-06-30,115.64
England,,2021-07-01,116.15
England,,2021-07-02,116.59
England,,2021-07-03,117.1
England,,2021-07-04,117.36
England,,2021-07-05,117.67
England,,2021-07-06,117.99
England,,2021-07-07,118.34
England,,2021-07-08,118.73
England,,2021-07-09,119.12
England,,2021-07-10,119.57
England,,2021-07-11,119.78
England,,2021-07-12,120.03
England,,2021-07-13,120.34
England,,2021-07-14,120.7
England,,2021-07-15,121.09
England,,2021-07-16,121.46
England,,2021-07-17,121.92
England,,2021-07-18,122.15
England,,2021-07-19,122.41
England,,2021-07-20,122.69
England,,2021-07-21,123.02
England,,2021-07-22,123.36
England,,2021-07-23,123.7
England,,2021-07-24,124.09
England,,2021-07-25,124.29
England,,2021-07-26,124.54
England,,2021-07-27,124.8
England,,2021-07-28,125.09
England,,2021-07-29,125.41
England,,2021-07-30,125.72
England,,2021-07-31,126.1
England,,2021-08-01,126.29
England,,2021-08-02,126.5
England,,2021-08-03,126.74
England,,2021-08-04,127.02
England,,2021-08-05,127.33
England,,2021-08-06,127.62
England,,2021-08-07,128.01
England,,2021-08-08,128.2
England,,2021-08-09,128.44
England,,2021-08-10,128.71
England,,2021-08-11,129.03
England,,2021-08-12,129.38
England,,2021-08-13,129.69
England,,2021-08-14,130.07
England,,2021-08-15,130.29
England,,2021-08-16,130.55
England,,2021-08-17,130.83
England,,2021-08-18,131.16
England,,2021-08-19,131.51
England,,2021-08-20,131.86
England,,2021-08-21,132.28
England,,2021-08-22,132.51
England,,2021-08-23,132.77
England,,2021-08-24,133.05
England,,2021-08-25,133.4
England,,2021-08-26,133.71
England,,2021-08-27,133.98
England,,2021-08-28,134.25
England,,2021-08-29,134.4
England,,2021-08-30,134.52
England,,2021-08-31,134.77
England,,2021-09-01,135.02
England,,2021-09-02,135.26
England,,2021-09-03,135.49
England,,2021-09-04,135.75
England,,2021-09-05,135.89
England,,2021-09-06,136.04
England,,2021-09-07,136.21
England,,2021-09-08,136.38
England,,2021-09-09,136.57
England,,2021-09-10,136.75
England,,2021-09-11,136.94
England,,2021-09-12,137.04
England,,2021-09-13,137.17
England,,2021-09-14,137.3
England,,2021-09-15,137.43
England,,2021-09-16,137.57
England,,2021-09-17,137.7
England,,2021-09-18,137.85
England,,2021-09-19,137.93
England,,2021-09-20,138.03
England,,2021-09-21,138.13
England,,2021-09-22,138.23
England,,2021-09-23,138.34
England,,2021-09-24,138.45
England,,2021-09-25,138.56
England,,2021-09-26,138.61
England,,2021-09-27,138.7
England,,2021-09-28,138.8
England,,2021-09-29,138.9
England,,2021-09-30,140.53
England,,2021-10-01,140.91
England,,2021-10-02,141.34
England,,2021-10-03,141.55
England,,2021-10-04,141.87
England,,2021-10-05,142.24
England,,2021-10-06,142.61
England,,2021-10-07,143.01
England,,2021-10-08,143.41
England,,2021-10-09,143.93
England,,2021-10-10,144.14
England,,2021-10-11,144.43
England,,2021-10-12,144.81
England,,2021-10-13,145.25
England,,2021-10-14,145.74
England,,2021-10-15,146.19
England,,2021-10-16,146.79
England,,2021-10-17,147.01
England,,2021-10-18,147.37
England,,2021-10-19,147.83
England,,2021-10-20,148.34
England,,2021-10-21,148.91
England,,2021-10-22,149.46
England,,2021-10-23,150.14
England,,2021-10-24,150.45
England,,2021-10-25,150.87
England,,2021-10-26,151.35
England,,2021-10-27,151.87
England,,2021-10-28,152.42
England,,2021-10-29,152.94
England,,2021-10-30,153.62
England,,2021-10-31,153.91
England,,2021-11-01,154.35
England,,2021-11-02,154.89
England,,2021-11-03,155.47
England,,2021-11-04,156.06
England,,2021-11-05,156.63
England,,2021-11-06,157.39
England,,2021-11-07,157.74
England,,2021-11-08,158.22
England,,2021-11-09,158.81
England,,2021-11-10,159.92
England,,2021-11-11,160.55
England,,2021-11-12,161.17
England,,2021-11-13,161.99
England,,2021-11-14,162.36
England,,2021-11-15,162.85
England,,2021-11-16,163.43
England,,2021-11-17,164.06
England,,2021-11-18,164.7
England,,2021-11-19,165.32
England,,2021-11-20,166.13
England,,2021-11-21,166.5
England,,2021-11-22,167.01
England,,2021-11-23,167.62
England,,2021-11-24,168.25
England,,2021-11-25,168.91
England,,2021-11-26,169.55
England,,2021-11-27,170.39
England,,2021-11-28,170.85
England,,2021-11-29,171.38
England,,2021-11-30,172.05
England,,2021-12-01,172.75
England,,2021-12-02,173.46
England,,2021-12-03,174.13
England,,2021-12-04,174.97
England,,2021-12-05,175.42
England,,2021-12-06,175.97
England,,2021-12-07,176.61
England,,2021-12-08,177.28
England,,2021-12-09,178.07
England,,2021-12-10,178.8
England,,2021-12-11,179.76
England,,2021-12-12,180.42
England,,2021-12-13,181.24
England,,2021-12-14,182.33
England,,2021-12-15,183.54
England,,2021-12-16,184.96
England,,2021-12-17,186.39
England,,2021-12-18,188
England,,2021-12-19,189.4
England,,2021-12-20,190.87
England,,2021-12-21,192.45
England,,2021-12-22,193.83
England,,2021-12-23,194.83
England,,2021-12-24,195.14
England,,2021-12-25,195.16
England,,2021-12-26,195.2
England,,2021-12-27,195.64
England,,2021-12-28,196.18
England,,2021-12-29,196.91
England,,2021-12-30,197.6
England,,2021-12-31,197.91
England,,2022-01-01,197.95
England,,2022-01-02,198.18
England,,2022-01-03,198.46
England,,2022-01-04,198.89
England,,2022-01-05,199.33
England,,2022-01-06,199.75
England,,2022-01-07,200.15
England,,2022-01-08,200.64
England,,2022-01-09,200.92
England,,2022-01-10,201.19
England,,2022-01-11,201.45
England,,2022-01-12,201.69
England,,2022-01-13,201.93
England,,2022-01-14,202.16
England,,2022-01-15,202.43
England,,2022-01-16,202.58
England,,2022-01-17,202.74
England,,2022-01-18,202.92
England,,2022-01-19,203.08
England,,2022-01-20,203.24
England,,2022-01-21,203.42
England,,2022-01-22,203.63
England,,2022-01-23,203.75
England,,2022-01-24,203.9
England,,2022-01-25,204.04
England,,2022-01-26,204.19
England,,2022-01-27,204.33
England,,2022-01-28,204.49
England,,2022-01-29,204.67
England,,2022-01-30,204.77
England,,2022-01-31,204.88
England,,2022-02-01,205
England,,2022-02-02,205.11
England,,2022-02-03,205.23
England,,2022-02-04,205.35
England,,2022-02-05,205.48
England,,2022-02-06,205.54
England,,2022-02-07,205.63
England,,2022-02-08,205.73
England,,2022-02-09,205.83
England,,2022-02-10,205.94
England,,2022-02-11,206.05
England,,2022-02-12,206.18
England,,2022-02-13,206.23
England,,2022-02-14,206.31
England,,2022-02-15,206.4
England,,2022-02-16,206.5
England,,2022-02-17,206.59
England,,2022-02-18,206.65
England,,2022-02-19,206.74
England,,2022-02-20,206.79
England,,2022-02-21,206.86
England,,2022-02-22,206.94
England,,2022-02-23,207.02
England,,2022-02-24,207.09
England,,2022-02-25,207.17
England,,2022-02-26,207.25
England,,2022-02-27,207.3
England,,2022-02-28,207.36
England,,2022-03-01,207.42
England,,2022-03-02,207.49
England,,2022-03-03,207.57
England,,2022-03-04,207.64
England,,2022-03-05,207.72
England,,2022-03-06,207.76
England,,2022-03-07,207.81
England,,2022-03-08,207.87
England,,2022-03-09,208.34
England,,2022-03-10,208.4
England,,2022-03-11,208.47
England,,2022-03-12,208.55
England,,2022-03-13,208.59
England,,2022-03-14,208.65
England,,2022-03-15,208.71
England,,2022-03-16,208.77
England,,2022-03-17,208.83
England,,2022-03-18,208.89
England,,2022-03-19,208.97
England,,2022-03-20,209.01
England,,2022-03-21,209.42
England,,2022-03-22,209.54
England,,2022-03-23,209.69
England,,2022-03-24,209.85
England,,2022-03-25,210.02
England,,2022-03-26,210.2
England,,2022-03-27,210.27
England,,2022-03-28,210.42
England,,2022-03-29,210.59
England,,2022-03-30,210.79
England,,2022-03-31,210.99
England,,2022-04-01,211.19
England,,2022-04-02,211.43
England,,2022-04-03,211.53
England,,2022-04-04,211.71
England,,2022-04-05,211.92
England,,2022-04-06,212.14
England,,2022-04-07,212.36
England,,2022-04-08,212.6
England,,2022-04-09,212.92
England,,2022-04-10,213.05
England,,2022-04-11,213.24
England,,2022-04-12,213.48
England,,2022-04-13,213.73
England,,2022-04-14,213.97
England,,2022-04-15,214.06
England,,2022-04-16,214.2
England,,2022-04-17,214.23
England,,2022-04-18,214.27
England,,2022-04-19,214.46
England,,2022-04-20,214.69
England,,2022-04-21,214.91
England,,2022-04-22,215.12
England,,2022-04-23,215.48
England,,2022-04-24,215.59
England,,2022-04-25,215.76
England,,2022-04-26,215.95
England,,2022-04-27,216.16
England,,2022-04-28,216.36
England,,2022-04-29,216.55
England,,2022-04-30,216.79
England,,2022-05-01,216.86
England,,2022-05-02,216.89
England,,2022-05-03,217.02
England,,2022-05-04,217.19
England,,2022-05-05,217.35
England,,2022-05-06,217.51
England,,2022-05-07,217.72
England,,2022-05-08,217.79
England,,2022-05-09,217.91
England,,2022-05-10,218.06
England,,2022-05-11,218.2
England,,2022-05-12,218.35
England,,2022-05-13,218.47
England,,2022-05-14,218.63
England,,2022-05-15,218.69
England,,2022-05-16,218.78
England,,2022-05-17,218.89
England,,2022-05-18,219
England,,2022-05-19,219.12
England,,2022-05-20,219.23
England,,2022-05-21,219.37
England,,2022-05-22,219.41
England,,2022-05-23,219.5
England,,2022-05-24,219.59
England,,2022-05-25,219.69
England,,2022-05-26,219.82
England,,2022-05-27,219.91
England,,2022-05-28,220.01
England,,2022-05-29,220.05
England,,2022-05-30,220.13
England,,2022-05-31,220.22
England,,2022-06-01,220.3
England,,2022-06-02,220.31
England,,2022-06-03,220.32
England,,2022-06-04,220.36
England,,2022-06-05,220.38
England,,2022-06-06,220.43
England,,2022-06-07,220.49
England,,2022-06-08,220.56
England,,2022-06-09,220.63
England,,2022-06-10,220.69
England,,2022-06-11,220.77
England,,2022-06-12,220.81
England,,2022-06-13,220.85
England,,2022-06-14,220.9
England,,2022-06-15,220.95
England,,2022-06-16,221.01
England,,2022-06-17,221.05
England,,2022-06-18,221.12
England,,2022-06-19,221.15
England,,2022-06-20,221.32
England,,2022-06-21,221.37
England,,2022-06-22,221.43
England,,2022-06-23,221.48
England,,2022-06-24,221.53
England,,2022-06-25,221.62
England,,2022-06-26,221.65
England,,2022-06-27,221.7
England,,2022-06-28,221.76
England,,2022-06-29,221.82
England,,2022-06-30,221.97
England,,2022-07-01,222.02
England,,2022-07-02,222.11
England,,2022-07-03,222.14
England,,2022-07-04,222.19
England,,2022-07-05,222.24
England,,2022-07-06,222.29
England,,2022-07-07,222.35
England,,2022-07-08,222.4
England,,2022-07-09,222.48
England,,2022-07-10,222.51
England,,2022-07-11,222.55
England,,2022-07-12,222.6
England,,2022-07-13,222.65
England,,2022-07-14,222.69
England,,2022-07-15,222.74
England,,2022-07-16,222.82
England,,2022-07-17,222.85
England,,2022-07-18,222.89
England,,2022-07-19,222.91
England,,2022-07-20,222.96
England,,2022-07-21,223
England,,2022-07-22,223.04
England,,2022-07-23,223.11
England,,2022-07-24,223.14
England,,2022-07-25,223.18
England,,2022-07-26,223.22
England,,2022-07-27,223.26
England,,2022-07-28,223.3
England,,2022-07-29,223.34
England,,2022-07-30,223.39
England,,2022-07-31,223.42
England,,2022-08-01,223.45
England,,2022-08-02,223.48
Equatorial Guinea,GNQ,2021-03-16,0.4
Equatorial Guinea,GNQ,2021-03-29,0.74
Equatorial Guinea,GNQ,2021-04-01,0.86
Equatorial Guinea,GNQ,2021-04-16,2.01
Equatorial Guinea,GNQ,2021-04-20,2.78
Equatorial Guinea,GNQ,2021-04-22,3.41
Equatorial Guinea,GNQ,2021-04-28,4.62
Equatorial Guinea,GNQ,2021-05-18,10.75
Equatorial Guinea,GNQ,2021-05-22,11.81
Equatorial Guinea,GNQ,2021-05-25,12.64
Equatorial Guinea,GNQ,2021-05-28,13.44
Equatorial Guinea,GNQ,2021-05-31,13.74
Equatorial Guinea,GNQ,2021-06-03,14.45
Equatorial Guinea,GNQ,2021-06-10,15.13
Equatorial Guinea,GNQ,2021-06-12,15.18
Equatorial Guinea,GNQ,2021-06-15,15.6
Equatorial Guinea,GNQ,2021-06-17,15.73
Equatorial Guinea,GNQ,2021-06-23,15.88
Equatorial Guinea,GNQ,2021-06-25,15.94
Equatorial Guinea,GNQ,2021-06-28,16.2
Equatorial Guinea,GNQ,2021-06-30,16.22
Equatorial Guinea,GNQ,2021-07-02,16.52
Equatorial Guinea,GNQ,2021-07-05,16.57
Equatorial Guinea,GNQ,2021-07-07,16.95
Equatorial Guinea,GNQ,2021-07-10,17.07
Equatorial Guinea,GNQ,2021-07-13,17.08
Equatorial Guinea,GNQ,2021-07-17,17.65
Equatorial Guinea,GNQ,2021-07-21,17.97
Equatorial Guinea,GNQ,2021-07-24,18.44
Equatorial Guinea,GNQ,2021-07-29,18.74
Equatorial Guinea,GNQ,2021-08-02,18.9
Equatorial Guinea,GNQ,2021-08-04,19.08
Equatorial Guinea,GNQ,2021-08-07,19.23
Equatorial Guinea,GNQ,2021-08-12,19.73
Equatorial Guinea,GNQ,2021-08-16,19.91
Equatorial Guinea,GNQ,2021-08-18,20.14
Equatorial Guinea,GNQ,2021-08-21,20.3
Equatorial Guinea,GNQ,2021-08-24,20.59
Equatorial Guinea,GNQ,2021-08-27,21.15
Equatorial Guinea,GNQ,2021-09-02,21.64
Equatorial Guinea,GNQ,2021-09-04,22.05
Equatorial Guinea,GNQ,2021-09-08,22.27
Equatorial Guinea,GNQ,2021-09-10,22.44
Equatorial Guinea,GNQ,2021-09-13,22.65
Equatorial Guinea,GNQ,2021-09-20,23.36
Equatorial Guinea,GNQ,2021-09-30,24.29
Equatorial Guinea,GNQ,2021-10-06,24.71
Equatorial Guinea,GNQ,2021-10-09,25.09
Equatorial Guinea,GNQ,2021-10-12,25.36
Equatorial Guinea,GNQ,2021-10-16,25.66
Equatorial Guinea,GNQ,2021-10-19,25.87
Equatorial Guinea,GNQ,2021-10-21,25.98
Equatorial Guinea,GNQ,2021-10-27,26.19
Equatorial Guinea,GNQ,2021-10-29,26.37
Equatorial Guinea,GNQ,2021-10-30,26.41
Equatorial Guinea,GNQ,2021-11-03,26.5
Equatorial Guinea,GNQ,2021-11-06,26.7
Equatorial Guinea,GNQ,2021-11-10,26.83
Equatorial Guinea,GNQ,2021-11-15,26.94
Equatorial Guinea,GNQ,2021-11-17,26.99
Equatorial Guinea,GNQ,2021-11-19,27.09
Equatorial Guinea,GNQ,2021-11-22,27.11
Equatorial Guinea,GNQ,2021-11-25,27.23
Equatorial Guinea,GNQ,2021-11-29,27.27
Equatorial Guinea,GNQ,2021-12-01,27.33
Equatorial Guinea,GNQ,2021-12-14,27.44
Equatorial Guinea,GNQ,2021-12-16,27.69
Equatorial Guinea,GNQ,2021-12-22,27.7
Equatorial Guinea,GNQ,2022-01-08,27.75
Equatorial Guinea,GNQ,2022-01-18,27.88
Equatorial Guinea,GNQ,2022-02-26,28.36
Equatorial Guinea,GNQ,2022-03-05,28.6
Equatorial Guinea,GNQ,2022-03-26,28.96
Equatorial Guinea,GNQ,2022-04-16,29.17
Equatorial Guinea,GNQ,2022-05-02,29.37
Equatorial Guinea,GNQ,2022-05-29,29.37
Equatorial Guinea,GNQ,2022-06-05,29.37
Equatorial Guinea,GNQ,2022-06-19,29.65
Equatorial Guinea,GNQ,2022-06-26,29.65
Estonia,EST,2020-12-27,0.01
Estonia,EST,2020-12-28,0.04
Estonia,EST,2020-12-29,0.07
Estonia,EST,2020-12-30,0.14
Estonia,EST,2020-12-31,0.19
Estonia,EST,2021-01-02,0.19
Estonia,EST,2021-01-03,0.19
Estonia,EST,2021-01-04,0.24
Estonia,EST,2021-01-05,0.37
Estonia,EST,2021-01-06,0.5
Estonia,EST,2021-01-07,0.6
Estonia,EST,2021-01-08,0.76
Estonia,EST,2021-01-09,0.8
Estonia,EST,2021-01-10,0.82
Estonia,EST,2021-01-11,0.89
Estonia,EST,2021-01-12,1
Estonia,EST,2021-01-13,1.11
Estonia,EST,2021-01-14,1.24
Estonia,EST,2021-01-15,1.34
Estonia,EST,2021-01-16,1.36
Estonia,EST,2021-01-17,1.36
Estonia,EST,2021-01-18,1.44
Estonia,EST,2021-01-19,1.53
Estonia,EST,2021-01-20,1.64
Estonia,EST,2021-01-21,1.8
Estonia,EST,2021-01-22,1.92
Estonia,EST,2021-01-23,1.94
Estonia,EST,2021-01-24,1.95
Estonia,EST,2021-01-25,2.03
Estonia,EST,2021-01-26,2.21
Estonia,EST,2021-01-27,2.37
Estonia,EST,2021-01-28,2.56
Estonia,EST,2021-01-29,2.8
Estonia,EST,2021-01-30,2.86
Estonia,EST,2021-01-31,2.9
Estonia,EST,2021-02-01,3.02
Estonia,EST,2021-02-02,3.23
Estonia,EST,2021-02-03,3.47
Estonia,EST,2021-02-04,3.74
Estonia,EST,2021-02-05,3.97
Estonia,EST,2021-02-06,4.01
Estonia,EST,2021-02-07,4.02
Estonia,EST,2021-02-08,4.14
Estonia,EST,2021-02-09,4.38
Estonia,EST,2021-02-10,4.64
Estonia,EST,2021-02-11,4.95
Estonia,EST,2021-02-12,5.12
Estonia,EST,2021-02-13,5.14
Estonia,EST,2021-02-14,5.15
Estonia,EST,2021-02-15,5.21
Estonia,EST,2021-02-16,5.39
Estonia,EST,2021-02-17,5.72
Estonia,EST,2021-02-18,6.19
Estonia,EST,2021-02-19,6.55
Estonia,EST,2021-02-20,6.61
Estonia,EST,2021-02-21,6.67
Estonia,EST,2021-02-22,6.9
Estonia,EST,2021-02-23,7.25
Estonia,EST,2021-02-24,7.29
Estonia,EST,2021-02-25,7.78
Estonia,EST,2021-02-26,8.35
Estonia,EST,2021-02-27,8.46
Estonia,EST,2021-02-28,8.48
Estonia,EST,2021-03-01,8.74
Estonia,EST,2021-03-02,9.14
Estonia,EST,2021-03-03,9.54
Estonia,EST,2021-03-04,10.11
Estonia,EST,2021-03-05,10.65
Estonia,EST,2021-03-06,10.93
Estonia,EST,2021-03-07,11
Estonia,EST,2021-03-08,11.28
Estonia,EST,2021-03-09,11.66
Estonia,EST,2021-03-10,12.15
Estonia,EST,2021-03-11,12.98
Estonia,EST,2021-03-12,13.56
Estonia,EST,2021-03-13,13.97
Estonia,EST,2021-03-14,14.37
Estonia,EST,2021-03-15,14.64
Estonia,EST,2021-03-16,14.99
Estonia,EST,2021-03-17,15.39
Estonia,EST,2021-03-18,15.95
Estonia,EST,2021-03-19,16.6
Estonia,EST,2021-03-20,16.77
Estonia,EST,2021-03-21,16.87
Estonia,EST,2021-03-22,17.06
Estonia,EST,2021-03-23,17.28
Estonia,EST,2021-03-24,17.71
Estonia,EST,2021-03-25,18.46
Estonia,EST,2021-03-26,18.96
Estonia,EST,2021-03-27,19.14
Estonia,EST,2021-03-28,19.18
Estonia,EST,2021-03-29,19.36
Estonia,EST,2021-03-30,19.62
Estonia,EST,2021-03-31,20.07
Estonia,EST,2021-04-01,20.97
Estonia,EST,2021-04-02,21.27
Estonia,EST,2021-04-03,21.9
Estonia,EST,2021-04-04,22.21
Estonia,EST,2021-04-05,22.48
Estonia,EST,2021-04-06,22.75
Estonia,EST,2021-04-07,23.2
Estonia,EST,2021-04-08,24.17
Estonia,EST,2021-04-09,24.97
Estonia,EST,2021-04-10,25.1
Estonia,EST,2021-04-11,25.12
Estonia,EST,2021-04-12,25.26
Estonia,EST,2021-04-13,25.48
Estonia,EST,2021-04-14,26.02
Estonia,EST,2021-04-15,26.96
Estonia,EST,2021-04-16,27.83
Estonia,EST,2021-04-17,27.99
Estonia,EST,2021-04-18,28.09
Estonia,EST,2021-04-19,28.29
Estonia,EST,2021-04-20,28.61
Estonia,EST,2021-04-21,28.99
Estonia,EST,2021-04-22,29.86
Estonia,EST,2021-04-23,30.53
Estonia,EST,2021-04-24,30.76
Estonia,EST,2021-04-25,30.94
Estonia,EST,2021-04-26,31.19
Estonia,EST,2021-04-27,31.7
Estonia,EST,2021-04-28,32.55
Estonia,EST,2021-04-29,33.66
Estonia,EST,2021-04-30,34.55
Estonia,EST,2021-05-01,34.78
Estonia,EST,2021-05-02,34.96
Estonia,EST,2021-05-03,35.39
Estonia,EST,2021-05-04,36.05
Estonia,EST,2021-05-05,37.03
Estonia,EST,2021-05-06,38.35
Estonia,EST,2021-05-07,39.39
Estonia,EST,2021-05-08,39.8
Estonia,EST,2021-05-09,40.04
Estonia,EST,2021-05-10,40.37
Estonia,EST,2021-05-11,40.83
Estonia,EST,2021-05-12,41.6
Estonia,EST,2021-05-13,42.57
Estonia,EST,2021-05-14,43.23
Estonia,EST,2021-05-15,43.49
Estonia,EST,2021-05-16,43.56
Estonia,EST,2021-05-17,44.08
Estonia,EST,2021-05-18,44.68
Estonia,EST,2021-05-19,45.35
Estonia,EST,2021-05-20,46.46
Estonia,EST,2021-05-21,47.54
Estonia,EST,2021-05-22,47.9
Estonia,EST,2021-05-23,48.18
Estonia,EST,2021-05-24,48.6
Estonia,EST,2021-05-25,49.12
Estonia,EST,2021-05-26,49.98
Estonia,EST,2021-05-27,51.2
Estonia,EST,2021-05-28,52.14
Estonia,EST,2021-05-29,52.53
Estonia,EST,2021-05-30,52.87
Estonia,EST,2021-05-31,53.15
Estonia,EST,2021-06-01,53.8
Estonia,EST,2021-06-02,54.62
Estonia,EST,2021-06-03,55.68
Estonia,EST,2021-06-04,56.55
Estonia,EST,2021-06-05,56.94
Estonia,EST,2021-06-06,57.34
Estonia,EST,2021-06-07,57.81
Estonia,EST,2021-06-08,58.53
Estonia,EST,2021-06-09,59.54
Estonia,EST,2021-06-10,60.67
Estonia,EST,2021-06-11,61.56
Estonia,EST,2021-06-12,62.07
Estonia,EST,2021-06-13,62.42
Estonia,EST,2021-06-14,63
Estonia,EST,2021-06-15,63.8
Estonia,EST,2021-06-16,64.79
Estonia,EST,2021-06-17,65.85
Estonia,EST,2021-06-18,66.91
Estonia,EST,2021-06-19,67.38
Estonia,EST,2021-06-20,67.69
Estonia,EST,2021-06-21,68.34
Estonia,EST,2021-06-22,68.78
Estonia,EST,2021-06-23,68.79
Estonia,EST,2021-06-24,68.8
Estonia,EST,2021-06-25,69.37
Estonia,EST,2021-06-26,69.71
Estonia,EST,2021-06-27,70.04
Estonia,EST,2021-06-28,70.61
Estonia,EST,2021-06-29,71.24
Estonia,EST,2021-06-30,71.91
Estonia,EST,2021-07-01,72.46
Estonia,EST,2021-07-02,73.02
Estonia,EST,2021-07-03,73.4
Estonia,EST,2021-07-04,73.81
Estonia,EST,2021-07-05,74.16
Estonia,EST,2021-07-06,74.79
Estonia,EST,2021-07-07,75.28
Estonia,EST,2021-07-08,75.9
Estonia,EST,2021-07-09,76.39
Estonia,EST,2021-07-10,76.64
Estonia,EST,2021-07-11,77
Estonia,EST,2021-07-12,77.33
Estonia,EST,2021-07-13,77.83
Estonia,EST,2021-07-14,78.37
Estonia,EST,2021-07-15,78.93
Estonia,EST,2021-07-16,79.31
Estonia,EST,2021-07-17,79.45
Estonia,EST,2021-07-18,79.78
Estonia,EST,2021-07-19,80.22
Estonia,EST,2021-07-20,80.83
Estonia,EST,2021-07-21,81.35
Estonia,EST,2021-07-22,81.93
Estonia,EST,2021-07-23,82.49
Estonia,EST,2021-07-24,82.74
Estonia,EST,2021-07-25,82.99
Estonia,EST,2021-07-26,83.41
Estonia,EST,2021-07-27,83.87
Estonia,EST,2021-07-28,84.28
Estonia,EST,2021-07-29,84.68
Estonia,EST,2021-07-30,85.06
Estonia,EST,2021-07-31,85.29
Estonia,EST,2021-08-01,85.5
Estonia,EST,2021-08-02,85.94
Estonia,EST,2021-08-03,86.41
Estonia,EST,2021-08-04,86.88
Estonia,EST,2021-08-05,87.28
Estonia,EST,2021-08-06,87.79
Estonia,EST,2021-08-07,88.06
Estonia,EST,2021-08-08,88.21
Estonia,EST,2021-08-09,88.63
Estonia,EST,2021-08-10,89.09
Estonia,EST,2021-08-11,89.52
Estonia,EST,2021-08-12,89.95
Estonia,EST,2021-08-13,90.4
Estonia,EST,2021-08-14,90.74
Estonia,EST,2021-08-15,90.92
Estonia,EST,2021-08-16,91.33
Estonia,EST,2021-08-17,91.7
Estonia,EST,2021-08-18,92.09
Estonia,EST,2021-08-19,92.53
Estonia,EST,2021-08-20,92.64
Estonia,EST,2021-08-21,92.85
Estonia,EST,2021-08-22,92.95
Estonia,EST,2021-08-23,93.26
Estonia,EST,2021-08-24,93.58
Estonia,EST,2021-08-25,93.92
Estonia,EST,2021-08-26,94.2
Estonia,EST,2021-08-27,94.56
Estonia,EST,2021-08-28,94.84
Estonia,EST,2021-08-29,95.12
Estonia,EST,2021-08-30,95.41
Estonia,EST,2021-08-31,95.79
Estonia,EST,2021-09-01,95.97
Estonia,EST,2021-09-02,96.23
Estonia,EST,2021-09-03,96.48
Estonia,EST,2021-09-04,96.72
Estonia,EST,2021-09-05,96.9
Estonia,EST,2021-09-06,97.18
Estonia,EST,2021-09-07,97.45
Estonia,EST,2021-09-08,97.7
Estonia,EST,2021-09-09,97.96
Estonia,EST,2021-09-10,98.24
Estonia,EST,2021-09-11,98.44
Estonia,EST,2021-09-12,98.6
Estonia,EST,2021-09-13,98.89
Estonia,EST,2021-09-14,99.2
Estonia,EST,2021-09-15,99.49
Estonia,EST,2021-09-16,99.78
Estonia,EST,2021-09-17,100.09
Estonia,EST,2021-09-18,100.32
Estonia,EST,2021-09-19,100.45
Estonia,EST,2021-09-20,100.68
Estonia,EST,2021-09-21,100.99
Estonia,EST,2021-09-22,101.29
Estonia,EST,2021-09-23,101.6
Estonia,EST,2021-09-24,101.94
Estonia,EST,2021-09-25,102.2
Estonia,EST,2021-09-26,102.36
Estonia,EST,2021-09-27,102.48
Estonia,EST,2021-09-28,102.74
Estonia,EST,2021-09-29,102.95
Estonia,EST,2021-09-30,103.17
Estonia,EST,2021-10-01,103.34
Estonia,EST,2021-10-02,103.51
Estonia,EST,2021-10-03,103.56
Estonia,EST,2021-10-04,103.69
Estonia,EST,2021-10-05,103.86
Estonia,EST,2021-10-06,104.02
Estonia,EST,2021-10-07,104.17
Estonia,EST,2021-10-08,104.37
Estonia,EST,2021-10-09,104.53
Estonia,EST,2021-10-10,104.62
Estonia,EST,2021-10-11,104.77
Estonia,EST,2021-10-12,104.97
Estonia,EST,2021-10-13,105.14
Estonia,EST,2021-10-14,105.36
Estonia,EST,2021-10-15,105.64
Estonia,EST,2021-10-16,105.75
Estonia,EST,2021-10-17,105.86
Estonia,EST,2021-10-18,106.07
Estonia,EST,2021-10-19,106.34
Estonia,EST,2021-10-20,106.63
Estonia,EST,2021-10-21,106.97
Estonia,EST,2021-10-22,107.49
Estonia,EST,2021-10-23,107.7
Estonia,EST,2021-10-24,107.82
Estonia,EST,2021-10-25,108.23
Estonia,EST,2021-10-26,108.81
Estonia,EST,2021-10-27,109.46
Estonia,EST,2021-10-28,110.16
Estonia,EST,2021-10-29,110.9
Estonia,EST,2021-10-30,111.07
Estonia,EST,2021-10-31,111.18
Estonia,EST,2021-11-01,111.73
Estonia,EST,2021-11-02,112.47
Estonia,EST,2021-11-03,113.21
Estonia,EST,2021-11-04,114.01
Estonia,EST,2021-11-05,114.9
Estonia,EST,2021-11-06,115.09
Estonia,EST,2021-11-07,115.2
Estonia,EST,2021-11-08,115.68
Estonia,EST,2021-11-09,116.33
Estonia,EST,2021-11-10,116.91
Estonia,EST,2021-11-11,117.44
Estonia,EST,2021-11-12,118.17
Estonia,EST,2021-11-13,118.33
Estonia,EST,2021-11-14,118.41
Estonia,EST,2021-11-15,118.88
Estonia,EST,2021-11-16,119.43
Estonia,EST,2021-11-17,119.98
Estonia,EST,2021-11-18,120.54
Estonia,EST,2021-11-19,121.2
Estonia,EST,2021-11-20,121.36
Estonia,EST,2021-11-21,121.47
Estonia,EST,2021-11-22,121.82
Estonia,EST,2021-11-23,122.32
Estonia,EST,2021-11-24,122.8
Estonia,EST,2021-11-25,123.3
Estonia,EST,2021-11-26,123.86
Estonia,EST,2021-11-27,124.02
Estonia,EST,2021-11-28,124.09
Estonia,EST,2021-11-29,124.44
Estonia,EST,2021-11-30,124.91
Estonia,EST,2021-12-01,125.35
Estonia,EST,2021-12-02,125.86
Estonia,EST,2021-12-03,126.41
Estonia,EST,2021-12-04,126.56
Estonia,EST,2021-12-05,126.62
Estonia,EST,2021-12-06,126.99
Estonia,EST,2021-12-07,127.47
Estonia,EST,2021-12-08,127.94
Estonia,EST,2021-12-09,128.46
Estonia,EST,2021-12-10,129.04
Estonia,EST,2021-12-11,129.22
Estonia,EST,2021-12-12,129.3
Estonia,EST,2021-12-13,129.68
Estonia,EST,2021-12-14,130.18
Estonia,EST,2021-12-15,130.69
Estonia,EST,2021-12-16,131.26
Estonia,EST,2021-12-17,131.9
Estonia,EST,2021-12-18,132.08
Estonia,EST,2021-12-19,132.21
Estonia,EST,2021-12-20,132.68
Estonia,EST,2021-12-21,133.3
Estonia,EST,2021-12-22,133.92
Estonia,EST,2021-12-23,134.17
Estonia,EST,2021-12-24,134.2
Estonia,EST,2021-12-25,134.22
Estonia,EST,2021-12-26,134.26
Estonia,EST,2021-12-27,134.74
Estonia,EST,2021-12-28,135.31
Estonia,EST,2021-12-29,135.77
Estonia,EST,2021-12-30,136.09
Estonia,EST,2021-12-31,136.14
Estonia,EST,2022-01-01,136.16
Estonia,EST,2022-01-02,136.25
Estonia,EST,2022-01-03,136.53
Estonia,EST,2022-01-04,136.94
Estonia,EST,2022-01-05,137.37
Estonia,EST,2022-01-06,137.81
Estonia,EST,2022-01-07,138.27
Estonia,EST,2022-01-08,138.47
Estonia,EST,2022-01-09,138.58
Estonia,EST,2022-01-10,138.9
Estonia,EST,2022-01-11,139.33
Estonia,EST,2022-01-12,139.76
Estonia,EST,2022-01-13,140.21
Estonia,EST,2022-01-14,140.7
Estonia,EST,2022-01-15,140.95
Estonia,EST,2022-01-16,141.04
Estonia,EST,2022-01-17,141.31
Estonia,EST,2022-01-18,141.66
Estonia,EST,2022-01-19,141.97
Estonia,EST,2022-01-20,142.31
Estonia,EST,2022-01-21,142.69
Estonia,EST,2022-01-22,142.85
Estonia,EST,2022-01-23,142.93
Estonia,EST,2022-01-24,143.14
Estonia,EST,2022-01-25,143.39
Estonia,EST,2022-01-26,143.61
Estonia,EST,2022-01-27,143.86
Estonia,EST,2022-01-28,144.14
Estonia,EST,2022-01-29,144.26
Estonia,EST,2022-01-30,144.34
Estonia,EST,2022-01-31,144.51
Estonia,EST,2022-02-01,144.7
Estonia,EST,2022-02-02,144.87
Estonia,EST,2022-02-03,145.03
Estonia,EST,2022-02-04,145.2
Estonia,EST,2022-02-05,145.27
Estonia,EST,2022-02-06,145.31
Estonia,EST,2022-02-07,145.41
Estonia,EST,2022-02-08,145.54
Estonia,EST,2022-02-09,145.65
Estonia,EST,2022-02-10,145.77
Estonia,EST,2022-02-11,145.9
Estonia,EST,2022-02-12,145.95
Estonia,EST,2022-02-13,145.99
Estonia,EST,2022-02-14,146.06
Estonia,EST,2022-02-15,146.16
Estonia,EST,2022-02-16,146.25
Estonia,EST,2022-02-17,146.34
Estonia,EST,2022-02-18,146.46
Estonia,EST,2022-02-19,146.51
Estonia,EST,2022-02-20,146.53
Estonia,EST,2022-02-21,146.62
Estonia,EST,2022-02-22,146.73
Estonia,EST,2022-02-23,146.8
Estonia,EST,2022-02-24,146.81
Estonia,EST,2022-02-25,146.93
Estonia,EST,2022-02-26,146.97
Estonia,EST,2022-02-27,147
Estonia,EST,2022-02-28,147.07
Estonia,EST,2022-03-01,147.15
Estonia,EST,2022-03-02,147.22
Estonia,EST,2022-03-03,147.29
Estonia,EST,2022-03-04,147.38
Estonia,EST,2022-03-05,147.41
Estonia,EST,2022-03-06,147.43
Estonia,EST,2022-03-07,147.49
Estonia,EST,2022-03-08,147.55
Estonia,EST,2022-03-09,147.61
Estonia,EST,2022-03-10,147.67
Estonia,EST,2022-03-11,147.75
Estonia,EST,2022-03-12,147.78
Estonia,EST,2022-03-13,147.79
Estonia,EST,2022-03-14,147.84
Estonia,EST,2022-03-15,147.89
Estonia,EST,2022-03-16,147.93
Estonia,EST,2022-03-17,147.96
Estonia,EST,2022-03-18,148.02
Estonia,EST,2022-03-19,148.04
Estonia,EST,2022-03-20,148.05
Estonia,EST,2022-03-21,148.09
Estonia,EST,2022-03-22,148.13
Estonia,EST,2022-03-23,148.17
Estonia,EST,2022-03-24,148.22
Estonia,EST,2022-03-25,148.27
Estonia,EST,2022-03-26,148.29
Estonia,EST,2022-03-27,148.3
Estonia,EST,2022-03-28,148.34
Estonia,EST,2022-03-29,148.38
Estonia,EST,2022-03-30,148.42
Estonia,EST,2022-03-31,148.47
Estonia,EST,2022-04-01,148.51
Estonia,EST,2022-04-02,148.52
Estonia,EST,2022-04-03,148.53
Estonia,EST,2022-04-04,148.56
Estonia,EST,2022-04-05,148.6
Estonia,EST,2022-04-06,148.63
Estonia,EST,2022-04-07,148.66
Estonia,EST,2022-04-08,148.7
Estonia,EST,2022-04-09,148.72
Estonia,EST,2022-04-10,148.73
Estonia,EST,2022-04-11,148.76
Estonia,EST,2022-04-12,148.8
Estonia,EST,2022-04-13,148.84
Estonia,EST,2022-04-14,148.88
Estonia,EST,2022-04-15,148.89
Estonia,EST,2022-04-16,148.9
Estonia,EST,2022-04-17,148.91
Estonia,EST,2022-04-18,148.94
Estonia,EST,2022-04-19,148.97
Estonia,EST,2022-04-20,149
Estonia,EST,2022-04-21,149.03
Estonia,EST,2022-04-22,149.07
Estonia,EST,2022-04-23,149.08
Estonia,EST,2022-04-24,149.08
Estonia,EST,2022-04-25,149.11
Estonia,EST,2022-04-26,149.14
Estonia,EST,2022-04-27,149.17
Estonia,EST,2022-04-28,149.19
Estonia,EST,2022-04-29,149.22
Estonia,EST,2022-04-30,149.24
Estonia,EST,2022-05-01,149.24
Estonia,EST,2022-05-02,149.27
Estonia,EST,2022-05-03,149.29
Estonia,EST,2022-05-04,149.32
Estonia,EST,2022-05-05,149.34
Estonia,EST,2022-05-06,149.37
Estonia,EST,2022-05-07,149.38
Estonia,EST,2022-05-08,149.38
Estonia,EST,2022-05-09,149.41
Estonia,EST,2022-05-10,149.43
Estonia,EST,2022-05-11,149.46
Estonia,EST,2022-05-12,149.48
Estonia,EST,2022-05-13,149.5
Estonia,EST,2022-05-14,149.51
Estonia,EST,2022-05-15,149.52
Estonia,EST,2022-05-16,149.54
Estonia,EST,2022-05-17,149.55
Estonia,EST,2022-05-18,149.57
Estonia,EST,2022-05-19,149.59
Estonia,EST,2022-05-20,149.61
Estonia,EST,2022-05-21,149.62
Estonia,EST,2022-05-22,149.63
Estonia,EST,2022-05-23,149.65
Estonia,EST,2022-05-24,149.67
Estonia,EST,2022-05-25,149.69
Estonia,EST,2022-05-26,149.7
Estonia,EST,2022-05-27,149.73
Estonia,EST,2022-05-28,149.74
Estonia,EST,2022-05-29,149.74
Estonia,EST,2022-05-30,149.76
Estonia,EST,2022-05-31,149.78
Estonia,EST,2022-06-01,149.79
Estonia,EST,2022-06-02,149.81
Estonia,EST,2022-06-03,149.83
Estonia,EST,2022-06-04,149.83
Estonia,EST,2022-06-05,149.84
Estonia,EST,2022-06-06,149.85
Estonia,EST,2022-06-07,149.86
Estonia,EST,2022-06-08,149.88
Estonia,EST,2022-06-09,149.89
Estonia,EST,2022-06-10,149.91
Estonia,EST,2022-06-11,149.91
Estonia,EST,2022-06-12,149.92
Estonia,EST,2022-06-13,149.93
Estonia,EST,2022-06-14,149.94
Estonia,EST,2022-06-15,149.96
Estonia,EST,2022-06-16,149.97
Estonia,EST,2022-06-17,149.99
Estonia,EST,2022-06-18,149.99
Estonia,EST,2022-06-19,150
Estonia,EST,2022-06-20,150.01
Estonia,EST,2022-06-21,150.03
Estonia,EST,2022-06-22,150.04
Estonia,EST,2022-06-23,150.04
Estonia,EST,2022-06-24,150.04
Estonia,EST,2022-06-25,150.04
Estonia,EST,2022-06-26,150.04
Estonia,EST,2022-06-27,150.06
Estonia,EST,2022-06-28,150.07
Estonia,EST,2022-06-29,150.08
Estonia,EST,2022-06-30,150.09
Estonia,EST,2022-07-01,150.1
Estonia,EST,2022-07-02,150.1
Estonia,EST,2022-07-03,150.11
Estonia,EST,2022-07-04,150.12
Estonia,EST,2022-07-05,150.13
Estonia,EST,2022-07-06,150.15
Estonia,EST,2022-07-07,150.16
Estonia,EST,2022-07-08,150.17
Estonia,EST,2022-07-09,150.18
Estonia,EST,2022-07-10,150.18
Estonia,EST,2022-07-11,150.2
Estonia,EST,2022-07-12,150.21
Estonia,EST,2022-07-13,150.23
Estonia,EST,2022-07-14,150.24
Estonia,EST,2022-07-15,150.27
Estonia,EST,2022-07-16,150.27
Estonia,EST,2022-07-17,150.28
Estonia,EST,2022-07-18,150.31
Estonia,EST,2022-07-19,150.34
Estonia,EST,2022-07-20,150.38
Estonia,EST,2022-07-21,150.42
Estonia,EST,2022-07-22,150.46
Estonia,EST,2022-07-23,150.47
Estonia,EST,2022-07-24,150.47
Estonia,EST,2022-07-25,150.51
Estonia,EST,2022-07-26,150.56
Estonia,EST,2022-07-27,150.62
Estonia,EST,2022-07-28,150.68
Estonia,EST,2022-07-29,150.73
Estonia,EST,2022-07-30,150.74
Estonia,EST,2022-07-31,150.75
Estonia,EST,2022-08-01,150.81
Eswatini,SWZ,2021-03-30,0
Eswatini,SWZ,2021-04-05,1.7
Eswatini,SWZ,2021-04-08,2.31
Eswatini,SWZ,2021-04-19,2.67
Eswatini,SWZ,2021-04-20,2.76
Eswatini,SWZ,2021-04-22,2.79
Eswatini,SWZ,2021-04-23,2.81
Eswatini,SWZ,2021-04-25,2.93
Eswatini,SWZ,2021-05-13,2.95
Eswatini,SWZ,2021-06-23,3.72
Eswatini,SWZ,2021-06-25,3.92
Eswatini,SWZ,2021-06-26,3.99
Eswatini,SWZ,2021-07-06,4.07
Eswatini,SWZ,2021-07-07,4.32
Eswatini,SWZ,2021-07-14,5.04
Eswatini,SWZ,2021-07-18,5.32
Eswatini,SWZ,2021-07-21,5.51
Eswatini,SWZ,2021-08-02,5.57
Eswatini,SWZ,2021-08-03,6.41
Eswatini,SWZ,2021-08-04,7.38
Eswatini,SWZ,2021-08-05,8.72
Eswatini,SWZ,2021-08-06,10.02
Eswatini,SWZ,2021-08-09,11.42
Eswatini,SWZ,2021-08-10,12.51
Eswatini,SWZ,2021-08-11,13.77
Eswatini,SWZ,2021-08-12,15.21
Eswatini,SWZ,2021-09-05,17.49
Eswatini,SWZ,2021-09-08,17.64
Eswatini,SWZ,2021-09-19,19.38
Eswatini,SWZ,2021-09-22,20.09
Eswatini,SWZ,2021-09-24,20.13
Eswatini,SWZ,2021-09-29,20.88
Eswatini,SWZ,2021-10-10,21.69
Eswatini,SWZ,2021-10-11,22.32
Eswatini,SWZ,2021-10-17,22.7
Eswatini,SWZ,2021-10-24,22.94
Eswatini,SWZ,2021-10-29,23.01
Eswatini,SWZ,2021-11-01,23.43
Eswatini,SWZ,2021-11-08,24.04
Eswatini,SWZ,2021-11-11,24.6
Eswatini,SWZ,2021-11-24,25.7
Eswatini,SWZ,2021-12-03,27.48
Eswatini,SWZ,2021-12-08,28.87
Eswatini,SWZ,2021-12-14,31.45
Eswatini,SWZ,2021-12-16,32.32
Eswatini,SWZ,2021-12-23,33.25
Eswatini,SWZ,2021-12-28,33.52
Eswatini,SWZ,2022-01-03,33.92
Eswatini,SWZ,2022-01-05,34.47
Eswatini,SWZ,2022-01-08,35.02
Eswatini,SWZ,2022-01-10,35.08
Eswatini,SWZ,2022-01-13,35.82
Eswatini,SWZ,2022-01-17,36.92
Eswatini,SWZ,2022-01-23,38.59
Eswatini,SWZ,2022-01-25,38.8
Eswatini,SWZ,2022-02-01,39.9
Eswatini,SWZ,2022-02-12,40.78
Eswatini,SWZ,2022-02-21,41.17
Eswatini,SWZ,2022-03-09,42.23
Eswatini,SWZ,2022-03-14,42.49
Eswatini,SWZ,2022-03-20,42.73
Eswatini,SWZ,2022-04-26,44.91
Eswatini,SWZ,2022-05-29,44.91
Eswatini,SWZ,2022-07-03,57.38
Ethiopia,ETH,2021-04-08,0.36
Ethiopia,ETH,2021-04-28,0.89
Ethiopia,ETH,2021-04-29,0.91
Ethiopia,ETH,2021-04-30,0.93
Ethiopia,ETH,2021-05-01,0.94
Ethiopia,ETH,2021-05-02,0.95
Ethiopia,ETH,2021-05-03,0.97
Ethiopia,ETH,2021-05-04,0.99
Ethiopia,ETH,2021-05-05,1.01
Ethiopia,ETH,2021-05-06,1.03
Ethiopia,ETH,2021-05-07,1.07
Ethiopia,ETH,2021-05-08,1.07
Ethiopia,ETH,2021-05-09,1.08
Ethiopia,ETH,2021-05-10,1.08
Ethiopia,ETH,2021-05-11,1.13
Ethiopia,ETH,2021-05-12,1.16
Ethiopia,ETH,2021-05-13,1.18
Ethiopia,ETH,2021-05-14,1.19
Ethiopia,ETH,2021-05-15,1.21
Ethiopia,ETH,2021-05-16,1.21
Ethiopia,ETH,2021-05-17,1.22
Ethiopia,ETH,2021-05-18,1.23
Ethiopia,ETH,2021-05-19,1.25
Ethiopia,ETH,2021-05-20,1.28
Ethiopia,ETH,2021-05-21,1.32
Ethiopia,ETH,2021-05-22,1.34
Ethiopia,ETH,2021-05-23,1.38
Ethiopia,ETH,2021-05-24,1.4
Ethiopia,ETH,2021-05-25,1.43
Ethiopia,ETH,2021-05-26,1.45
Ethiopia,ETH,2021-05-27,1.48
Ethiopia,ETH,2021-05-28,1.49
Ethiopia,ETH,2021-05-29,1.5
Ethiopia,ETH,2021-05-30,1.5
Ethiopia,ETH,2021-05-31,1.51
Ethiopia,ETH,2021-06-01,1.52
Ethiopia,ETH,2021-06-02,1.53
Ethiopia,ETH,2021-06-03,1.54
Ethiopia,ETH,2021-06-04,1.55
Ethiopia,ETH,2021-06-05,1.56
Ethiopia,ETH,2021-06-06,1.57
Ethiopia,ETH,2021-06-07,1.57
Ethiopia,ETH,2021-06-08,1.58
Ethiopia,ETH,2021-06-09,1.58
Ethiopia,ETH,2021-06-10,1.6
Ethiopia,ETH,2021-06-11,1.61
Ethiopia,ETH,2021-06-12,1.61
Ethiopia,ETH,2021-06-13,1.61
Ethiopia,ETH,2021-06-14,1.62
Ethiopia,ETH,2021-06-15,1.63
Ethiopia,ETH,2021-06-16,1.63
Ethiopia,ETH,2021-06-17,1.63
Ethiopia,ETH,2021-06-18,1.64
Ethiopia,ETH,2021-06-19,1.64
Ethiopia,ETH,2021-06-20,1.64
Ethiopia,ETH,2021-06-22,1.65
Ethiopia,ETH,2021-06-23,1.65
Ethiopia,ETH,2021-06-24,1.65
Ethiopia,ETH,2021-06-25,1.65
Ethiopia,ETH,2021-06-26,1.65
Ethiopia,ETH,2021-06-27,1.65
Ethiopia,ETH,2021-06-28,1.67
Ethiopia,ETH,2021-06-29,1.67
Ethiopia,ETH,2021-06-30,1.68
Ethiopia,ETH,2021-07-01,1.68
Ethiopia,ETH,2021-07-02,1.69
Ethiopia,ETH,2021-07-03,1.69
Ethiopia,ETH,2021-07-04,1.69
Ethiopia,ETH,2021-07-05,1.7
Ethiopia,ETH,2021-07-06,1.7
Ethiopia,ETH,2021-07-07,1.71
Ethiopia,ETH,2021-07-08,1.71
Ethiopia,ETH,2021-07-09,1.71
Ethiopia,ETH,2021-07-10,1.71
Ethiopia,ETH,2021-07-11,1.71
Ethiopia,ETH,2021-07-12,1.71
Ethiopia,ETH,2021-07-13,1.72
Ethiopia,ETH,2021-07-14,1.73
Ethiopia,ETH,2021-07-15,1.74
Ethiopia,ETH,2021-07-16,1.76
Ethiopia,ETH,2021-07-17,1.77
Ethiopia,ETH,2021-07-20,1.78
Ethiopia,ETH,2021-07-22,1.79
Ethiopia,ETH,2021-07-23,1.8
Ethiopia,ETH,2021-07-24,1.81
Ethiopia,ETH,2021-07-25,1.81
Ethiopia,ETH,2021-07-26,1.81
Ethiopia,ETH,2021-07-27,1.82
Ethiopia,ETH,2021-07-28,1.83
Ethiopia,ETH,2021-07-29,1.83
Ethiopia,ETH,2021-07-30,1.84
Ethiopia,ETH,2021-07-31,1.84
Ethiopia,ETH,2021-08-02,1.85
Ethiopia,ETH,2021-08-03,1.85
Ethiopia,ETH,2021-08-04,1.87
Ethiopia,ETH,2021-08-05,1.87
Ethiopia,ETH,2021-08-06,1.88
Ethiopia,ETH,2021-08-08,1.89
Ethiopia,ETH,2021-08-09,1.9
Ethiopia,ETH,2021-08-10,1.9
Ethiopia,ETH,2021-08-11,1.91
Ethiopia,ETH,2021-08-12,1.91
Ethiopia,ETH,2021-08-13,1.92
Ethiopia,ETH,2021-08-16,1.92
Ethiopia,ETH,2021-08-17,1.93
Ethiopia,ETH,2021-08-23,1.95
Ethiopia,ETH,2021-08-24,1.98
Ethiopia,ETH,2021-08-25,1.99
Ethiopia,ETH,2021-08-26,1.99
Ethiopia,ETH,2021-08-27,2.02
Ethiopia,ETH,2021-08-28,2.02
Ethiopia,ETH,2021-08-29,2.02
Ethiopia,ETH,2021-08-30,2.04
Ethiopia,ETH,2021-08-31,2.04
Ethiopia,ETH,2021-09-01,2.04
Ethiopia,ETH,2021-09-02,2.07
Ethiopia,ETH,2021-09-03,2.09
Ethiopia,ETH,2021-09-04,2.09
Ethiopia,ETH,2021-09-05,2.1
Ethiopia,ETH,2021-09-06,2.14
Ethiopia,ETH,2021-09-07,2.15
Ethiopia,ETH,2021-09-08,2.21
Ethiopia,ETH,2021-09-09,2.29
Ethiopia,ETH,2021-09-11,2.29
Ethiopia,ETH,2021-09-13,2.35
Ethiopia,ETH,2021-09-14,2.37
Ethiopia,ETH,2021-09-15,2.39
Ethiopia,ETH,2021-09-16,2.43
Ethiopia,ETH,2021-09-17,2.46
Ethiopia,ETH,2021-09-18,2.47
Ethiopia,ETH,2021-09-19,2.51
Ethiopia,ETH,2021-09-20,2.65
Ethiopia,ETH,2021-09-21,2.68
Ethiopia,ETH,2021-09-22,2.73
Ethiopia,ETH,2021-09-23,2.88
Ethiopia,ETH,2021-09-24,2.9
Ethiopia,ETH,2021-09-25,2.91
Ethiopia,ETH,2021-09-26,2.94
Ethiopia,ETH,2021-09-27,2.96
Ethiopia,ETH,2021-09-28,3
Ethiopia,ETH,2021-09-29,3.04
Ethiopia,ETH,2021-09-30,3.08
Ethiopia,ETH,2021-10-01,3.09
Ethiopia,ETH,2021-10-03,3.11
Ethiopia,ETH,2021-10-04,3.13
Ethiopia,ETH,2021-10-05,3.15
Ethiopia,ETH,2021-10-06,3.18
Ethiopia,ETH,2021-10-07,3.2
Ethiopia,ETH,2021-10-08,3.22
Ethiopia,ETH,2021-10-09,3.22
Ethiopia,ETH,2021-10-10,3.22
Ethiopia,ETH,2021-10-11,3.24
Ethiopia,ETH,2021-10-12,3.26
Ethiopia,ETH,2021-10-13,3.27
Ethiopia,ETH,2021-10-14,3.29
Ethiopia,ETH,2021-10-15,3.31
Ethiopia,ETH,2021-10-16,3.31
Ethiopia,ETH,2021-10-17,3.33
Ethiopia,ETH,2021-10-18,3.36
Ethiopia,ETH,2021-10-19,3.37
Ethiopia,ETH,2021-10-20,3.41
Ethiopia,ETH,2021-10-21,3.46
Ethiopia,ETH,2021-10-22,3.55
Ethiopia,ETH,2021-10-24,3.57
Ethiopia,ETH,2021-10-25,3.62
Ethiopia,ETH,2021-10-26,3.64
Ethiopia,ETH,2021-10-27,3.73
Ethiopia,ETH,2021-10-28,3.81
Ethiopia,ETH,2021-10-29,3.89
Ethiopia,ETH,2021-10-30,3.95
Ethiopia,ETH,2021-10-31,3.97
Ethiopia,ETH,2021-11-02,4.08
Ethiopia,ETH,2021-11-03,4.11
Ethiopia,ETH,2021-11-04,4.14
Ethiopia,ETH,2021-11-05,4.17
Ethiopia,ETH,2021-11-06,4.18
Ethiopia,ETH,2021-11-07,4.19
Ethiopia,ETH,2021-11-08,4.2
Ethiopia,ETH,2021-11-09,4.2
Ethiopia,ETH,2021-11-11,4.21
Ethiopia,ETH,2021-11-12,4.21
Ethiopia,ETH,2021-11-13,4.21
Ethiopia,ETH,2021-11-15,4.21
Ethiopia,ETH,2021-11-16,4.23
Ethiopia,ETH,2021-11-17,4.27
Ethiopia,ETH,2021-11-18,4.28
Ethiopia,ETH,2021-11-19,4.31
Ethiopia,ETH,2021-11-20,4.42
Ethiopia,ETH,2021-11-21,4.54
Ethiopia,ETH,2021-11-22,4.81
Ethiopia,ETH,2021-11-23,5.21
Ethiopia,ETH,2021-11-24,5.73
Ethiopia,ETH,2021-11-25,6.22
Ethiopia,ETH,2021-11-26,6.66
Ethiopia,ETH,2021-11-27,7.05
Ethiopia,ETH,2021-11-28,7.3
Ethiopia,ETH,2021-11-29,7.5
Ethiopia,ETH,2021-11-30,7.74
Ethiopia,ETH,2021-12-01,7.94
Ethiopia,ETH,2021-12-02,8.12
Ethiopia,ETH,2021-12-03,8.22
Ethiopia,ETH,2021-12-04,8.31
Ethiopia,ETH,2021-12-05,8.36
Ethiopia,ETH,2021-12-06,8.42
Ethiopia,ETH,2021-12-07,8.5
Ethiopia,ETH,2021-12-08,8.55
Ethiopia,ETH,2021-12-09,8.59
Ethiopia,ETH,2021-12-10,8.62
Ethiopia,ETH,2021-12-11,8.65
Ethiopia,ETH,2021-12-12,8.67
Ethiopia,ETH,2021-12-13,8.7
Ethiopia,ETH,2021-12-14,8.73
Ethiopia,ETH,2021-12-15,8.74
Ethiopia,ETH,2021-12-16,8.77
Ethiopia,ETH,2021-12-17,8.81
Ethiopia,ETH,2021-12-18,8.83
Ethiopia,ETH,2021-12-19,8.83
Ethiopia,ETH,2021-12-20,8.85
Ethiopia,ETH,2021-12-21,8.88
Ethiopia,ETH,2021-12-22,8.89
Ethiopia,ETH,2021-12-23,8.94
Ethiopia,ETH,2021-12-24,8.98
Ethiopia,ETH,2021-12-25,9.01
Ethiopia,ETH,2021-12-26,9.02
Ethiopia,ETH,2021-12-27,9.04
Ethiopia,ETH,2021-12-28,9.06
Ethiopia,ETH,2021-12-29,9.07
Ethiopia,ETH,2021-12-30,9.07
Ethiopia,ETH,2021-12-31,9.08
Ethiopia,ETH,2022-01-01,9.08
Ethiopia,ETH,2022-01-02,9.09
Ethiopia,ETH,2022-01-03,9.1
Ethiopia,ETH,2022-01-04,9.11
Ethiopia,ETH,2022-01-05,9.11
Ethiopia,ETH,2022-01-06,9.11
Ethiopia,ETH,2022-01-07,9.11
Ethiopia,ETH,2022-01-10,9.11
Ethiopia,ETH,2022-01-11,9.11
Ethiopia,ETH,2022-01-12,9.11
Ethiopia,ETH,2022-01-13,9.11
Ethiopia,ETH,2022-01-14,9.11
Ethiopia,ETH,2022-01-15,9.12
Ethiopia,ETH,2022-01-17,9.12
Ethiopia,ETH,2022-01-24,9.12
Ethiopia,ETH,2022-01-28,9.12
Ethiopia,ETH,2022-01-31,9.12
Ethiopia,ETH,2022-02-02,9.12
Ethiopia,ETH,2022-02-03,9.12
Ethiopia,ETH,2022-02-07,9.12
Ethiopia,ETH,2022-02-10,9.12
Ethiopia,ETH,2022-02-15,9.25
Ethiopia,ETH,2022-02-16,9.94
Ethiopia,ETH,2022-02-17,10.91
Ethiopia,ETH,2022-02-18,12.01
Ethiopia,ETH,2022-02-19,13.56
Ethiopia,ETH,2022-02-20,14.66
Ethiopia,ETH,2022-02-21,16.06
Ethiopia,ETH,2022-02-22,17.34
Ethiopia,ETH,2022-02-24,18.64
Ethiopia,ETH,2022-02-25,18.9
Ethiopia,ETH,2022-02-26,19.82
Ethiopia,ETH,2022-02-27,19.95
Ethiopia,ETH,2022-02-28,20.18
Ethiopia,ETH,2022-03-01,20.33
Ethiopia,ETH,2022-03-02,20.9
Ethiopia,ETH,2022-03-03,21.14
Ethiopia,ETH,2022-03-04,21.49
Ethiopia,ETH,2022-03-05,21.63
Ethiopia,ETH,2022-03-06,21.76
Ethiopia,ETH,2022-03-09,22.66
Ethiopia,ETH,2022-04-26,22.72
Ethiopia,ETH,2022-05-01,24.42
Ethiopia,ETH,2022-06-05,24.46
Ethiopia,ETH,2022-06-19,24.96
Ethiopia,ETH,2022-06-26,41.31
Ethiopia,ETH,2022-07-10,43.39
Europe,,2020-12-02,0
Europe,,2020-12-03,0
Europe,,2020-12-04,0
Europe,,2020-12-05,0
Europe,,2020-12-06,0
Europe,,2020-12-07,0
Europe,,2020-12-08,0
Europe,,2020-12-09,0
Europe,,2020-12-10,0
Europe,,2020-12-11,0
Europe,,2020-12-12,0
Europe,,2020-12-13,0
Europe,,2020-12-14,0
Europe,,2020-12-15,0
Europe,,2020-12-16,0
Europe,,2020-12-17,0
Europe,,2020-12-18,0
Europe,,2020-12-19,0
Europe,,2020-12-20,0
Europe,,2020-12-21,0
Europe,,2020-12-22,0.01
Europe,,2020-12-23,0.01
Europe,,2020-12-24,0.01
Europe,,2020-12-25,0.01
Europe,,2020-12-26,0.01
Europe,,2020-12-27,0.01
Europe,,2020-12-28,0.02
Europe,,2020-12-29,0.03
Europe,,2020-12-30,0.05
Europe,,2020-12-31,0.06
Europe,,2021-01-01,0.07
Europe,,2021-01-02,0.18
Europe,,2021-01-03,0.2
Europe,,2021-01-04,0.23
Europe,,2021-01-05,0.27
Europe,,2021-01-06,0.31
Europe,,2021-01-07,0.36
Europe,,2021-01-08,0.43
Europe,,2021-01-09,0.45
Europe,,2021-01-10,0.83
Europe,,2021-01-11,0.91
Europe,,2021-01-12,1
Europe,,2021-01-13,1.14
Europe,,2021-01-14,1.26
Europe,,2021-01-15,1.39
Europe,,2021-01-16,1.46
Europe,,2021-01-17,1.53
Europe,,2021-01-18,1.64
Europe,,2021-01-19,1.76
Europe,,2021-01-20,1.89
Europe,,2021-01-21,2.03
Europe,,2021-01-22,2.21
Europe,,2021-01-23,2.32
Europe,,2021-01-24,2.42
Europe,,2021-01-25,2.53
Europe,,2021-01-26,2.66
Europe,,2021-01-27,2.79
Europe,,2021-01-28,2.95
Europe,,2021-01-29,3.13
Europe,,2021-01-30,3.26
Europe,,2021-01-31,3.38
Europe,,2021-02-01,3.5
Europe,,2021-02-02,3.65
Europe,,2021-02-03,3.82
Europe,,2021-02-04,4
Europe,,2021-02-05,4.2
Europe,,2021-02-06,4.32
Europe,,2021-02-07,4.42
Europe,,2021-02-08,4.53
Europe,,2021-02-09,4.68
Europe,,2021-02-10,4.85
Europe,,2021-02-11,5.05
Europe,,2021-02-12,5.3
Europe,,2021-02-13,5.42
Europe,,2021-02-14,5.54
Europe,,2021-02-15,5.66
Europe,,2021-02-16,5.8
Europe,,2021-02-17,5.98
Europe,,2021-02-18,6.19
Europe,,2021-02-19,6.41
Europe,,2021-02-20,6.52
Europe,,2021-02-21,6.63
Europe,,2021-02-22,6.75
Europe,,2021-02-23,6.95
Europe,,2021-02-24,7.17
Europe,,2021-02-25,7.38
Europe,,2021-02-26,7.69
Europe,,2021-02-27,7.82
Europe,,2021-02-28,7.97
Europe,,2021-03-01,8.12
Europe,,2021-03-02,8.86
Europe,,2021-03-03,9.12
Europe,,2021-03-04,9.47
Europe,,2021-03-05,9.82
Europe,,2021-03-06,10.04
Europe,,2021-03-07,10.23
Europe,,2021-03-08,10.42
Europe,,2021-03-09,10.63
Europe,,2021-03-10,10.91
Europe,,2021-03-11,11.22
Europe,,2021-03-12,11.58
Europe,,2021-03-13,11.78
Europe,,2021-03-14,11.96
Europe,,2021-03-15,12.17
Europe,,2021-03-16,12.38
Europe,,2021-03-17,12.69
Europe,,2021-03-18,12.97
Europe,,2021-03-19,13.36
Europe,,2021-03-20,13.6
Europe,,2021-03-21,13.79
Europe,,2021-03-22,14.03
Europe,,2021-03-23,14.29
Europe,,2021-03-24,14.61
Europe,,2021-03-25,14.92
Europe,,2021-03-26,15.42
Europe,,2021-03-27,15.65
Europe,,2021-03-28,15.86
Europe,,2021-03-29,16.5
Europe,,2021-03-30,16.84
Europe,,2021-03-31,17.23
Europe,,2021-04-01,17.65
Europe,,2021-04-02,18.04
Europe,,2021-04-03,18.27
Europe,,2021-04-04,18.45
Europe,,2021-04-05,18.62
Europe,,2021-04-06,18.94
Europe,,2021-04-07,19.46
Europe,,2021-04-08,19.97
Europe,,2021-04-09,20.62
Europe,,2021-04-10,20.99
Europe,,2021-04-11,21.24
Europe,,2021-04-12,21.6
Europe,,2021-04-13,22.02
Europe,,2021-04-14,22.5
Europe,,2021-04-15,23.03
Europe,,2021-04-16,23.7
Europe,,2021-04-17,24.02
Europe,,2021-04-18,24.35
Europe,,2021-04-19,24.76
Europe,,2021-04-20,25.17
Europe,,2021-04-21,25.69
Europe,,2021-04-22,26.24
Europe,,2021-04-23,26.95
Europe,,2021-04-24,27.31
Europe,,2021-04-25,27.7
Europe,,2021-04-26,28.05
Europe,,2021-04-27,28.58
Europe,,2021-04-28,29.25
Europe,,2021-04-29,29.91
Europe,,2021-04-30,30.59
Europe,,2021-05-01,30.92
Europe,,2021-05-02,31.33
Europe,,2021-05-03,31.66
Europe,,2021-05-04,32.14
Europe,,2021-05-05,32.91
Europe,,2021-05-06,33.63
Europe,,2021-05-07,34.45
Europe,,2021-05-08,34.86
Europe,,2021-05-09,35.3
Europe,,2021-05-10,35.77
Europe,,2021-05-11,36.36
Europe,,2021-05-12,37.11
Europe,,2021-05-13,37.73
Europe,,2021-05-14,38.58
Europe,,2021-05-15,39.06
Europe,,2021-05-16,39.51
Europe,,2021-05-17,39.96
Europe,,2021-05-18,40.59
Europe,,2021-05-19,41.25
Europe,,2021-05-20,42
Europe,,2021-05-21,42.9
Europe,,2021-05-22,43.42
Europe,,2021-05-23,43.89
Europe,,2021-05-24,44.29
Europe,,2021-05-25,44.86
Europe,,2021-05-26,45.61
Europe,,2021-05-27,46.3
Europe,,2021-05-28,47.18
Europe,,2021-05-29,47.59
Europe,,2021-05-30,48.07
Europe,,2021-05-31,48.5
Europe,,2021-06-01,49.21
Europe,,2021-06-02,49.98
Europe,,2021-06-03,50.61
Europe,,2021-06-04,51.53
Europe,,2021-06-05,51.99
Europe,,2021-06-06,52.59
Europe,,2021-06-07,53.14
Europe,,2021-06-08,53.8
Europe,,2021-06-09,54.58
Europe,,2021-06-10,55.34
Europe,,2021-06-11,56.33
Europe,,2021-06-12,56.8
Europe,,2021-06-13,57.36
Europe,,2021-06-14,57.85
Europe,,2021-06-15,58.43
Europe,,2021-06-16,59.21
Europe,,2021-06-17,59.98
Europe,,2021-06-18,60.94
Europe,,2021-06-19,61.37
Europe,,2021-06-20,61.92
Europe,,2021-06-21,62.39
Europe,,2021-06-22,63.14
Europe,,2021-06-23,63.84
Europe,,2021-06-24,64.56
Europe,,2021-06-25,65.49
Europe,,2021-06-26,65.99
Europe,,2021-06-27,66.55
Europe,,2021-06-28,67.07
Europe,,2021-06-29,67.73
Europe,,2021-06-30,68.47
Europe,,2021-07-01,69.19
Europe,,2021-07-02,70.18
Europe,,2021-07-03,70.59
Europe,,2021-07-04,71.15
Europe,,2021-07-05,71.64
Europe,,2021-07-06,72.35
Europe,,2021-07-07,73.05
Europe,,2021-07-08,73.69
Europe,,2021-07-09,74.68
Europe,,2021-07-10,75.07
Europe,,2021-07-11,75.6
Europe,,2021-07-12,76.07
Europe,,2021-07-13,76.72
Europe,,2021-07-14,77.42
Europe,,2021-07-15,78.07
Europe,,2021-07-16,79.07
Europe,,2021-07-17,79.43
Europe,,2021-07-18,80
Europe,,2021-07-19,80.45
Europe,,2021-07-20,81.19
Europe,,2021-07-21,81.82
Europe,,2021-07-22,82.43
Europe,,2021-07-23,83.28
Europe,,2021-07-24,83.57
Europe,,2021-07-25,84
Europe,,2021-07-26,84.41
Europe,,2021-07-27,85.02
Europe,,2021-07-28,85.6
Europe,,2021-07-29,86.19
Europe,,2021-07-30,86.92
Europe,,2021-07-31,87.28
Europe,,2021-08-01,87.66
Europe,,2021-08-02,88.01
Europe,,2021-08-03,88.51
Europe,,2021-08-04,89.11
Europe,,2021-08-05,89.56
Europe,,2021-08-06,90.17
Europe,,2021-08-07,90.51
Europe,,2021-08-08,90.84
Europe,,2021-08-09,91.17
Europe,,2021-08-10,91.7
Europe,,2021-08-11,92.2
Europe,,2021-08-12,92.66
Europe,,2021-08-13,93.46
Europe,,2021-08-14,93.89
Europe,,2021-08-15,94.21
Europe,,2021-08-16,94.53
Europe,,2021-08-17,94.92
Europe,,2021-08-18,95.34
Europe,,2021-08-19,95.75
Europe,,2021-08-20,96.24
Europe,,2021-08-21,96.5
Europe,,2021-08-22,96.85
Europe,,2021-08-23,97.13
Europe,,2021-08-24,97.51
Europe,,2021-08-25,97.91
Europe,,2021-08-26,98.28
Europe,,2021-08-27,98.73
Europe,,2021-08-28,98.95
Europe,,2021-08-29,99.24
Europe,,2021-08-30,99.52
Europe,,2021-08-31,99.85
Europe,,2021-09-01,100.26
Europe,,2021-09-02,100.59
Europe,,2021-09-03,100.99
Europe,,2021-09-04,101.17
Europe,,2021-09-05,101.43
Europe,,2021-09-06,101.63
Europe,,2021-09-07,101.98
Europe,,2021-09-08,102.25
Europe,,2021-09-09,102.53
Europe,,2021-09-10,102.9
Europe,,2021-09-11,103.05
Europe,,2021-09-12,103.26
Europe,,2021-09-13,103.52
Europe,,2021-09-14,103.74
Europe,,2021-09-15,104.01
Europe,,2021-09-16,104.26
Europe,,2021-09-17,104.55
Europe,,2021-09-18,104.66
Europe,,2021-09-19,104.91
Europe,,2021-09-20,105.06
Europe,,2021-09-21,105.28
Europe,,2021-09-22,105.53
Europe,,2021-09-23,105.75
Europe,,2021-09-24,106.02
Europe,,2021-09-25,106.15
Europe,,2021-09-26,106.31
Europe,,2021-09-27,106.49
Europe,,2021-09-28,107.04
Europe,,2021-09-29,107.28
Europe,,2021-09-30,107.59
Europe,,2021-10-01,107.85
Europe,,2021-10-02,108.01
Europe,,2021-10-03,108.17
Europe,,2021-10-04,108.35
Europe,,2021-10-05,108.58
Europe,,2021-10-06,108.85
Europe,,2021-10-07,109.25
Europe,,2021-10-08,109.49
Europe,,2021-10-09,109.63
Europe,,2021-10-10,109.81
Europe,,2021-10-11,109.96
Europe,,2021-10-12,110.2
Europe,,2021-10-13,110.47
Europe,,2021-10-14,110.67
Europe,,2021-10-15,110.99
Europe,,2021-10-16,111.12
Europe,,2021-10-17,111.27
Europe,,2021-10-18,111.47
Europe,,2021-10-19,111.67
Europe,,2021-10-20,112.37
Europe,,2021-10-21,112.64
Europe,,2021-10-22,112.99
Europe,,2021-10-23,113.28
Europe,,2021-10-24,113.48
Europe,,2021-10-25,113.66
Europe,,2021-10-26,113.9
Europe,,2021-10-27,114.18
Europe,,2021-10-28,114.66
Europe,,2021-10-29,115.06
Europe,,2021-10-30,115.33
Europe,,2021-10-31,115.57
Europe,,2021-11-01,115.74
Europe,,2021-11-02,116.09
Europe,,2021-11-03,116.5
Europe,,2021-11-04,117.04
Europe,,2021-11-05,117.37
Europe,,2021-11-06,117.53
Europe,,2021-11-07,117.82
Europe,,2021-11-08,118.08
Europe,,2021-11-09,118.53
Europe,,2021-11-10,118.95
Europe,,2021-11-11,119.38
Europe,,2021-11-12,119.88
Europe,,2021-11-13,120.18
Europe,,2021-11-14,120.54
Europe,,2021-11-15,120.91
Europe,,2021-11-16,121.35
Europe,,2021-11-17,121.9
Europe,,2021-11-18,122.38
Europe,,2021-11-19,122.97
Europe,,2021-11-20,123.41
Europe,,2021-11-21,123.68
Europe,,2021-11-22,124.15
Europe,,2021-11-23,124.62
Europe,,2021-11-24,125.19
Europe,,2021-11-25,125.84
Europe,,2021-11-26,126.63
Europe,,2021-11-27,127.09
Europe,,2021-11-28,127.45
Europe,,2021-11-29,127.98
Europe,,2021-11-30,128.57
Europe,,2021-12-01,129.24
Europe,,2021-12-02,129.92
Europe,,2021-12-03,130.74
Europe,,2021-12-04,131.33
Europe,,2021-12-05,131.71
Europe,,2021-12-06,132.24
Europe,,2021-12-07,132.92
Europe,,2021-12-08,133.63
Europe,,2021-12-09,134.29
Europe,,2021-12-10,135.19
Europe,,2021-12-11,135.89
Europe,,2021-12-12,136.78
Europe,,2021-12-13,137.34
Europe,,2021-12-14,138.17
Europe,,2021-12-15,138.95
Europe,,2021-12-16,139.71
Europe,,2021-12-17,140.8
Europe,,2021-12-18,141.48
Europe,,2021-12-19,142.19
Europe,,2021-12-20,142.84
Europe,,2021-12-21,143.74
Europe,,2021-12-22,144.4
Europe,,2021-12-23,144.92
Europe,,2021-12-24,145.37
Europe,,2021-12-25,145.48
Europe,,2021-12-26,145.59
Europe,,2021-12-27,145.97
Europe,,2021-12-28,146.54
Europe,,2021-12-29,147.22
Europe,,2021-12-30,147.64
Europe,,2021-12-31,148.11
Europe,,2022-01-01,148.2
Europe,,2022-01-02,148.58
Europe,,2022-01-03,149
Europe,,2022-01-04,149.53
Europe,,2022-01-05,150.04
Europe,,2022-01-06,150.48
Europe,,2022-01-07,151.39
Europe,,2022-01-08,151.78
Europe,,2022-01-09,152.13
Europe,,2022-01-10,152.61
Europe,,2022-01-11,153.21
Europe,,2022-01-12,153.8
Europe,,2022-01-13,154.4
Europe,,2022-01-14,155.14
Europe,,2022-01-15,155.46
Europe,,2022-01-16,155.86
Europe,,2022-01-17,156.23
Europe,,2022-01-18,156.72
Europe,,2022-01-19,157.1
Europe,,2022-01-20,157.52
Europe,,2022-01-21,158.09
Europe,,2022-01-22,158.41
Europe,,2022-01-23,158.71
Europe,,2022-01-24,159.07
Europe,,2022-01-25,159.41
Europe,,2022-01-26,159.78
Europe,,2022-01-27,160.07
Europe,,2022-01-28,160.56
Europe,,2022-01-29,160.83
Europe,,2022-01-30,161.17
Europe,,2022-01-31,161.45
Europe,,2022-02-01,161.72
Europe,,2022-02-02,161.98
Europe,,2022-02-03,162.21
Europe,,2022-02-04,162.59
Europe,,2022-02-05,162.78
Europe,,2022-02-06,162.96
Europe,,2022-02-07,163.14
Europe,,2022-02-08,163.4
Europe,,2022-02-09,163.62
Europe,,2022-02-10,163.83
Europe,,2022-02-11,164.12
Europe,,2022-02-12,164.27
Europe,,2022-02-13,164.44
Europe,,2022-02-14,164.59
Europe,,2022-02-15,164.77
Europe,,2022-02-16,165.05
Europe,,2022-02-17,165.38
Europe,,2022-02-18,165.54
Europe,,2022-02-19,165.62
Europe,,2022-02-20,165.73
Europe,,2022-02-21,165.81
Europe,,2022-02-22,165.92
Europe,,2022-02-23,166.02
Europe,,2022-02-24,166.11
Europe,,2022-02-25,166.23
Europe,,2022-02-26,166.29
Europe,,2022-02-27,166.36
Europe,,2022-02-28,166.42
Europe,,2022-03-01,166.49
Europe,,2022-03-02,166.56
Europe,,2022-03-03,166.65
Europe,,2022-03-04,166.74
Europe,,2022-03-05,166.81
Europe,,2022-03-06,166.91
Europe,,2022-03-07,166.95
Europe,,2022-03-08,167
Europe,,2022-03-09,167.09
Europe,,2022-03-10,167.25
Europe,,2022-03-11,167.34
Europe,,2022-03-12,167.38
Europe,,2022-03-13,167.41
Europe,,2022-03-14,167.48
Europe,,2022-03-15,167.54
Europe,,2022-03-16,167.65
Europe,,2022-03-17,167.7
Europe,,2022-03-18,167.79
Europe,,2022-03-19,167.83
Europe,,2022-03-20,167.89
Europe,,2022-03-21,168.02
Europe,,2022-03-22,168.1
Europe,,2022-03-23,168.23
Europe,,2022-03-24,168.33
Europe,,2022-03-25,168.45
Europe,,2022-03-26,168.54
Europe,,2022-03-27,168.65
Europe,,2022-03-28,168.69
Europe,,2022-03-29,168.76
Europe,,2022-03-30,168.86
Europe,,2022-03-31,168.92
Europe,,2022-04-01,169.03
Europe,,2022-04-02,169.06
Europe,,2022-04-03,169.12
Europe,,2022-04-04,169.23
Europe,,2022-04-05,169.3
Europe,,2022-04-06,169.38
Europe,,2022-04-07,169.5
Europe,,2022-04-08,169.61
Europe,,2022-04-09,169.65
Europe,,2022-04-10,169.69
Europe,,2022-04-11,169.76
Europe,,2022-04-12,169.82
Europe,,2022-04-13,169.88
Europe,,2022-04-14,169.96
Europe,,2022-04-15,170.03
Europe,,2022-04-16,170.05
Europe,,2022-04-17,170.13
Europe,,2022-04-18,170.16
Europe,,2022-04-19,170.24
Europe,,2022-04-20,170.3
Europe,,2022-04-21,170.44
Europe,,2022-04-22,170.53
Europe,,2022-04-23,170.57
Europe,,2022-04-24,170.64
Europe,,2022-04-25,170.68
Europe,,2022-04-26,170.74
Europe,,2022-04-27,170.82
Europe,,2022-04-28,170.89
Europe,,2022-04-29,170.99
Europe,,2022-04-30,171.03
Europe,,2022-05-01,171.09
Europe,,2022-05-02,171.12
Europe,,2022-05-03,171.16
Europe,,2022-05-04,171.23
Europe,,2022-05-05,171.28
Europe,,2022-05-06,171.35
Europe,,2022-05-07,171.38
Europe,,2022-05-08,171.41
Europe,,2022-05-09,171.44
Europe,,2022-05-10,171.49
Europe,,2022-05-11,171.54
Europe,,2022-05-12,171.58
Europe,,2022-05-13,171.64
Europe,,2022-05-14,171.66
Europe,,2022-05-15,171.73
Europe,,2022-05-16,171.76
Europe,,2022-05-17,171.79
Europe,,2022-05-18,171.84
Europe,,2022-05-19,171.9
Europe,,2022-05-20,171.96
Europe,,2022-05-21,171.98
Europe,,2022-05-22,172.02
Europe,,2022-05-23,172.05
Europe,,2022-05-24,172.09
Europe,,2022-05-25,172.16
Europe,,2022-05-26,172.18
Europe,,2022-05-27,172.23
Europe,,2022-05-28,172.25
Europe,,2022-05-29,172.29
Europe,,2022-05-30,172.31
Europe,,2022-05-31,172.38
Europe,,2022-06-01,172.42
Europe,,2022-06-02,172.46
Europe,,2022-06-03,172.52
Europe,,2022-06-04,172.53
Europe,,2022-06-05,172.55
Europe,,2022-06-06,172.56
Europe,,2022-06-07,172.58
Europe,,2022-06-08,172.62
Europe,,2022-06-09,172.66
Europe,,2022-06-10,172.71
Europe,,2022-06-11,172.73
Europe,,2022-06-12,172.74
Europe,,2022-06-13,172.75
Europe,,2022-06-14,172.78
Europe,,2022-06-15,172.82
Europe,,2022-06-16,172.85
Europe,,2022-06-17,172.97
Europe,,2022-06-18,173.03
Europe,,2022-06-19,173.05
Europe,,2022-06-20,173.08
Europe,,2022-06-21,173.11
Europe,,2022-06-22,173.15
Europe,,2022-06-23,173.19
Europe,,2022-06-24,173.25
Europe,,2022-06-25,173.27
Europe,,2022-06-26,173.28
Europe,,2022-06-27,173.38
Europe,,2022-06-28,173.41
Europe,,2022-06-29,173.46
Europe,,2022-06-30,173.5
Europe,,2022-07-01,173.56
Europe,,2022-07-02,173.58
Europe,,2022-07-03,173.58
Europe,,2022-07-04,173.61
Europe,,2022-07-05,173.65
Europe,,2022-07-06,173.7
Europe,,2022-07-07,173.74
Europe,,2022-07-08,173.8
Europe,,2022-07-09,173.82
Europe,,2022-07-10,173.85
Europe,,2022-07-11,173.9
Europe,,2022-07-12,173.94
Europe,,2022-07-13,174
Europe,,2022-07-14,174.02
Europe,,2022-07-15,174.07
Europe,,2022-07-16,174.09
Europe,,2022-07-17,174.09
Europe,,2022-07-18,174.15
Europe,,2022-07-19,174.23
Europe,,2022-07-20,174.28
Europe,,2022-07-21,174.33
Europe,,2022-07-22,174.37
Europe,,2022-07-23,174.39
Europe,,2022-07-24,174.41
Europe,,2022-07-25,174.44
Europe,,2022-07-26,174.54
Europe,,2022-07-27,174.61
Europe,,2022-07-28,174.65
Europe,,2022-07-29,174.69
Europe,,2022-07-30,174.7
Europe,,2022-07-31,174.7
Europe,,2022-08-01,174.73
Europe,,2022-08-02,174.85
Europe,,2022-08-03,174.87
European Union,,2020-12-04,0
European Union,,2020-12-05,0
European Union,,2020-12-06,0
European Union,,2020-12-07,0
European Union,,2020-12-08,0
European Union,,2020-12-09,0
European Union,,2020-12-10,0
European Union,,2020-12-11,0
European Union,,2020-12-12,0
European Union,,2020-12-13,0
European Union,,2020-12-14,0
European Union,,2020-12-15,0
European Union,,2020-12-16,0
European Union,,2020-12-17,0
European Union,,2020-12-18,0
European Union,,2020-12-19,0
European Union,,2020-12-20,0
European Union,,2020-12-21,0
European Union,,2020-12-22,0
European Union,,2020-12-23,0
European Union,,2020-12-24,0
European Union,,2020-12-25,0
European Union,,2020-12-26,0
European Union,,2020-12-27,0.01
European Union,,2020-12-28,0.02
European Union,,2020-12-29,0.04
European Union,,2020-12-30,0.07
European Union,,2020-12-31,0.09
European Union,,2021-01-01,0.1
European Union,,2021-01-02,0.12
European Union,,2021-01-03,0.15
European Union,,2021-01-04,0.21
European Union,,2021-01-05,0.27
European Union,,2021-01-06,0.32
European Union,,2021-01-07,0.41
European Union,,2021-01-08,0.52
European Union,,2021-01-09,0.56
European Union,,2021-01-10,0.6
European Union,,2021-01-11,0.69
European Union,,2021-01-12,0.79
European Union,,2021-01-13,0.91
European Union,,2021-01-14,1.02
European Union,,2021-01-15,1.17
European Union,,2021-01-16,1.21
European Union,,2021-01-17,1.3
European Union,,2021-01-18,1.43
European Union,,2021-01-19,1.54
European Union,,2021-01-20,1.66
European Union,,2021-01-21,1.79
European Union,,2021-01-22,1.97
European Union,,2021-01-23,2.03
European Union,,2021-01-24,2.13
European Union,,2021-01-25,2.23
European Union,,2021-01-26,2.37
European Union,,2021-01-27,2.5
European Union,,2021-01-28,2.64
European Union,,2021-01-29,2.83
European Union,,2021-01-30,2.91
European Union,,2021-01-31,3.03
European Union,,2021-02-01,3.15
European Union,,2021-02-02,3.3
European Union,,2021-02-03,3.46
European Union,,2021-02-04,3.64
European Union,,2021-02-05,3.85
European Union,,2021-02-06,3.92
European Union,,2021-02-07,4.03
European Union,,2021-02-08,4.13
European Union,,2021-02-09,4.28
European Union,,2021-02-10,4.42
European Union,,2021-02-11,4.62
European Union,,2021-02-12,4.87
European Union,,2021-02-13,4.95
European Union,,2021-02-14,5.08
European Union,,2021-02-15,5.2
European Union,,2021-02-16,5.34
European Union,,2021-02-17,5.52
European Union,,2021-02-18,5.75
European Union,,2021-02-19,6.02
European Union,,2021-02-20,6.12
European Union,,2021-02-21,6.28
European Union,,2021-02-22,6.43
European Union,,2021-02-23,6.59
European Union,,2021-02-24,6.83
European Union,,2021-02-25,7.04
European Union,,2021-02-26,7.42
European Union,,2021-02-27,7.54
European Union,,2021-02-28,7.74
European Union,,2021-03-01,7.92
European Union,,2021-03-02,8.13
European Union,,2021-03-03,8.41
European Union,,2021-03-04,8.75
European Union,,2021-03-05,9.13
European Union,,2021-03-06,9.34
European Union,,2021-03-07,9.6
European Union,,2021-03-08,9.83
European Union,,2021-03-09,10.09
European Union,,2021-03-10,10.37
European Union,,2021-03-11,10.74
European Union,,2021-03-12,11.2
European Union,,2021-03-13,11.4
European Union,,2021-03-14,11.6
European Union,,2021-03-15,11.85
European Union,,2021-03-16,12.06
European Union,,2021-03-17,12.31
European Union,,2021-03-18,12.58
European Union,,2021-03-19,12.99
European Union,,2021-03-20,13.17
European Union,,2021-03-21,13.37
European Union,,2021-03-22,13.67
European Union,,2021-03-23,13.97
European Union,,2021-03-24,14.35
European Union,,2021-03-25,14.71
European Union,,2021-03-26,15.37
European Union,,2021-03-27,15.58
European Union,,2021-03-28,15.83
European Union,,2021-03-29,16.17
European Union,,2021-03-30,16.57
European Union,,2021-03-31,17
European Union,,2021-04-01,17.47
European Union,,2021-04-02,17.99
European Union,,2021-04-03,18.25
European Union,,2021-04-04,18.5
European Union,,2021-04-05,18.71
European Union,,2021-04-06,19.11
European Union,,2021-04-07,19.69
European Union,,2021-04-08,20.32
European Union,,2021-04-09,21.14
European Union,,2021-04-10,21.53
European Union,,2021-04-11,21.86
European Union,,2021-04-12,22.35
European Union,,2021-04-13,22.87
European Union,,2021-04-14,23.42
European Union,,2021-04-15,24.08
European Union,,2021-04-16,24.96
European Union,,2021-04-17,25.3
European Union,,2021-04-18,25.66
European Union,,2021-04-19,26.22
European Union,,2021-04-20,26.72
European Union,,2021-04-21,27.36
European Union,,2021-04-22,28
European Union,,2021-04-23,28.9
European Union,,2021-04-24,29.2
European Union,,2021-04-25,29.76
European Union,,2021-04-26,30.19
European Union,,2021-04-27,30.87
European Union,,2021-04-28,31.66
European Union,,2021-04-29,32.47
European Union,,2021-04-30,33.35
European Union,,2021-05-01,33.74
European Union,,2021-05-02,34.32
European Union,,2021-05-03,34.81
European Union,,2021-05-04,35.48
European Union,,2021-05-05,36.43
European Union,,2021-05-06,37.34
European Union,,2021-05-07,38.46
European Union,,2021-05-08,38.92
European Union,,2021-05-09,39.57
European Union,,2021-05-10,40.2
European Union,,2021-05-11,41.03
European Union,,2021-05-12,41.89
European Union,,2021-05-13,42.71
European Union,,2021-05-14,43.84
European Union,,2021-05-15,44.35
European Union,,2021-05-16,44.99
European Union,,2021-05-17,45.59
European Union,,2021-05-18,46.38
European Union,,2021-05-19,47.19
European Union,,2021-05-20,48.17
European Union,,2021-05-21,49.4
European Union,,2021-05-22,49.87
European Union,,2021-05-23,50.48
European Union,,2021-05-24,50.95
European Union,,2021-05-25,51.65
European Union,,2021-05-26,52.57
European Union,,2021-05-27,53.45
European Union,,2021-05-28,54.64
European Union,,2021-05-29,55.13
European Union,,2021-05-30,55.77
European Union,,2021-05-31,56.38
European Union,,2021-06-01,57.24
European Union,,2021-06-02,58.22
European Union,,2021-06-03,59
European Union,,2021-06-04,60.25
European Union,,2021-06-05,60.81
European Union,,2021-06-06,61.65
European Union,,2021-06-07,62.35
European Union,,2021-06-08,63.25
European Union,,2021-06-09,64.28
European Union,,2021-06-10,65.27
European Union,,2021-06-11,66.68
European Union,,2021-06-12,67.19
European Union,,2021-06-13,67.98
European Union,,2021-06-14,68.65
European Union,,2021-06-15,69.47
European Union,,2021-06-16,70.54
European Union,,2021-06-17,71.46
European Union,,2021-06-18,72.82
European Union,,2021-06-19,73.3
European Union,,2021-06-20,74.1
European Union,,2021-06-21,74.76
European Union,,2021-06-22,75.67
European Union,,2021-06-23,76.67
European Union,,2021-06-24,77.48
European Union,,2021-06-25,78.75
European Union,,2021-06-26,79.34
European Union,,2021-06-27,80.13
European Union,,2021-06-28,80.84
European Union,,2021-06-29,81.7
European Union,,2021-06-30,82.62
European Union,,2021-07-01,83.48
European Union,,2021-07-02,84.8
European Union,,2021-07-03,85.24
European Union,,2021-07-04,86.04
European Union,,2021-07-05,86.68
European Union,,2021-07-06,87.46
European Union,,2021-07-07,88.34
European Union,,2021-07-08,89.15
European Union,,2021-07-09,90.45
European Union,,2021-07-10,90.86
European Union,,2021-07-11,91.64
European Union,,2021-07-12,92.3
European Union,,2021-07-13,93.09
European Union,,2021-07-14,93.87
European Union,,2021-07-15,94.69
European Union,,2021-07-16,95.81
European Union,,2021-07-17,96.29
European Union,,2021-07-18,96.93
European Union,,2021-07-19,97.56
European Union,,2021-07-20,98.3
European Union,,2021-07-21,99.07
European Union,,2021-07-22,99.83
European Union,,2021-07-23,100.86
European Union,,2021-07-24,101.21
European Union,,2021-07-25,101.79
European Union,,2021-07-26,102.33
European Union,,2021-07-27,103.05
European Union,,2021-07-28,103.76
European Union,,2021-07-29,104.42
European Union,,2021-07-30,105.33
European Union,,2021-07-31,105.65
European Union,,2021-08-01,106.12
European Union,,2021-08-02,106.6
European Union,,2021-08-03,107.17
European Union,,2021-08-04,107.76
European Union,,2021-08-05,108.33
European Union,,2021-08-06,109.13
European Union,,2021-08-07,109.43
European Union,,2021-08-08,109.86
European Union,,2021-08-09,110.29
European Union,,2021-08-10,110.82
European Union,,2021-08-11,111.36
European Union,,2021-08-12,111.87
European Union,,2021-08-13,112.57
European Union,,2021-08-14,112.78
European Union,,2021-08-15,113.16
European Union,,2021-08-16,113.53
European Union,,2021-08-17,113.97
European Union,,2021-08-18,114.44
European Union,,2021-08-19,114.87
European Union,,2021-08-20,115.43
European Union,,2021-08-21,115.61
European Union,,2021-08-22,116.01
European Union,,2021-08-23,116.38
European Union,,2021-08-24,116.79
European Union,,2021-08-25,117.19
European Union,,2021-08-26,117.6
European Union,,2021-08-27,118.09
European Union,,2021-08-28,118.29
European Union,,2021-08-29,118.65
European Union,,2021-08-30,118.97
European Union,,2021-08-31,119.37
European Union,,2021-09-01,119.73
European Union,,2021-09-02,120.07
European Union,,2021-09-03,120.5
European Union,,2021-09-04,120.68
European Union,,2021-09-05,120.98
European Union,,2021-09-06,121.22
European Union,,2021-09-07,121.54
European Union,,2021-09-08,121.83
European Union,,2021-09-09,122.09
European Union,,2021-09-10,122.47
European Union,,2021-09-11,122.62
European Union,,2021-09-12,122.87
European Union,,2021-09-13,123.07
European Union,,2021-09-14,123.33
European Union,,2021-09-15,123.59
European Union,,2021-09-16,123.83
European Union,,2021-09-17,124.17
European Union,,2021-09-18,124.31
European Union,,2021-09-19,124.55
European Union,,2021-09-20,124.72
European Union,,2021-09-21,124.95
European Union,,2021-09-22,125.19
European Union,,2021-09-23,125.42
European Union,,2021-09-24,125.7
European Union,,2021-09-25,125.84
European Union,,2021-09-26,126
European Union,,2021-09-27,126.17
European Union,,2021-09-28,127
European Union,,2021-09-29,127.22
European Union,,2021-09-30,127.41
European Union,,2021-10-01,127.66
European Union,,2021-10-02,127.77
European Union,,2021-10-03,127.91
European Union,,2021-10-04,128.11
European Union,,2021-10-05,128.35
European Union,,2021-10-06,128.53
European Union,,2021-10-07,128.72
European Union,,2021-10-08,128.96
European Union,,2021-10-09,129.07
European Union,,2021-10-10,129.2
European Union,,2021-10-11,129.34
European Union,,2021-10-12,129.6
European Union,,2021-10-13,129.8
European Union,,2021-10-14,130
European Union,,2021-10-15,130.3
European Union,,2021-10-16,130.41
European Union,,2021-10-17,130.56
European Union,,2021-10-18,130.79
European Union,,2021-10-19,130.98
European Union,,2021-10-20,131.22
European Union,,2021-10-21,131.44
European Union,,2021-10-22,131.72
European Union,,2021-10-23,131.86
European Union,,2021-10-24,132.04
European Union,,2021-10-25,132.21
European Union,,2021-10-26,132.45
European Union,,2021-10-27,132.76
European Union,,2021-10-28,133.04
European Union,,2021-10-29,133.35
European Union,,2021-10-30,133.48
European Union,,2021-10-31,133.65
European Union,,2021-11-01,133.72
European Union,,2021-11-02,133.96
European Union,,2021-11-03,134.26
European Union,,2021-11-04,134.55
European Union,,2021-11-05,134.92
European Union,,2021-11-06,135.05
European Union,,2021-11-07,135.23
European Union,,2021-11-08,135.48
European Union,,2021-11-09,135.84
European Union,,2021-11-10,136.18
European Union,,2021-11-11,136.5
European Union,,2021-11-12,136.99
European Union,,2021-11-13,137.15
European Union,,2021-11-14,137.4
European Union,,2021-11-15,137.73
European Union,,2021-11-16,138.11
European Union,,2021-11-17,138.56
European Union,,2021-11-18,138.98
European Union,,2021-11-19,139.61
European Union,,2021-11-20,139.83
European Union,,2021-11-21,140.12
European Union,,2021-11-22,140.55
European Union,,2021-11-23,141.06
European Union,,2021-11-24,141.58
European Union,,2021-11-25,142.26
European Union,,2021-11-26,143.09
European Union,,2021-11-27,143.53
European Union,,2021-11-28,143.84
European Union,,2021-11-29,144.5
European Union,,2021-11-30,145.1
European Union,,2021-12-01,145.87
European Union,,2021-12-02,146.61
European Union,,2021-12-03,147.68
European Union,,2021-12-04,148.23
European Union,,2021-12-05,148.61
European Union,,2021-12-06,149.3
European Union,,2021-12-07,150.06
European Union,,2021-12-08,150.86
European Union,,2021-12-09,151.62
European Union,,2021-12-10,152.87
European Union,,2021-12-11,153.5
European Union,,2021-12-12,154.58
European Union,,2021-12-13,155.29
European Union,,2021-12-14,156.24
European Union,,2021-12-15,157.2
European Union,,2021-12-16,158.18
European Union,,2021-12-17,159.48
European Union,,2021-12-18,160.12
European Union,,2021-12-19,160.84
European Union,,2021-12-20,161.62
European Union,,2021-12-21,162.42
European Union,,2021-12-22,163.18
European Union,,2021-12-23,163.72
European Union,,2021-12-24,164.33
European Union,,2021-12-25,164.35
European Union,,2021-12-26,164.51
European Union,,2021-12-27,165.01
European Union,,2021-12-28,165.69
European Union,,2021-12-29,166.26
European Union,,2021-12-30,166.82
European Union,,2021-12-31,167.49
European Union,,2022-01-01,167.54
European Union,,2022-01-02,167.95
European Union,,2022-01-03,168.57
European Union,,2022-01-04,169.31
European Union,,2022-01-05,170.01
European Union,,2022-01-06,170.62
European Union,,2022-01-07,171.96
European Union,,2022-01-08,172.5
European Union,,2022-01-09,172.92
European Union,,2022-01-10,173.6
European Union,,2022-01-11,174.34
European Union,,2022-01-12,175.1
European Union,,2022-01-13,175.83
European Union,,2022-01-14,176.95
European Union,,2022-01-15,177.39
European Union,,2022-01-16,177.87
European Union,,2022-01-17,178.41
European Union,,2022-01-18,178.99
European Union,,2022-01-19,179.54
European Union,,2022-01-20,180.17
European Union,,2022-01-21,180.96
European Union,,2022-01-22,181.29
European Union,,2022-01-23,181.67
European Union,,2022-01-24,182.1
European Union,,2022-01-25,182.6
European Union,,2022-01-26,183.05
European Union,,2022-01-27,183.48
European Union,,2022-01-28,184.12
European Union,,2022-01-29,184.39
European Union,,2022-01-30,184.76
European Union,,2022-01-31,185.1
European Union,,2022-02-01,185.42
European Union,,2022-02-02,185.76
European Union,,2022-02-03,186.06
European Union,,2022-02-04,186.58
European Union,,2022-02-05,186.8
European Union,,2022-02-06,187.03
European Union,,2022-02-07,187.27
European Union,,2022-02-08,187.53
European Union,,2022-02-09,187.79
European Union,,2022-02-10,188.02
European Union,,2022-02-11,188.39
European Union,,2022-02-12,188.56
European Union,,2022-02-13,188.73
European Union,,2022-02-14,188.89
European Union,,2022-02-15,189.08
European Union,,2022-02-16,189.32
European Union,,2022-02-17,189.48
European Union,,2022-02-18,189.73
European Union,,2022-02-19,189.84
European Union,,2022-02-20,189.95
European Union,,2022-02-21,190.06
European Union,,2022-02-22,190.21
European Union,,2022-02-23,190.35
European Union,,2022-02-24,190.5
European Union,,2022-02-25,190.69
European Union,,2022-02-26,190.77
European Union,,2022-02-27,190.86
European Union,,2022-02-28,190.95
European Union,,2022-03-01,191.05
European Union,,2022-03-02,191.15
European Union,,2022-03-03,191.26
European Union,,2022-03-04,191.39
European Union,,2022-03-05,191.44
European Union,,2022-03-06,191.5
European Union,,2022-03-07,191.56
European Union,,2022-03-08,191.63
European Union,,2022-03-09,191.71
European Union,,2022-03-10,191.92
European Union,,2022-03-11,192.06
European Union,,2022-03-12,192.11
European Union,,2022-03-13,192.16
European Union,,2022-03-14,192.2
European Union,,2022-03-15,192.28
European Union,,2022-03-16,192.44
European Union,,2022-03-17,192.51
European Union,,2022-03-18,192.66
European Union,,2022-03-19,192.71
European Union,,2022-03-20,192.76
European Union,,2022-03-21,192.87
European Union,,2022-03-22,192.93
European Union,,2022-03-23,193.07
European Union,,2022-03-24,193.14
European Union,,2022-03-25,193.31
European Union,,2022-03-26,193.34
European Union,,2022-03-27,193.38
European Union,,2022-03-28,193.43
European Union,,2022-03-29,193.5
European Union,,2022-03-30,193.62
European Union,,2022-03-31,193.69
European Union,,2022-04-01,193.85
European Union,,2022-04-02,193.87
European Union,,2022-04-03,193.91
European Union,,2022-04-04,193.96
European Union,,2022-04-05,194.02
European Union,,2022-04-06,194.12
European Union,,2022-04-07,194.19
European Union,,2022-04-08,194.34
European Union,,2022-04-09,194.36
European Union,,2022-04-10,194.41
European Union,,2022-04-11,194.45
European Union,,2022-04-12,194.53
European Union,,2022-04-13,194.59
European Union,,2022-04-14,194.65
European Union,,2022-04-15,194.73
European Union,,2022-04-16,194.75
European Union,,2022-04-17,194.8
European Union,,2022-04-18,194.81
European Union,,2022-04-19,194.86
European Union,,2022-04-20,194.91
European Union,,2022-04-21,194.98
European Union,,2022-04-22,195.08
European Union,,2022-04-23,195.11
European Union,,2022-04-24,195.16
European Union,,2022-04-25,195.19
European Union,,2022-04-26,195.25
European Union,,2022-04-27,195.33
European Union,,2022-04-28,195.39
European Union,,2022-04-29,195.49
European Union,,2022-04-30,195.52
European Union,,2022-05-01,195.57
European Union,,2022-05-02,195.6
European Union,,2022-05-03,195.65
European Union,,2022-05-04,195.73
European Union,,2022-05-05,195.78
European Union,,2022-05-06,195.86
European Union,,2022-05-07,195.88
European Union,,2022-05-08,195.92
European Union,,2022-05-09,195.95
European Union,,2022-05-10,196
European Union,,2022-05-11,196.07
European Union,,2022-05-12,196.12
European Union,,2022-05-13,196.19
European Union,,2022-05-14,196.2
European Union,,2022-05-15,196.24
European Union,,2022-05-16,196.26
European Union,,2022-05-17,196.31
European Union,,2022-05-18,196.37
European Union,,2022-05-19,196.42
European Union,,2022-05-20,196.5
European Union,,2022-05-21,196.52
European Union,,2022-05-22,196.57
European Union,,2022-05-23,196.6
European Union,,2022-05-24,196.64
European Union,,2022-05-25,196.72
European Union,,2022-05-26,196.74
European Union,,2022-05-27,196.81
European Union,,2022-05-28,196.82
European Union,,2022-05-29,196.82
European Union,,2022-05-30,196.85
European Union,,2022-05-31,196.89
European Union,,2022-06-01,196.94
European Union,,2022-06-02,196.99
European Union,,2022-06-03,197.08
European Union,,2022-06-04,197.09
European Union,,2022-06-05,197.09
European Union,,2022-06-06,197.1
European Union,,2022-06-07,197.13
European Union,,2022-06-08,197.18
European Union,,2022-06-09,197.23
European Union,,2022-06-10,197.31
European Union,,2022-06-11,197.32
European Union,,2022-06-12,197.33
European Union,,2022-06-13,197.35
European Union,,2022-06-14,197.38
European Union,,2022-06-15,197.44
European Union,,2022-06-16,197.48
European Union,,2022-06-17,197.55
European Union,,2022-06-18,197.56
European Union,,2022-06-19,197.57
European Union,,2022-06-20,197.59
European Union,,2022-06-21,197.62
European Union,,2022-06-22,197.68
European Union,,2022-06-23,197.73
European Union,,2022-06-24,197.82
European Union,,2022-06-25,197.83
European Union,,2022-06-26,197.84
European Union,,2022-06-27,197.86
European Union,,2022-06-28,197.91
European Union,,2022-06-29,197.97
European Union,,2022-06-30,198.02
European Union,,2022-07-01,198.1
European Union,,2022-07-02,198.12
European Union,,2022-07-03,198.12
European Union,,2022-07-04,198.16
European Union,,2022-07-05,198.21
European Union,,2022-07-06,198.29
European Union,,2022-07-07,198.34
European Union,,2022-07-08,198.43
European Union,,2022-07-09,198.45
European Union,,2022-07-10,198.45
European Union,,2022-07-11,198.49
European Union,,2022-07-12,198.55
European Union,,2022-07-13,198.64
European Union,,2022-07-14,198.67
European Union,,2022-07-15,198.73
European Union,,2022-07-16,198.76
European Union,,2022-07-17,198.76
European Union,,2022-07-18,198.8
European Union,,2022-07-19,198.86
European Union,,2022-07-20,198.94
European Union,,2022-07-21,199
European Union,,2022-07-22,199.07
European Union,,2022-07-23,199.1
European Union,,2022-07-24,199.1
European Union,,2022-07-25,199.14
European Union,,2022-07-26,199.21
European Union,,2022-07-27,199.28
European Union,,2022-07-28,199.35
European Union,,2022-07-29,199.41
European Union,,2022-07-30,199.43
European Union,,2022-07-31,199.44
European Union,,2022-08-01,199.48
European Union,,2022-08-02,199.53
European Union,,2022-08-03,199.58
Faeroe Islands,FRO,2021-01-29,7.55
Faeroe Islands,FRO,2021-02-06,8.81
Faeroe Islands,FRO,2021-02-08,9.04
Faeroe Islands,FRO,2021-02-10,10.13
Faeroe Islands,FRO,2021-02-21,10.74
Faeroe Islands,FRO,2021-02-23,11.83
Faeroe Islands,FRO,2021-02-24,12.69
Faeroe Islands,FRO,2021-03-03,13.31
Faeroe Islands,FRO,2021-03-04,13.98
Faeroe Islands,FRO,2021-03-05,14.3
Faeroe Islands,FRO,2021-03-06,14.98
Faeroe Islands,FRO,2021-03-08,15.25
Faeroe Islands,FRO,2021-03-12,16.7
Faeroe Islands,FRO,2021-03-16,16.95
Faeroe Islands,FRO,2021-03-17,17.34
Faeroe Islands,FRO,2021-03-18,17.66
Faeroe Islands,FRO,2021-03-22,17.82
Faeroe Islands,FRO,2021-03-26,18.27
Faeroe Islands,FRO,2021-03-27,18.83
Faeroe Islands,FRO,2021-03-30,20.36
Faeroe Islands,FRO,2021-04-08,21.73
Faeroe Islands,FRO,2021-04-12,23.88
Faeroe Islands,FRO,2021-04-13,24.83
Faeroe Islands,FRO,2021-04-14,25.96
Faeroe Islands,FRO,2021-04-15,27.05
Faeroe Islands,FRO,2021-04-19,27.62
Faeroe Islands,FRO,2021-04-21,28.05
Faeroe Islands,FRO,2021-04-22,29.37
Faeroe Islands,FRO,2021-04-24,32.67
Faeroe Islands,FRO,2021-04-26,34.59
Faeroe Islands,FRO,2021-04-27,36.42
Faeroe Islands,FRO,2021-04-28,38.27
Faeroe Islands,FRO,2021-05-06,39.95
Faeroe Islands,FRO,2021-05-08,42.95
Faeroe Islands,FRO,2021-05-09,44.47
Faeroe Islands,FRO,2021-05-11,48.08
Faeroe Islands,FRO,2021-05-13,49.64
Faeroe Islands,FRO,2021-05-16,51.01
Faeroe Islands,FRO,2021-05-22,52.34
Faeroe Islands,FRO,2021-05-23,54.16
Faeroe Islands,FRO,2021-05-24,56.1
Faeroe Islands,FRO,2021-05-25,57.07
Faeroe Islands,FRO,2021-05-26,58.08
Faeroe Islands,FRO,2021-05-28,61.34
Faeroe Islands,FRO,2021-05-30,61.63
Faeroe Islands,FRO,2021-06-03,64.44
Faeroe Islands,FRO,2021-06-04,65.33
Faeroe Islands,FRO,2021-06-06,67.19
Faeroe Islands,FRO,2021-06-07,68.9
Faeroe Islands,FRO,2021-06-09,72.31
Faeroe Islands,FRO,2021-06-13,75.61
Faeroe Islands,FRO,2021-06-15,76.26
Faeroe Islands,FRO,2021-06-16,76.55
Faeroe Islands,FRO,2021-06-18,78.42
Faeroe Islands,FRO,2021-06-19,78.76
Faeroe Islands,FRO,2021-06-20,80.28
Faeroe Islands,FRO,2021-06-21,82.24
Faeroe Islands,FRO,2021-06-22,83.98
Faeroe Islands,FRO,2021-06-24,85.95
Faeroe Islands,FRO,2021-06-25,87.13
Faeroe Islands,FRO,2021-06-28,88.63
Faeroe Islands,FRO,2021-06-30,89.44
Faeroe Islands,FRO,2021-07-01,91.41
Faeroe Islands,FRO,2021-07-04,94.2
Faeroe Islands,FRO,2021-07-05,96.32
Faeroe Islands,FRO,2021-07-06,98.12
Faeroe Islands,FRO,2021-07-07,100.16
Faeroe Islands,FRO,2021-07-08,101.33
Faeroe Islands,FRO,2021-07-11,107.44
Faeroe Islands,FRO,2021-07-12,108.72
Faeroe Islands,FRO,2021-07-13,109.4
Faeroe Islands,FRO,2021-07-14,110.33
Faeroe Islands,FRO,2021-07-15,111.26
Faeroe Islands,FRO,2021-07-19,114.25
Faeroe Islands,FRO,2021-07-20,114.91
Faeroe Islands,FRO,2021-07-21,116.38
Faeroe Islands,FRO,2021-07-22,116.69
Faeroe Islands,FRO,2021-07-25,117.73
Faeroe Islands,FRO,2021-07-27,119.06
Faeroe Islands,FRO,2021-07-28,120.37
Faeroe Islands,FRO,2021-08-03,122.95
Faeroe Islands,FRO,2021-08-05,124.05
Faeroe Islands,FRO,2021-08-06,126.78
Faeroe Islands,FRO,2021-08-09,128.21
Faeroe Islands,FRO,2021-08-10,128.76
Faeroe Islands,FRO,2021-08-11,129.32
Faeroe Islands,FRO,2021-08-12,130.17
Faeroe Islands,FRO,2021-08-15,130.21
Faeroe Islands,FRO,2021-08-16,131.11
Faeroe Islands,FRO,2021-08-17,131.6
Faeroe Islands,FRO,2021-08-18,131.83
Faeroe Islands,FRO,2021-08-19,132.26
Faeroe Islands,FRO,2021-08-24,133.11
Faeroe Islands,FRO,2021-08-26,133.68
Faeroe Islands,FRO,2021-08-30,134.13
Faeroe Islands,FRO,2021-08-31,134.57
Faeroe Islands,FRO,2021-09-01,134.84
Faeroe Islands,FRO,2021-09-02,135.22
Faeroe Islands,FRO,2021-09-06,135.84
Faeroe Islands,FRO,2021-09-07,136.01
Faeroe Islands,FRO,2021-09-08,136.6
Faeroe Islands,FRO,2021-09-10,137.25
Faeroe Islands,FRO,2021-09-14,137.93
Faeroe Islands,FRO,2021-09-15,138.12
Faeroe Islands,FRO,2021-09-16,138.42
Faeroe Islands,FRO,2021-09-20,138.79
Faeroe Islands,FRO,2021-09-22,139.23
Faeroe Islands,FRO,2021-09-23,139.68
Faeroe Islands,FRO,2021-09-26,139.84
Faeroe Islands,FRO,2021-09-27,140.16
Faeroe Islands,FRO,2021-09-28,140.47
Faeroe Islands,FRO,2021-10-01,141.09
Faeroe Islands,FRO,2021-10-05,141.83
Faeroe Islands,FRO,2021-10-08,142.49
Faeroe Islands,FRO,2021-10-10,142.55
Faeroe Islands,FRO,2021-10-11,142.79
Faeroe Islands,FRO,2021-10-13,143.03
Faeroe Islands,FRO,2021-10-15,143.45
Faeroe Islands,FRO,2021-10-18,143.82
Faeroe Islands,FRO,2021-10-19,144
Faeroe Islands,FRO,2021-10-20,144.43
Faeroe Islands,FRO,2021-10-21,144.68
Faeroe Islands,FRO,2021-10-26,145.07
Faeroe Islands,FRO,2021-10-27,145.36
Faeroe Islands,FRO,2021-10-28,146.11
Faeroe Islands,FRO,2021-10-31,146.64
Faeroe Islands,FRO,2021-11-02,147.5
Faeroe Islands,FRO,2021-11-03,147.63
Faeroe Islands,FRO,2021-11-05,148.14
Faeroe Islands,FRO,2021-12-22,176.82
Faeroe Islands,FRO,2021-12-27,177.74
Faeroe Islands,FRO,2021-12-28,180.17
Faeroe Islands,FRO,2021-12-30,181.96
Faeroe Islands,FRO,2022-01-03,183.33
Faeroe Islands,FRO,2022-01-05,183.67
Faeroe Islands,FRO,2022-01-06,186.19
Faeroe Islands,FRO,2022-01-09,188.31
Faeroe Islands,FRO,2022-01-10,188.76
Faeroe Islands,FRO,2022-01-11,189.21
Faeroe Islands,FRO,2022-01-13,190.24
Faeroe Islands,FRO,2022-01-18,191.02
Faeroe Islands,FRO,2022-01-19,191.56
Faeroe Islands,FRO,2022-01-20,192.49
Faeroe Islands,FRO,2022-01-25,193.91
Faeroe Islands,FRO,2022-01-28,194.8
Faeroe Islands,FRO,2022-01-31,195.17
Faeroe Islands,FRO,2022-02-01,195.28
Faeroe Islands,FRO,2022-02-02,195.41
Faeroe Islands,FRO,2022-02-03,195.66
Faeroe Islands,FRO,2022-02-07,195.83
Faeroe Islands,FRO,2022-02-08,195.91
Faeroe Islands,FRO,2022-02-10,196.09
Faeroe Islands,FRO,2022-02-14,196.14
Faeroe Islands,FRO,2022-02-16,196.36
Faeroe Islands,FRO,2022-02-18,196.44
Falkland Islands,FLK,2021-02-07,0
Falkland Islands,FLK,2021-02-15,40.25
Falkland Islands,FLK,2021-02-22,46.01
Falkland Islands,FLK,2021-03-26,58.1
Falkland Islands,FLK,2021-04-07,114.82
Falkland Islands,FLK,2021-04-14,117.08
Fiji,FJI,2021-03-17,0
Fiji,FJI,2021-04-13,0.68
Fiji,FJI,2021-04-15,3
Fiji,FJI,2021-04-16,6.06
Fiji,FJI,2021-04-20,6.06
Fiji,FJI,2021-05-11,10.06
Fiji,FJI,2021-05-25,11.89
Fiji,FJI,2021-06-01,14.74
Fiji,FJI,2021-06-08,24.16
Fiji,FJI,2021-06-15,26.23
Fiji,FJI,2021-06-21,29.63
Fiji,FJI,2021-06-29,34.86
Fiji,FJI,2021-07-06,41.01
Fiji,FJI,2021-07-13,45.42
Fiji,FJI,2021-07-20,51.02
Fiji,FJI,2021-07-27,58.23
Fiji,FJI,2021-08-02,68.01
Fiji,FJI,2021-08-09,74.72
Fiji,FJI,2021-08-16,80.6
Fiji,FJI,2021-08-23,84.16
Fiji,FJI,2021-08-31,89.29
Fiji,FJI,2021-09-07,93.68
Fiji,FJI,2021-09-14,98.65
Fiji,FJI,2021-09-21,105.48
Fiji,FJI,2021-09-28,110.01
Fiji,FJI,2021-10-05,114.2
Fiji,FJI,2021-10-12,117.99
Fiji,FJI,2021-10-18,122.96
Fiji,FJI,2021-10-25,126.11
Fiji,FJI,2021-11-01,128.62
Fiji,FJI,2021-11-08,129.45
Fiji,FJI,2021-11-15,130.74
Fiji,FJI,2021-11-22,131.22
Fiji,FJI,2021-11-30,133.8
Fiji,FJI,2021-12-06,134.68
Fiji,FJI,2021-12-13,135.99
Fiji,FJI,2021-12-20,137.04
Fiji,FJI,2022-01-04,137.66
Fiji,FJI,2022-01-11,137.91
Fiji,FJI,2022-01-18,138.03
Fiji,FJI,2022-01-24,138.15
Fiji,FJI,2022-01-31,138.35
Fiji,FJI,2022-02-07,138.52
Fiji,FJI,2022-02-14,138.78
Fiji,FJI,2022-02-21,139.02
Fiji,FJI,2022-02-28,139.27
Fiji,FJI,2022-03-07,139.43
Fiji,FJI,2022-03-14,140.94
Fiji,FJI,2022-03-21,141.29
Fiji,FJI,2022-03-28,141.49
Fiji,FJI,2022-04-04,154.47
Fiji,FJI,2022-04-11,155.23
Fiji,FJI,2022-04-18,155.52
Fiji,FJI,2022-04-25,155.57
Fiji,FJI,2022-05-23,158.68
Fiji,FJI,2022-05-30,158.89
Fiji,FJI,2022-06-06,159.47
Fiji,FJI,2022-06-13,159.51
Fiji,FJI,2022-06-20,159.56
Fiji,FJI,2022-06-27,160.28
Fiji,FJI,2022-07-04,160.56
Fiji,FJI,2022-07-11,160.89
Fiji,FJI,2022-07-18,161.08
Fiji,FJI,2022-07-25,161.8
Fiji,FJI,2022-08-01,164.32
Finland,FIN,2021-01-03,0
Finland,FIN,2021-01-17,1.12
Finland,FIN,2021-01-24,2.17
Finland,FIN,2021-01-31,3.19
Finland,FIN,2021-02-07,4.2
Finland,FIN,2021-02-14,5.22
Finland,FIN,2021-02-21,6.75
Finland,FIN,2021-02-28,8.61
Finland,FIN,2021-03-07,10.67
Finland,FIN,2021-03-14,12.91
Finland,FIN,2021-03-21,15.21
Finland,FIN,2021-03-28,17.21
Finland,FIN,2021-04-04,19.63
Finland,FIN,2021-04-11,22.77
Finland,FIN,2021-04-18,27.01
Finland,FIN,2021-04-25,31.02
Finland,FIN,2021-05-02,34.89
Finland,FIN,2021-05-09,39.32
Finland,FIN,2021-05-16,43.6
Finland,FIN,2021-05-23,48.6
Finland,FIN,2021-05-30,53.55
Finland,FIN,2021-06-06,58.97
Finland,FIN,2021-06-13,65.2
Finland,FIN,2021-06-20,71.43
Finland,FIN,2021-06-27,76.18
Finland,FIN,2021-07-04,82.07
Finland,FIN,2021-07-11,87.74
Finland,FIN,2021-07-18,92.62
Finland,FIN,2021-07-25,97.54
Finland,FIN,2021-08-01,102.49
Finland,FIN,2021-08-08,107.27
Finland,FIN,2021-08-15,112.8
Finland,FIN,2021-08-22,118.28
Finland,FIN,2021-08-29,122.88
Finland,FIN,2021-09-05,127.14
Finland,FIN,2021-09-12,130.82
Finland,FIN,2021-09-19,133.47
Finland,FIN,2021-09-26,136.38
Finland,FIN,2021-10-03,139.25
Finland,FIN,2021-10-10,141.76
Finland,FIN,2021-10-17,144.21
Finland,FIN,2021-10-24,146.23
Finland,FIN,2021-10-31,148.35
Finland,FIN,2021-11-07,149.94
Finland,FIN,2021-11-14,151.5
Finland,FIN,2021-11-21,153.26
Finland,FIN,2021-11-28,155.4
Finland,FIN,2021-12-05,158.21
Finland,FIN,2021-12-12,161.57
Finland,FIN,2021-12-19,166.71
Finland,FIN,2021-12-24,170.39
Finland,FIN,2021-12-26,170.42
Finland,FIN,2021-12-27,170.46
Finland,FIN,2021-12-28,171.41
Finland,FIN,2021-12-30,172.41
Finland,FIN,2021-12-31,173.71
Finland,FIN,2022-01-01,175.32
Finland,FIN,2022-01-03,175.33
Finland,FIN,2022-01-04,175.33
Finland,FIN,2022-01-05,175.59
Finland,FIN,2022-01-06,178.33
Finland,FIN,2022-01-08,179.98
Finland,FIN,2022-01-10,182.28
Finland,FIN,2022-01-12,184.71
Finland,FIN,2022-01-15,185.38
Finland,FIN,2022-01-18,186.83
Finland,FIN,2022-01-19,188
Finland,FIN,2022-01-20,188.98
Finland,FIN,2022-01-25,193.16
Finland,FIN,2022-01-26,194.13
Finland,FIN,2022-01-27,194.81
Finland,FIN,2022-01-28,195.51
Finland,FIN,2022-01-29,196.29
Finland,FIN,2022-01-30,197
Finland,FIN,2022-01-31,198.85
Finland,FIN,2022-02-01,199.03
Finland,FIN,2022-02-02,199.41
Finland,FIN,2022-02-03,199.84
Finland,FIN,2022-02-04,201.93
Finland,FIN,2022-02-05,202.64
Finland,FIN,2022-02-07,203
Finland,FIN,2022-02-08,203.99
Finland,FIN,2022-02-09,204.3
Finland,FIN,2022-02-10,204.57
Finland,FIN,2022-02-11,204.85
Finland,FIN,2022-02-12,205.12
Finland,FIN,2022-02-13,205.34
Finland,FIN,2022-02-14,205.39
Finland,FIN,2022-02-15,205.41
Finland,FIN,2022-02-16,205.61
Finland,FIN,2022-02-17,205.83
Finland,FIN,2022-02-18,206.03
Finland,FIN,2022-02-19,206.17
Finland,FIN,2022-02-20,206.33
Finland,FIN,2022-02-21,206.37
Finland,FIN,2022-02-22,206.39
Finland,FIN,2022-02-23,206.53
Finland,FIN,2022-02-24,206.64
Finland,FIN,2022-02-28,206.7
Finland,FIN,2022-03-01,206.72
Finland,FIN,2022-03-02,206.84
Finland,FIN,2022-03-03,206.95
Finland,FIN,2022-03-04,207.04
Finland,FIN,2022-03-06,207.37
Finland,FIN,2022-03-07,207.4
Finland,FIN,2022-03-08,207.42
Finland,FIN,2022-03-09,207.52
Finland,FIN,2022-03-16,209.82
Finland,FIN,2022-03-23,210.59
Finland,FIN,2022-03-29,210.97
Finland,FIN,2022-04-05,211.32
Finland,FIN,2022-04-13,211.71
Finland,FIN,2022-04-20,211.92
Finland,FIN,2022-04-27,212.19
Finland,FIN,2022-05-04,212.41
Finland,FIN,2022-05-11,212.63
Finland,FIN,2022-05-22,217.03
Finland,FIN,2022-05-25,217.56
Finland,FIN,2022-06-01,217.84
Finland,FIN,2022-06-09,218.21
Finland,FIN,2022-06-15,218.87
Finland,FIN,2022-06-23,219.64
Finland,FIN,2022-06-29,219.81
Finland,FIN,2022-07-06,220.12
Finland,FIN,2022-07-13,220.45
Finland,FIN,2022-08-03,222.47
France,FRA,2020-12-27,0
France,FRA,2020-12-28,0
France,FRA,2020-12-29,0
France,FRA,2020-12-30,0
France,FRA,2020-12-31,0
France,FRA,2021-01-01,0.01
France,FRA,2021-01-02,0.01
France,FRA,2021-01-03,0.01
France,FRA,2021-01-04,0.01
France,FRA,2021-01-05,0.02
France,FRA,2021-01-06,0.04
France,FRA,2021-01-07,0.08
France,FRA,2021-01-08,0.14
France,FRA,2021-01-09,0.16
France,FRA,2021-01-10,0.16
France,FRA,2021-01-11,0.22
France,FRA,2021-01-12,0.32
France,FRA,2021-01-13,0.41
France,FRA,2021-01-14,0.54
France,FRA,2021-01-15,0.64
France,FRA,2021-01-16,0.67
France,FRA,2021-01-17,0.68
France,FRA,2021-01-18,0.81
France,FRA,2021-01-19,1.01
France,FRA,2021-01-20,1.21
France,FRA,2021-01-21,1.45
France,FRA,2021-01-22,1.63
France,FRA,2021-01-23,1.68
France,FRA,2021-01-24,1.7
France,FRA,2021-01-25,1.82
France,FRA,2021-01-26,1.97
France,FRA,2021-01-27,2.14
France,FRA,2021-01-28,2.34
France,FRA,2021-01-29,2.51
France,FRA,2021-01-30,2.56
France,FRA,2021-01-31,2.57
France,FRA,2021-02-01,2.68
France,FRA,2021-02-02,2.84
France,FRA,2021-02-03,3.01
France,FRA,2021-02-04,3.21
France,FRA,2021-02-05,3.38
France,FRA,2021-02-06,3.43
France,FRA,2021-02-07,3.44
France,FRA,2021-02-08,3.58
France,FRA,2021-02-09,3.79
France,FRA,2021-02-10,4.02
France,FRA,2021-02-11,4.3
France,FRA,2021-02-12,4.53
France,FRA,2021-02-13,4.59
France,FRA,2021-02-14,4.61
France,FRA,2021-02-15,4.78
France,FRA,2021-02-16,5.01
France,FRA,2021-02-17,5.24
France,FRA,2021-02-18,5.52
France,FRA,2021-02-19,5.75
France,FRA,2021-02-20,5.82
France,FRA,2021-02-21,5.84
France,FRA,2021-02-22,6
France,FRA,2021-02-23,6.21
France,FRA,2021-02-24,6.42
France,FRA,2021-02-25,6.7
France,FRA,2021-02-26,6.98
France,FRA,2021-02-27,7.09
France,FRA,2021-02-28,7.1
France,FRA,2021-03-01,7.28
France,FRA,2021-03-02,7.53
France,FRA,2021-03-03,7.8
France,FRA,2021-03-04,8.15
France,FRA,2021-03-05,8.54
France,FRA,2021-03-06,8.87
France,FRA,2021-03-07,9.06
France,FRA,2021-03-08,9.29
France,FRA,2021-03-09,9.63
France,FRA,2021-03-10,9.98
France,FRA,2021-03-11,10.44
France,FRA,2021-03-12,10.95
France,FRA,2021-03-13,11.32
France,FRA,2021-03-14,11.42
France,FRA,2021-03-15,11.7
France,FRA,2021-03-16,11.97
France,FRA,2021-03-17,12.25
France,FRA,2021-03-18,12.56
France,FRA,2021-03-19,12.96
France,FRA,2021-03-20,13.22
France,FRA,2021-03-21,13.3
France,FRA,2021-03-22,13.6
France,FRA,2021-03-23,14.04
France,FRA,2021-03-24,14.48
France,FRA,2021-03-25,15.06
France,FRA,2021-03-26,15.65
France,FRA,2021-03-27,15.97
France,FRA,2021-03-28,16.06
France,FRA,2021-03-29,16.44
France,FRA,2021-03-30,16.97
France,FRA,2021-03-31,17.47
France,FRA,2021-04-01,18.07
France,FRA,2021-04-02,18.63
France,FRA,2021-04-03,18.93
France,FRA,2021-04-04,19.03
France,FRA,2021-04-05,19.14
France,FRA,2021-04-06,19.62
France,FRA,2021-04-07,20.18
France,FRA,2021-04-08,20.86
France,FRA,2021-04-09,21.64
France,FRA,2021-04-10,22.08
France,FRA,2021-04-11,22.22
France,FRA,2021-04-12,22.74
France,FRA,2021-04-13,23.41
France,FRA,2021-04-14,24.06
France,FRA,2021-04-15,24.78
France,FRA,2021-04-16,25.5
France,FRA,2021-04-17,25.91
France,FRA,2021-04-18,26.04
France,FRA,2021-04-19,26.55
France,FRA,2021-04-20,27.18
France,FRA,2021-04-21,27.81
France,FRA,2021-04-22,28.52
France,FRA,2021-04-23,29.24
France,FRA,2021-04-24,29.69
France,FRA,2021-04-25,29.85
France,FRA,2021-04-26,30.41
France,FRA,2021-04-27,31.11
France,FRA,2021-04-28,31.83
France,FRA,2021-04-29,32.65
France,FRA,2021-04-30,33.48
France,FRA,2021-05-01,33.81
France,FRA,2021-05-02,34
France,FRA,2021-05-03,34.68
France,FRA,2021-05-04,35.48
France,FRA,2021-05-05,36.3
France,FRA,2021-05-06,37.22
France,FRA,2021-05-07,38.16
France,FRA,2021-05-08,38.59
France,FRA,2021-05-09,38.85
France,FRA,2021-05-10,39.66
France,FRA,2021-05-11,40.65
France,FRA,2021-05-12,41.64
France,FRA,2021-05-13,42.22
France,FRA,2021-05-14,43.15
France,FRA,2021-05-15,43.84
France,FRA,2021-05-16,44.18
France,FRA,2021-05-17,44.96
France,FRA,2021-05-18,45.87
France,FRA,2021-05-19,46.78
France,FRA,2021-05-20,47.77
France,FRA,2021-05-21,48.76
France,FRA,2021-05-22,49.4
France,FRA,2021-05-23,49.66
France,FRA,2021-05-24,50.1
France,FRA,2021-05-25,50.98
France,FRA,2021-05-26,51.88
France,FRA,2021-05-27,52.87
France,FRA,2021-05-28,53.9
France,FRA,2021-05-29,54.56
France,FRA,2021-05-30,54.77
France,FRA,2021-05-31,55.61
France,FRA,2021-06-01,56.62
France,FRA,2021-06-02,57.59
France,FRA,2021-06-03,58.67
France,FRA,2021-06-04,59.8
France,FRA,2021-06-05,60.53
France,FRA,2021-06-06,60.8
France,FRA,2021-06-07,61.7
France,FRA,2021-06-08,62.71
France,FRA,2021-06-09,63.7
France,FRA,2021-06-10,64.73
France,FRA,2021-06-11,65.83
France,FRA,2021-06-12,66.56
France,FRA,2021-06-13,66.83
France,FRA,2021-06-14,67.72
France,FRA,2021-06-15,68.75
France,FRA,2021-06-16,69.74
France,FRA,2021-06-17,70.77
France,FRA,2021-06-18,71.91
France,FRA,2021-06-19,72.64
France,FRA,2021-06-20,72.91
France,FRA,2021-06-21,73.8
France,FRA,2021-06-22,74.82
France,FRA,2021-06-23,75.82
France,FRA,2021-06-24,76.79
France,FRA,2021-06-25,77.91
France,FRA,2021-06-26,78.68
France,FRA,2021-06-27,79
France,FRA,2021-06-28,79.9
France,FRA,2021-06-29,80.93
France,FRA,2021-06-30,81.95
France,FRA,2021-07-01,82.98
France,FRA,2021-07-02,84.09
France,FRA,2021-07-03,84.85
France,FRA,2021-07-04,85.14
France,FRA,2021-07-05,86.02
France,FRA,2021-07-06,87.02
France,FRA,2021-07-07,87.99
France,FRA,2021-07-08,88.96
France,FRA,2021-07-09,90.06
France,FRA,2021-07-10,90.79
France,FRA,2021-07-11,91.04
France,FRA,2021-07-12,92
France,FRA,2021-07-13,93.22
France,FRA,2021-07-14,93.72
France,FRA,2021-07-15,94.98
France,FRA,2021-07-16,96.28
France,FRA,2021-07-17,97.14
France,FRA,2021-07-18,97.48
France,FRA,2021-07-19,98.53
France,FRA,2021-07-20,99.76
France,FRA,2021-07-21,100.96
France,FRA,2021-07-22,102.19
France,FRA,2021-07-23,103.47
France,FRA,2021-07-24,104.3
France,FRA,2021-07-25,104.6
France,FRA,2021-07-26,105.59
France,FRA,2021-07-27,106.76
France,FRA,2021-07-28,107.87
France,FRA,2021-07-29,109.01
France,FRA,2021-07-30,110.15
France,FRA,2021-07-31,110.85
France,FRA,2021-08-01,111.09
France,FRA,2021-08-02,111.94
France,FRA,2021-08-03,112.9
France,FRA,2021-08-04,113.78
France,FRA,2021-08-05,114.67
France,FRA,2021-08-06,115.61
France,FRA,2021-08-07,116.19
France,FRA,2021-08-08,116.39
France,FRA,2021-08-09,117.16
France,FRA,2021-08-10,118.03
France,FRA,2021-08-11,118.84
France,FRA,2021-08-12,119.65
France,FRA,2021-08-13,120.44
France,FRA,2021-08-14,120.95
France,FRA,2021-08-15,121.08
France,FRA,2021-08-16,121.83
France,FRA,2021-08-17,122.65
France,FRA,2021-08-18,123.43
France,FRA,2021-08-19,124.2
France,FRA,2021-08-20,125.03
France,FRA,2021-08-21,125.54
France,FRA,2021-08-22,125.71
France,FRA,2021-08-23,126.45
France,FRA,2021-08-24,127.26
France,FRA,2021-08-25,128
France,FRA,2021-08-26,128.73
France,FRA,2021-08-27,129.53
France,FRA,2021-08-28,130.04
France,FRA,2021-08-29,130.2
France,FRA,2021-08-30,130.86
France,FRA,2021-08-31,131.57
France,FRA,2021-09-01,132.22
France,FRA,2021-09-02,132.8
France,FRA,2021-09-03,133.45
France,FRA,2021-09-04,133.93
France,FRA,2021-09-05,134.03
France,FRA,2021-09-06,134.46
France,FRA,2021-09-07,134.9
France,FRA,2021-09-08,135.38
France,FRA,2021-09-09,135.79
France,FRA,2021-09-10,136.29
France,FRA,2021-09-11,136.66
France,FRA,2021-09-12,136.73
France,FRA,2021-09-13,137.07
France,FRA,2021-09-14,137.46
France,FRA,2021-09-15,137.9
France,FRA,2021-09-16,138.25
France,FRA,2021-09-17,138.68
France,FRA,2021-09-18,138.98
France,FRA,2021-09-19,139.03
France,FRA,2021-09-20,139.31
France,FRA,2021-09-21,139.62
France,FRA,2021-09-22,139.98
France,FRA,2021-09-23,140.28
France,FRA,2021-09-24,140.63
France,FRA,2021-09-25,140.88
France,FRA,2021-09-26,140.92
France,FRA,2021-09-27,141.15
France,FRA,2021-09-28,141.4
France,FRA,2021-09-29,141.7
France,FRA,2021-09-30,141.94
France,FRA,2021-10-01,142.27
France,FRA,2021-10-02,142.48
France,FRA,2021-10-03,142.5
France,FRA,2021-10-04,142.72
France,FRA,2021-10-05,142.96
France,FRA,2021-10-06,143.24
France,FRA,2021-10-07,143.47
France,FRA,2021-10-08,143.8
France,FRA,2021-10-09,143.98
France,FRA,2021-10-10,144.01
France,FRA,2021-10-11,144.22
France,FRA,2021-10-12,144.45
France,FRA,2021-10-13,144.71
France,FRA,2021-10-14,144.94
France,FRA,2021-10-15,145.25
France,FRA,2021-10-16,145.42
France,FRA,2021-10-17,145.44
France,FRA,2021-10-18,145.65
France,FRA,2021-10-19,145.87
France,FRA,2021-10-20,146.14
France,FRA,2021-10-21,146.37
France,FRA,2021-10-22,146.68
France,FRA,2021-10-23,146.85
France,FRA,2021-10-24,146.86
France,FRA,2021-10-25,147.08
France,FRA,2021-10-26,147.29
France,FRA,2021-10-27,147.57
France,FRA,2021-10-28,147.79
France,FRA,2021-10-29,148.09
France,FRA,2021-10-30,148.24
France,FRA,2021-10-31,148.26
France,FRA,2021-11-01,148.28
France,FRA,2021-11-02,148.52
France,FRA,2021-11-03,148.81
France,FRA,2021-11-04,149.06
France,FRA,2021-11-05,149.4
France,FRA,2021-11-06,149.58
France,FRA,2021-11-07,149.59
France,FRA,2021-11-08,149.87
France,FRA,2021-11-09,150.21
France,FRA,2021-11-10,150.62
France,FRA,2021-11-11,150.65
France,FRA,2021-11-12,151.05
France,FRA,2021-11-13,151.25
France,FRA,2021-11-14,151.27
France,FRA,2021-11-15,151.6
France,FRA,2021-11-16,151.99
France,FRA,2021-11-17,152.41
France,FRA,2021-11-18,152.8
France,FRA,2021-11-19,153.3
France,FRA,2021-11-20,153.54
France,FRA,2021-11-21,153.57
France,FRA,2021-11-22,153.92
France,FRA,2021-11-23,154.37
France,FRA,2021-11-24,154.83
France,FRA,2021-11-25,155.32
France,FRA,2021-11-26,156.04
France,FRA,2021-11-27,156.47
France,FRA,2021-11-28,156.58
France,FRA,2021-11-29,157.19
France,FRA,2021-11-30,158.02
France,FRA,2021-12-01,158.87
France,FRA,2021-12-02,159.79
France,FRA,2021-12-03,160.85
France,FRA,2021-12-04,161.47
France,FRA,2021-12-05,161.64
France,FRA,2021-12-06,162.53
France,FRA,2021-12-07,163.66
France,FRA,2021-12-08,164.71
France,FRA,2021-12-09,165.87
France,FRA,2021-12-10,167.17
France,FRA,2021-12-11,167.96
France,FRA,2021-12-12,168.22
France,FRA,2021-12-13,169.26
France,FRA,2021-12-14,170.62
France,FRA,2021-12-15,171.86
France,FRA,2021-12-16,173.21
France,FRA,2021-12-17,174.65
France,FRA,2021-12-18,175.51
France,FRA,2021-12-19,175.82
France,FRA,2021-12-20,176.89
France,FRA,2021-12-21,178.13
France,FRA,2021-12-22,179.19
France,FRA,2021-12-23,180.02
France,FRA,2021-12-24,180.24
France,FRA,2021-12-25,180.26
France,FRA,2021-12-26,180.36
France,FRA,2021-12-27,181.2
France,FRA,2021-12-28,182.24
France,FRA,2021-12-29,183.18
France,FRA,2021-12-30,183.97
France,FRA,2021-12-31,184.2
France,FRA,2022-01-01,184.22
France,FRA,2022-01-02,184.34
France,FRA,2022-01-03,185.26
France,FRA,2022-01-04,186.44
France,FRA,2022-01-05,187.53
France,FRA,2022-01-06,188.71
France,FRA,2022-01-07,190.03
France,FRA,2022-01-08,190.85
France,FRA,2022-01-09,191.1
France,FRA,2022-01-10,191.99
France,FRA,2022-01-11,193.02
France,FRA,2022-01-12,193.92
France,FRA,2022-01-13,194.84
France,FRA,2022-01-14,195.91
France,FRA,2022-01-15,196.57
France,FRA,2022-01-16,196.74
France,FRA,2022-01-17,197.35
France,FRA,2022-01-18,198.03
France,FRA,2022-01-19,198.61
France,FRA,2022-01-20,199.18
France,FRA,2022-01-21,199.87
France,FRA,2022-01-22,200.31
France,FRA,2022-01-23,200.41
France,FRA,2022-01-24,200.83
France,FRA,2022-01-25,201.3
France,FRA,2022-01-26,201.75
France,FRA,2022-01-27,202.15
France,FRA,2022-01-28,202.73
France,FRA,2022-01-29,203.11
France,FRA,2022-01-30,203.19
France,FRA,2022-01-31,203.5
France,FRA,2022-02-01,203.85
France,FRA,2022-02-02,204.23
France,FRA,2022-02-03,204.55
France,FRA,2022-02-04,205.03
France,FRA,2022-02-05,205.35
France,FRA,2022-02-06,205.42
France,FRA,2022-02-07,205.73
France,FRA,2022-02-08,206.06
France,FRA,2022-02-09,206.42
France,FRA,2022-02-10,206.72
France,FRA,2022-02-11,207.14
France,FRA,2022-02-12,207.42
France,FRA,2022-02-13,207.47
France,FRA,2022-02-14,207.76
France,FRA,2022-02-15,208.04
France,FRA,2022-02-16,208.31
France,FRA,2022-02-17,208.49
France,FRA,2022-02-18,208.73
France,FRA,2022-02-19,208.88
France,FRA,2022-02-20,208.9
France,FRA,2022-02-21,209.03
France,FRA,2022-02-22,209.15
France,FRA,2022-02-23,209.3
France,FRA,2022-02-24,209.41
France,FRA,2022-02-25,209.56
France,FRA,2022-02-26,209.67
France,FRA,2022-02-27,209.69
France,FRA,2022-02-28,209.77
France,FRA,2022-03-01,209.86
France,FRA,2022-03-02,209.96
France,FRA,2022-03-03,210.03
France,FRA,2022-03-04,210.11
France,FRA,2022-03-05,210.17
France,FRA,2022-03-06,210.17
France,FRA,2022-03-07,210.21
France,FRA,2022-03-08,210.25
France,FRA,2022-03-09,210.31
France,FRA,2022-03-10,210.35
France,FRA,2022-03-11,210.4
France,FRA,2022-03-12,210.44
France,FRA,2022-03-13,210.44
France,FRA,2022-03-14,210.48
France,FRA,2022-03-15,210.53
France,FRA,2022-03-16,210.59
France,FRA,2022-03-17,210.63
France,FRA,2022-03-18,210.7
France,FRA,2022-03-19,210.75
France,FRA,2022-03-20,210.75
France,FRA,2022-03-21,210.8
France,FRA,2022-03-22,210.86
France,FRA,2022-03-23,210.93
France,FRA,2022-03-24,210.98
France,FRA,2022-03-25,211.06
France,FRA,2022-03-26,211.11
France,FRA,2022-03-27,211.11
France,FRA,2022-03-28,211.16
France,FRA,2022-03-29,211.23
France,FRA,2022-03-30,211.31
France,FRA,2022-03-31,211.37
France,FRA,2022-04-01,211.46
France,FRA,2022-04-02,211.49
France,FRA,2022-04-03,211.5
France,FRA,2022-04-04,211.55
France,FRA,2022-04-05,211.63
France,FRA,2022-04-06,211.7
France,FRA,2022-04-07,211.77
France,FRA,2022-04-08,211.87
France,FRA,2022-04-09,211.91
France,FRA,2022-04-10,211.92
France,FRA,2022-04-11,211.98
France,FRA,2022-04-12,212.07
France,FRA,2022-04-13,212.15
France,FRA,2022-04-14,212.22
France,FRA,2022-04-15,212.31
France,FRA,2022-04-16,212.33
France,FRA,2022-04-17,212.34
France,FRA,2022-04-18,212.35
France,FRA,2022-04-19,212.41
France,FRA,2022-04-20,212.49
France,FRA,2022-04-21,212.56
France,FRA,2022-04-22,212.65
France,FRA,2022-04-23,212.68
France,FRA,2022-04-24,212.69
France,FRA,2022-04-25,212.74
France,FRA,2022-04-26,212.82
France,FRA,2022-04-27,212.89
France,FRA,2022-04-28,212.97
France,FRA,2022-04-29,213.06
France,FRA,2022-04-30,213.09
France,FRA,2022-05-01,213.09
France,FRA,2022-05-02,213.14
France,FRA,2022-05-03,213.22
France,FRA,2022-05-04,213.28
France,FRA,2022-05-05,213.36
France,FRA,2022-05-06,213.44
France,FRA,2022-05-07,213.47
France,FRA,2022-05-08,213.48
France,FRA,2022-05-09,213.53
France,FRA,2022-05-10,213.61
France,FRA,2022-05-11,213.68
France,FRA,2022-05-12,213.75
France,FRA,2022-05-13,213.84
France,FRA,2022-05-14,213.86
France,FRA,2022-05-15,213.87
France,FRA,2022-05-16,213.92
France,FRA,2022-05-17,214
France,FRA,2022-05-18,214.06
France,FRA,2022-05-19,214.13
France,FRA,2022-05-20,214.22
France,FRA,2022-05-21,214.25
France,FRA,2022-05-22,214.25
France,FRA,2022-05-23,214.3
France,FRA,2022-05-24,214.38
France,FRA,2022-05-25,214.44
France,FRA,2022-05-26,214.44
France,FRA,2022-05-27,214.49
France,FRA,2022-05-28,214.51
France,FRA,2022-05-29,214.51
France,FRA,2022-05-30,214.56
France,FRA,2022-05-31,214.63
France,FRA,2022-06-01,214.69
France,FRA,2022-06-02,214.76
France,FRA,2022-06-03,214.85
France,FRA,2022-06-04,214.87
France,FRA,2022-06-05,214.88
France,FRA,2022-06-06,214.88
France,FRA,2022-06-07,214.96
France,FRA,2022-06-08,215.02
France,FRA,2022-06-09,215.1
France,FRA,2022-06-10,215.19
France,FRA,2022-06-11,215.22
France,FRA,2022-06-12,215.22
France,FRA,2022-06-13,215.27
France,FRA,2022-06-14,215.36
France,FRA,2022-06-15,215.43
France,FRA,2022-06-16,215.5
France,FRA,2022-06-17,215.6
France,FRA,2022-06-18,215.63
France,FRA,2022-06-19,215.63
France,FRA,2022-06-20,215.69
France,FRA,2022-06-21,215.78
France,FRA,2022-06-22,215.86
France,FRA,2022-06-23,215.96
France,FRA,2022-06-24,216.09
France,FRA,2022-06-25,216.13
France,FRA,2022-06-26,216.14
France,FRA,2022-06-27,216.23
France,FRA,2022-06-28,216.4
France,FRA,2022-06-29,216.53
France,FRA,2022-06-30,216.7
France,FRA,2022-07-01,216.91
France,FRA,2022-07-02,216.98
France,FRA,2022-07-03,216.99
France,FRA,2022-07-04,217.13
France,FRA,2022-07-05,217.37
France,FRA,2022-07-06,217.54
France,FRA,2022-07-07,217.76
France,FRA,2022-07-08,218
France,FRA,2022-07-09,218.07
France,FRA,2022-07-10,218.09
France,FRA,2022-07-11,218.25
France,FRA,2022-07-12,218.5
France,FRA,2022-07-13,218.67
France,FRA,2022-07-14,218.68
France,FRA,2022-07-15,218.83
France,FRA,2022-07-16,218.88
France,FRA,2022-07-17,218.89
France,FRA,2022-07-18,219
France,FRA,2022-07-19,219.18
France,FRA,2022-07-20,219.32
France,FRA,2022-07-21,219.48
France,FRA,2022-07-22,219.63
France,FRA,2022-07-23,219.68
France,FRA,2022-07-24,219.69
France,FRA,2022-07-25,219.77
France,FRA,2022-07-26,219.92
France,FRA,2022-07-27,220.03
France,FRA,2022-07-28,220.15
France,FRA,2022-07-29,220.26
France,FRA,2022-07-30,220.29
France,FRA,2022-07-31,220.3
France,FRA,2022-08-01,220.35
France,FRA,2022-08-02,220.45
French Polynesia,PYF,2021-02-02,0.7
French Polynesia,PYF,2021-02-10,1.19
French Polynesia,PYF,2021-02-16,1.88
French Polynesia,PYF,2021-02-17,2.02
French Polynesia,PYF,2021-02-23,2.65
French Polynesia,PYF,2021-03-01,3.19
French Polynesia,PYF,2021-03-02,3.32
French Polynesia,PYF,2021-03-09,4.08
French Polynesia,PYF,2021-03-16,6.25
French Polynesia,PYF,2021-03-23,7.89
French Polynesia,PYF,2021-03-30,9.89
French Polynesia,PYF,2021-04-07,11.48
French Polynesia,PYF,2021-04-13,14.6
French Polynesia,PYF,2021-04-20,16.95
French Polynesia,PYF,2021-04-27,20.45
French Polynesia,PYF,2021-05-04,23.56
French Polynesia,PYF,2021-05-11,26.71
French Polynesia,PYF,2021-05-18,28.2
French Polynesia,PYF,2021-05-25,31.43
French Polynesia,PYF,2021-06-01,33.96
French Polynesia,PYF,2021-06-08,38.07
French Polynesia,PYF,2021-06-15,39.27
French Polynesia,PYF,2021-06-21,41.27
French Polynesia,PYF,2021-06-29,43.59
French Polynesia,PYF,2021-07-13,46.55
French Polynesia,PYF,2021-07-20,48.79
French Polynesia,PYF,2021-07-27,50.66
French Polynesia,PYF,2021-08-02,53.11
French Polynesia,PYF,2021-08-09,57.27
French Polynesia,PYF,2021-08-16,62.52
French Polynesia,PYF,2021-08-23,68.87
French Polynesia,PYF,2021-08-31,77.33
French Polynesia,PYF,2021-09-07,84.62
French Polynesia,PYF,2021-09-14,89.19
French Polynesia,PYF,2021-09-21,92.81
French Polynesia,PYF,2021-09-28,95.64
French Polynesia,PYF,2021-10-05,97.02
French Polynesia,PYF,2021-10-12,98.08
French Polynesia,PYF,2021-10-18,99.49
French Polynesia,PYF,2021-10-25,99.87
French Polynesia,PYF,2021-11-01,100.16
French Polynesia,PYF,2021-11-15,102.89
French Polynesia,PYF,2021-11-22,103.47
French Polynesia,PYF,2021-11-30,104.85
French Polynesia,PYF,2021-12-06,105.58
French Polynesia,PYF,2021-12-13,106.78
French Polynesia,PYF,2021-12-20,108.24
French Polynesia,PYF,2022-01-04,109.49
French Polynesia,PYF,2022-01-18,112.81
French Polynesia,PYF,2022-02-07,114.24
French Polynesia,PYF,2022-02-14,114.72
French Polynesia,PYF,2022-02-21,114.91
French Polynesia,PYF,2022-02-28,119.69
French Polynesia,PYF,2022-03-07,119.99
French Polynesia,PYF,2022-03-14,120.65
French Polynesia,PYF,2022-03-21,120.71
French Polynesia,PYF,2022-03-28,120.73
French Polynesia,PYF,2022-04-04,148.47
French Polynesia,PYF,2022-04-11,148.5
French Polynesia,PYF,2022-04-18,148.53
French Polynesia,PYF,2022-04-25,148.57
French Polynesia,PYF,2022-05-02,148.61
French Polynesia,PYF,2022-05-09,148.65
French Polynesia,PYF,2022-05-16,148.8
French Polynesia,PYF,2022-05-23,149.08
Gabon,GAB,2021-03-22,0
Gabon,GAB,2021-03-31,0.01
Gabon,GAB,2021-04-02,0.1
Gabon,GAB,2021-04-09,0.17
Gabon,GAB,2021-04-14,0.21
Gabon,GAB,2021-04-16,0.25
Gabon,GAB,2021-04-19,0.28
Gabon,GAB,2021-04-21,0.33
Gabon,GAB,2021-04-23,0.38
Gabon,GAB,2021-04-30,0.46
Gabon,GAB,2021-05-05,0.53
Gabon,GAB,2021-05-17,0.74
Gabon,GAB,2021-05-29,0.96
Gabon,GAB,2021-06-05,1
Gabon,GAB,2021-06-09,1.27
Gabon,GAB,2021-06-11,1.37
Gabon,GAB,2021-06-12,1.43
Gabon,GAB,2021-06-23,2.11
Gabon,GAB,2021-06-30,2.42
Gabon,GAB,2021-07-05,2.74
Gabon,GAB,2021-07-12,3.09
Gabon,GAB,2021-07-19,3.52
Gabon,GAB,2021-07-24,3.72
Gabon,GAB,2021-08-03,4.28
Gabon,GAB,2021-08-05,4.43
Gabon,GAB,2021-08-09,4.76
Gabon,GAB,2021-08-12,5.15
Gabon,GAB,2021-08-20,5.46
Gabon,GAB,2021-08-25,5.59
Gabon,GAB,2021-09-03,6.26
Gabon,GAB,2021-09-16,7.32
Gabon,GAB,2021-09-22,7.58
Gabon,GAB,2021-09-30,7.7
Gabon,GAB,2021-10-07,7.96
Gabon,GAB,2021-10-14,8.81
Gabon,GAB,2021-10-21,9.29
Gabon,GAB,2021-10-29,9.54
Gabon,GAB,2021-11-01,9.75
Gabon,GAB,2021-11-04,9.93
Gabon,GAB,2021-11-08,10.42
Gabon,GAB,2021-11-10,10.61
Gabon,GAB,2021-11-15,10.98
Gabon,GAB,2021-11-22,11.68
Gabon,GAB,2021-11-24,11.87
Gabon,GAB,2021-12-04,14.04
Gabon,GAB,2021-12-13,16.78
Gabon,GAB,2022-01-16,21.32
Gabon,GAB,2022-02-09,23.31
Gabon,GAB,2022-03-17,23.45
Gabon,GAB,2022-03-24,23.49
Gabon,GAB,2022-04-26,23.78
Gabon,GAB,2022-05-01,23.78
Gabon,GAB,2022-05-22,23.85
Gabon,GAB,2022-05-29,23.85
Gabon,GAB,2022-06-05,24.21
Gabon,GAB,2022-06-19,24.23
Gabon,GAB,2022-06-26,24.24
Gabon,GAB,2022-07-10,24.29
Gambia,GMB,2021-03-09,0
Gambia,GMB,2021-03-28,0.2
Gambia,GMB,2021-04-06,0.48
Gambia,GMB,2021-04-09,0.63
Gambia,GMB,2021-04-24,0.79
Gambia,GMB,2021-05-05,0.93
Gambia,GMB,2021-05-09,0.96
Gambia,GMB,2021-05-11,0.98
Gambia,GMB,2021-05-31,1.1
Gambia,GMB,2021-06-08,1.55
Gambia,GMB,2021-06-23,1.56
Gambia,GMB,2021-06-30,1.63
Gambia,GMB,2021-07-15,1.65
Gambia,GMB,2021-08-23,6.99
Gambia,GMB,2021-08-25,7.25
Gambia,GMB,2021-08-28,7.33
Gambia,GMB,2021-08-29,7.35
Gambia,GMB,2021-08-31,7.47
Gambia,GMB,2021-09-03,7.57
Gambia,GMB,2021-09-07,7.65
Gambia,GMB,2021-09-21,7.85
Gambia,GMB,2021-09-29,7.89
Gambia,GMB,2021-10-19,9.14
Gambia,GMB,2021-10-22,9.66
Gambia,GMB,2021-10-26,9.79
Gambia,GMB,2021-10-31,10.06
Gambia,GMB,2021-11-06,10.12
Gambia,GMB,2021-11-14,10.14
Gambia,GMB,2021-11-21,10.15
Gambia,GMB,2021-12-02,10.27
Gambia,GMB,2021-12-11,10.36
Gambia,GMB,2021-12-14,10.47
Gambia,GMB,2021-12-28,11.16
Gambia,GMB,2022-01-21,13.25
Gambia,GMB,2022-02-16,13.72
Gambia,GMB,2022-05-22,27.27
Gambia,GMB,2022-06-19,30.79
Georgia,GEO,2021-03-14,0
Georgia,GEO,2021-03-29,0.13
Georgia,GEO,2021-03-31,0.21
Georgia,GEO,2021-04-05,0.31
Georgia,GEO,2021-04-07,0.42
Georgia,GEO,2021-04-09,0.46
Georgia,GEO,2021-04-10,0.49
Georgia,GEO,2021-04-12,0.55
Georgia,GEO,2021-04-13,0.59
Georgia,GEO,2021-04-14,0.63
Georgia,GEO,2021-04-15,0.66
Georgia,GEO,2021-04-16,0.7
Georgia,GEO,2021-04-17,0.74
Georgia,GEO,2021-04-19,0.8
Georgia,GEO,2021-04-20,0.83
Georgia,GEO,2021-04-21,0.85
Georgia,GEO,2021-04-22,0.89
Georgia,GEO,2021-04-23,0.93
Georgia,GEO,2021-04-26,1.03
Georgia,GEO,2021-04-27,1.07
Georgia,GEO,2021-04-28,1.11
Georgia,GEO,2021-04-29,1.16
Georgia,GEO,2021-04-30,1.21
Georgia,GEO,2021-05-05,1.28
Georgia,GEO,2021-05-06,1.37
Georgia,GEO,2021-05-07,1.46
Georgia,GEO,2021-05-08,1.56
Georgia,GEO,2021-05-10,1.66
Georgia,GEO,2021-05-11,1.79
Georgia,GEO,2021-05-12,1.9
Georgia,GEO,2021-05-13,2.06
Georgia,GEO,2021-05-14,2.16
Georgia,GEO,2021-05-15,2.27
Georgia,GEO,2021-05-17,2.38
Georgia,GEO,2021-05-18,2.48
Georgia,GEO,2021-05-19,2.59
Georgia,GEO,2021-05-20,2.7
Georgia,GEO,2021-05-21,2.81
Georgia,GEO,2021-05-22,2.91
Georgia,GEO,2021-05-24,3.01
Georgia,GEO,2021-05-25,3.12
Georgia,GEO,2021-05-26,3.23
Georgia,GEO,2021-05-27,3.34
Georgia,GEO,2021-05-28,3.46
Georgia,GEO,2021-05-29,3.58
Georgia,GEO,2021-05-31,3.7
Georgia,GEO,2021-06-01,3.83
Georgia,GEO,2021-06-02,3.97
Georgia,GEO,2021-06-03,4.14
Georgia,GEO,2021-06-04,4.31
Georgia,GEO,2021-06-05,4.45
Georgia,GEO,2021-06-07,4.61
Georgia,GEO,2021-06-08,4.76
Georgia,GEO,2021-06-09,4.92
Georgia,GEO,2021-06-10,5.08
Georgia,GEO,2021-06-11,5.25
Georgia,GEO,2021-06-12,5.38
Georgia,GEO,2021-06-14,5.52
Georgia,GEO,2021-06-15,5.65
Georgia,GEO,2021-06-16,5.77
Georgia,GEO,2021-06-17,5.88
Georgia,GEO,2021-06-18,6
Georgia,GEO,2021-06-19,6.12
Georgia,GEO,2021-06-21,6.24
Georgia,GEO,2021-06-22,6.34
Georgia,GEO,2021-06-23,6.45
Georgia,GEO,2021-06-24,6.53
Georgia,GEO,2021-06-25,6.61
Georgia,GEO,2021-06-26,6.69
Georgia,GEO,2021-06-28,6.78
Georgia,GEO,2021-06-29,6.86
Georgia,GEO,2021-06-30,6.96
Georgia,GEO,2021-07-02,7.08
Georgia,GEO,2021-07-05,7.16
Georgia,GEO,2021-07-06,7.26
Georgia,GEO,2021-07-07,7.39
Georgia,GEO,2021-07-08,7.55
Georgia,GEO,2021-07-09,7.7
Georgia,GEO,2021-07-22,10.43
Georgia,GEO,2021-07-25,10.76
Georgia,GEO,2021-07-26,11.13
Georgia,GEO,2021-07-27,11.52
Georgia,GEO,2021-07-29,12.37
Georgia,GEO,2021-07-31,12.82
Georgia,GEO,2021-08-01,13.49
Georgia,GEO,2021-08-03,14.44
Georgia,GEO,2021-08-04,15.03
Georgia,GEO,2021-08-05,15.53
Georgia,GEO,2021-08-06,16.15
Georgia,GEO,2021-08-07,16.67
Georgia,GEO,2021-08-08,17.06
Georgia,GEO,2021-08-09,17.7
Georgia,GEO,2021-08-10,18.33
Georgia,GEO,2021-08-11,19.05
Georgia,GEO,2021-08-12,19.73
Georgia,GEO,2021-08-13,20.43
Georgia,GEO,2021-08-14,21.07
Georgia,GEO,2021-08-16,22.13
Georgia,GEO,2021-08-18,23.51
Georgia,GEO,2021-08-19,24.15
Georgia,GEO,2021-08-22,25.6
Georgia,GEO,2021-08-23,26.07
Georgia,GEO,2021-08-24,27.63
Georgia,GEO,2021-08-25,28.36
Georgia,GEO,2021-08-26,29.14
Georgia,GEO,2021-08-28,30.49
Georgia,GEO,2021-08-29,30.98
Georgia,GEO,2021-08-31,32.22
Georgia,GEO,2021-09-01,32.87
Georgia,GEO,2021-09-02,33.51
Georgia,GEO,2021-09-04,34.97
Georgia,GEO,2021-09-05,35.29
Georgia,GEO,2021-09-06,35.66
Georgia,GEO,2021-09-07,36.37
Georgia,GEO,2021-09-10,38.14
Georgia,GEO,2021-09-12,40.13
Georgia,GEO,2021-09-14,40.82
Georgia,GEO,2021-09-16,42.85
Georgia,GEO,2021-09-19,44.04
Georgia,GEO,2021-09-20,44.47
Georgia,GEO,2021-09-21,44.88
Georgia,GEO,2021-09-22,45.26
Georgia,GEO,2021-09-23,45.64
Georgia,GEO,2021-09-25,46.03
Georgia,GEO,2021-09-26,46.55
Georgia,GEO,2021-09-27,46.86
Georgia,GEO,2021-09-28,47.23
Georgia,GEO,2021-10-02,48.26
Georgia,GEO,2021-10-03,48.38
Georgia,GEO,2021-10-04,48.61
Georgia,GEO,2021-10-06,48.87
Georgia,GEO,2021-10-09,49.57
Georgia,GEO,2021-10-10,49.89
Georgia,GEO,2021-10-11,50.08
Georgia,GEO,2021-10-13,50.27
Georgia,GEO,2021-10-14,50.56
Georgia,GEO,2021-10-19,51.12
Georgia,GEO,2021-11-03,52.97
Georgia,GEO,2021-11-04,53.09
Georgia,GEO,2021-11-06,53.33
Georgia,GEO,2021-11-07,53.36
Georgia,GEO,2021-11-08,53.51
Georgia,GEO,2021-11-09,53.71
Georgia,GEO,2021-11-11,54.1
Georgia,GEO,2021-11-12,54.32
Georgia,GEO,2021-11-13,54.45
Georgia,GEO,2021-11-15,54.74
Georgia,GEO,2021-11-16,54.98
Georgia,GEO,2021-11-17,55.2
Georgia,GEO,2021-11-19,55.62
Georgia,GEO,2021-11-21,55.81
Georgia,GEO,2021-11-22,56.08
Georgia,GEO,2021-11-23,56.22
Georgia,GEO,2021-11-25,56.78
Georgia,GEO,2021-11-28,57.36
Georgia,GEO,2021-11-30,58.1
Georgia,GEO,2021-12-01,58.48
Georgia,GEO,2021-12-03,59.2
Georgia,GEO,2021-12-05,59.56
Georgia,GEO,2021-12-06,59.9
Georgia,GEO,2021-12-07,60.26
Georgia,GEO,2021-12-08,60.58
Georgia,GEO,2021-12-10,61.21
Georgia,GEO,2021-12-12,61.52
Georgia,GEO,2021-12-13,61.85
Georgia,GEO,2021-12-14,62.19
Georgia,GEO,2021-12-15,62.52
Georgia,GEO,2021-12-16,62.84
Georgia,GEO,2021-12-17,63.13
Georgia,GEO,2021-12-18,63.36
Georgia,GEO,2021-12-19,63.45
Georgia,GEO,2021-12-20,63.85
Georgia,GEO,2021-12-21,64.26
Georgia,GEO,2021-12-23,64.62
Georgia,GEO,2021-12-24,64.97
Georgia,GEO,2021-12-26,65.64
Georgia,GEO,2021-12-28,66.4
Georgia,GEO,2021-12-30,66.87
Georgia,GEO,2022-01-03,67.06
Georgia,GEO,2022-01-04,67.27
Georgia,GEO,2022-01-05,67.5
Georgia,GEO,2022-01-06,67.74
Georgia,GEO,2022-01-08,67.89
Georgia,GEO,2022-01-10,68.27
Georgia,GEO,2022-01-11,68.59
Georgia,GEO,2022-01-12,68.87
Georgia,GEO,2022-01-13,69.09
Georgia,GEO,2022-01-15,69.44
Georgia,GEO,2022-01-16,69.51
Georgia,GEO,2022-01-17,69.78
Georgia,GEO,2022-01-18,70.05
Georgia,GEO,2022-01-19,70.13
Georgia,GEO,2022-01-20,70.34
Georgia,GEO,2022-01-21,70.55
Georgia,GEO,2022-01-22,70.69
Georgia,GEO,2022-01-24,70.74
Georgia,GEO,2022-01-25,70.99
Georgia,GEO,2022-01-26,71.22
Georgia,GEO,2022-01-27,71.72
Georgia,GEO,2022-01-29,71.98
Georgia,GEO,2022-01-30,72.19
Georgia,GEO,2022-01-31,72.44
Georgia,GEO,2022-02-01,72.65
Georgia,GEO,2022-02-02,72.82
Georgia,GEO,2022-02-03,72.97
Georgia,GEO,2022-02-04,73.1
Georgia,GEO,2022-02-05,73.18
Georgia,GEO,2022-02-07,73.33
Georgia,GEO,2022-02-08,73.44
Georgia,GEO,2022-02-09,73.56
Georgia,GEO,2022-02-10,73.66
Georgia,GEO,2022-02-12,73.84
Georgia,GEO,2022-02-13,73.86
Georgia,GEO,2022-02-14,73.97
Georgia,GEO,2022-02-16,74.18
Georgia,GEO,2022-02-17,74.28
Georgia,GEO,2022-02-18,74.37
Georgia,GEO,2022-02-19,74.42
Georgia,GEO,2022-02-20,74.44
Georgia,GEO,2022-02-21,74.53
Georgia,GEO,2022-02-22,74.64
Georgia,GEO,2022-02-24,74.81
Georgia,GEO,2022-02-25,74.89
Georgia,GEO,2022-02-26,74.94
Georgia,GEO,2022-02-27,74.95
Georgia,GEO,2022-02-28,75.05
Georgia,GEO,2022-03-01,75.1
Georgia,GEO,2022-03-02,75.13
Georgia,GEO,2022-03-03,75.14
Georgia,GEO,2022-03-04,75.17
Georgia,GEO,2022-03-05,75.2
Georgia,GEO,2022-03-06,75.2
Georgia,GEO,2022-03-07,75.24
Georgia,GEO,2022-03-09,75.28
Georgia,GEO,2022-03-10,75.33
Georgia,GEO,2022-03-11,75.37
Georgia,GEO,2022-03-12,75.39
Georgia,GEO,2022-03-13,75.39
Georgia,GEO,2022-03-14,75.44
Georgia,GEO,2022-03-15,75.49
Georgia,GEO,2022-03-17,75.57
Georgia,GEO,2022-03-18,75.61
Georgia,GEO,2022-03-19,75.64
Georgia,GEO,2022-03-20,75.64
Georgia,GEO,2022-03-21,75.69
Georgia,GEO,2022-03-22,75.74
Georgia,GEO,2022-03-23,75.8
Georgia,GEO,2022-03-24,75.85
Georgia,GEO,2022-03-25,75.89
Georgia,GEO,2022-03-26,75.92
Georgia,GEO,2022-03-27,75.93
Georgia,GEO,2022-03-29,76.03
Georgia,GEO,2022-03-30,76.08
Georgia,GEO,2022-03-31,76.14
Georgia,GEO,2022-04-03,76.16
Georgia,GEO,2022-04-04,76.17
Georgia,GEO,2022-04-05,76.18
Georgia,GEO,2022-04-06,76.19
Georgia,GEO,2022-04-07,76.22
Georgia,GEO,2022-04-08,76.25
Georgia,GEO,2022-04-09,76.26
Georgia,GEO,2022-04-10,76.26
Georgia,GEO,2022-04-11,76.3
Georgia,GEO,2022-04-12,76.34
Georgia,GEO,2022-04-13,76.37
Georgia,GEO,2022-04-14,76.4
Georgia,GEO,2022-04-17,76.45
Georgia,GEO,2022-04-18,76.48
Georgia,GEO,2022-04-20,76.5
Georgia,GEO,2022-04-21,76.56
Georgia,GEO,2022-04-28,76.62
Georgia,GEO,2022-04-30,76.69
Georgia,GEO,2022-05-02,76.71
Georgia,GEO,2022-05-03,76.73
Georgia,GEO,2022-05-06,76.78
Georgia,GEO,2022-05-08,76.8
Georgia,GEO,2022-05-15,76.87
Georgia,GEO,2022-05-24,76.94
Georgia,GEO,2022-05-31,77.01
Georgia,GEO,2022-06-07,77.06
Georgia,GEO,2022-06-14,77.12
Georgia,GEO,2022-06-21,77.18
Georgia,GEO,2022-06-28,77.22
Georgia,GEO,2022-07-12,77.38
Georgia,GEO,2022-07-19,77.45
Georgia,GEO,2022-07-26,77.53
Germany,DEU,2020-12-27,0.03
Germany,DEU,2020-12-28,0.05
Germany,DEU,2020-12-29,0.11
Germany,DEU,2020-12-30,0.19
Germany,DEU,2020-12-31,0.25
Germany,DEU,2021-01-01,0.28
Germany,DEU,2021-01-02,0.34
Germany,DEU,2021-01-03,0.36
Germany,DEU,2021-01-04,0.42
Germany,DEU,2021-01-05,0.48
Germany,DEU,2021-01-06,0.56
Germany,DEU,2021-01-07,0.62
Germany,DEU,2021-01-08,0.7
Germany,DEU,2021-01-09,0.77
Germany,DEU,2021-01-10,0.81
Germany,DEU,2021-01-11,0.9
Germany,DEU,2021-01-12,0.99
Germany,DEU,2021-01-13,1.13
Germany,DEU,2021-01-14,1.23
Germany,DEU,2021-01-15,1.34
Germany,DEU,2021-01-16,1.41
Germany,DEU,2021-01-17,1.46
Germany,DEU,2021-01-18,1.56
Germany,DEU,2021-01-19,1.71
Germany,DEU,2021-01-20,1.87
Germany,DEU,2021-01-21,1.99
Germany,DEU,2021-01-22,2.12
Germany,DEU,2021-01-23,2.22
Germany,DEU,2021-01-24,2.28
Germany,DEU,2021-01-25,2.39
Germany,DEU,2021-01-26,2.51
Germany,DEU,2021-01-27,2.64
Germany,DEU,2021-01-28,2.75
Germany,DEU,2021-01-29,2.88
Germany,DEU,2021-01-30,2.98
Germany,DEU,2021-01-31,3.05
Germany,DEU,2021-02-01,3.2
Germany,DEU,2021-02-02,3.36
Germany,DEU,2021-02-03,3.55
Germany,DEU,2021-02-04,3.71
Germany,DEU,2021-02-05,3.89
Germany,DEU,2021-02-06,4
Germany,DEU,2021-02-07,4.07
Germany,DEU,2021-02-08,4.2
Germany,DEU,2021-02-09,4.36
Germany,DEU,2021-02-10,4.55
Germany,DEU,2021-02-11,4.72
Germany,DEU,2021-02-12,4.91
Germany,DEU,2021-02-13,5.04
Germany,DEU,2021-02-14,5.12
Germany,DEU,2021-02-15,5.27
Germany,DEU,2021-02-16,5.43
Germany,DEU,2021-02-17,5.61
Germany,DEU,2021-02-18,5.78
Germany,DEU,2021-02-19,5.97
Germany,DEU,2021-02-20,6.11
Germany,DEU,2021-02-21,6.21
Germany,DEU,2021-02-22,6.4
Germany,DEU,2021-02-23,6.61
Germany,DEU,2021-02-24,6.82
Germany,DEU,2021-02-25,7.05
Germany,DEU,2021-02-26,7.3
Germany,DEU,2021-02-27,7.48
Germany,DEU,2021-02-28,7.61
Germany,DEU,2021-03-01,7.84
Germany,DEU,2021-03-02,8.11
Germany,DEU,2021-03-03,8.41
Germany,DEU,2021-03-04,8.7
Germany,DEU,2021-03-05,9.03
Germany,DEU,2021-03-06,9.28
Germany,DEU,2021-03-07,9.45
Germany,DEU,2021-03-08,9.74
Germany,DEU,2021-03-09,10.04
Germany,DEU,2021-03-10,10.39
Germany,DEU,2021-03-11,10.73
Germany,DEU,2021-03-12,11.13
Germany,DEU,2021-03-13,11.41
Germany,DEU,2021-03-14,11.62
Germany,DEU,2021-03-15,11.92
Germany,DEU,2021-03-16,12.13
Germany,DEU,2021-03-17,12.38
Germany,DEU,2021-03-18,12.61
Germany,DEU,2021-03-19,12.91
Germany,DEU,2021-03-20,13.17
Germany,DEU,2021-03-21,13.37
Germany,DEU,2021-03-22,13.7
Germany,DEU,2021-03-23,14.05
Germany,DEU,2021-03-24,14.46
Germany,DEU,2021-03-25,14.86
Germany,DEU,2021-03-26,15.31
Germany,DEU,2021-03-27,15.65
Germany,DEU,2021-03-28,15.88
Germany,DEU,2021-03-29,16.25
Germany,DEU,2021-03-30,16.64
Germany,DEU,2021-03-31,17.04
Germany,DEU,2021-04-01,17.44
Germany,DEU,2021-04-02,17.71
Germany,DEU,2021-04-03,17.99
Germany,DEU,2021-04-04,18.22
Germany,DEU,2021-04-05,18.52
Germany,DEU,2021-04-06,18.99
Germany,DEU,2021-04-07,19.86
Germany,DEU,2021-04-08,20.72
Germany,DEU,2021-04-09,21.47
Germany,DEU,2021-04-10,21.91
Germany,DEU,2021-04-11,22.22
Germany,DEU,2021-04-12,22.72
Germany,DEU,2021-04-13,23.44
Germany,DEU,2021-04-14,24.41
Germany,DEU,2021-04-15,25.23
Germany,DEU,2021-04-16,25.93
Germany,DEU,2021-04-17,26.36
Germany,DEU,2021-04-18,26.68
Germany,DEU,2021-04-19,27.15
Germany,DEU,2021-04-20,27.86
Germany,DEU,2021-04-21,28.76
Germany,DEU,2021-04-22,29.53
Germany,DEU,2021-04-23,30.17
Germany,DEU,2021-04-24,30.61
Germany,DEU,2021-04-25,30.94
Germany,DEU,2021-04-26,31.47
Germany,DEU,2021-04-27,32.5
Germany,DEU,2021-04-28,33.89
Germany,DEU,2021-04-29,35.03
Germany,DEU,2021-04-30,35.94
Germany,DEU,2021-05-01,36.33
Germany,DEU,2021-05-02,36.64
Germany,DEU,2021-05-03,37.19
Germany,DEU,2021-05-04,38.26
Germany,DEU,2021-05-05,39.71
Germany,DEU,2021-05-06,40.91
Germany,DEU,2021-05-07,41.94
Germany,DEU,2021-05-08,42.44
Germany,DEU,2021-05-09,42.77
Germany,DEU,2021-05-10,43.5
Germany,DEU,2021-05-11,44.9
Germany,DEU,2021-05-12,46.66
Germany,DEU,2021-05-13,47.15
Germany,DEU,2021-05-14,48.04
Germany,DEU,2021-05-15,48.51
Germany,DEU,2021-05-16,48.84
Germany,DEU,2021-05-17,49.5
Germany,DEU,2021-05-18,50.62
Germany,DEU,2021-05-19,52.05
Germany,DEU,2021-05-20,53.23
Germany,DEU,2021-05-21,54.24
Germany,DEU,2021-05-22,54.72
Germany,DEU,2021-05-23,55.04
Germany,DEU,2021-05-24,55.42
Germany,DEU,2021-05-25,56.24
Germany,DEU,2021-05-26,57.77
Germany,DEU,2021-05-27,59.04
Germany,DEU,2021-05-28,60.1
Germany,DEU,2021-05-29,60.59
Germany,DEU,2021-05-30,60.92
Germany,DEU,2021-05-31,61.61
Germany,DEU,2021-06-01,62.85
Germany,DEU,2021-06-02,64.43
Germany,DEU,2021-06-03,65.2
Germany,DEU,2021-06-04,66.15
Germany,DEU,2021-06-05,66.65
Germany,DEU,2021-06-06,66.98
Germany,DEU,2021-06-07,67.71
Germany,DEU,2021-06-08,69.08
Germany,DEU,2021-06-09,70.89
Germany,DEU,2021-06-10,72.35
Germany,DEU,2021-06-11,73.6
Germany,DEU,2021-06-12,74.12
Germany,DEU,2021-06-13,74.43
Germany,DEU,2021-06-14,75.2
Germany,DEU,2021-06-15,76.57
Germany,DEU,2021-06-16,78.3
Germany,DEU,2021-06-17,79.69
Germany,DEU,2021-06-18,80.85
Germany,DEU,2021-06-19,81.36
Germany,DEU,2021-06-20,81.69
Germany,DEU,2021-06-21,82.43
Germany,DEU,2021-06-22,83.83
Germany,DEU,2021-06-23,85.54
Germany,DEU,2021-06-24,86.78
Germany,DEU,2021-06-25,87.86
Germany,DEU,2021-06-26,88.35
Germany,DEU,2021-06-27,88.68
Germany,DEU,2021-06-28,89.42
Germany,DEU,2021-06-29,90.63
Germany,DEU,2021-06-30,91.98
Germany,DEU,2021-07-01,93.13
Germany,DEU,2021-07-02,94.12
Germany,DEU,2021-07-03,94.57
Germany,DEU,2021-07-04,94.88
Germany,DEU,2021-07-05,95.51
Germany,DEU,2021-07-06,96.52
Germany,DEU,2021-07-07,97.81
Germany,DEU,2021-07-08,98.85
Germany,DEU,2021-07-09,99.73
Germany,DEU,2021-07-10,100.13
Germany,DEU,2021-07-11,100.39
Germany,DEU,2021-07-12,100.95
Germany,DEU,2021-07-13,101.94
Germany,DEU,2021-07-14,103.21
Germany,DEU,2021-07-15,104.15
Germany,DEU,2021-07-16,104.92
Germany,DEU,2021-07-17,105.26
Germany,DEU,2021-07-18,105.47
Germany,DEU,2021-07-19,105.92
Germany,DEU,2021-07-20,106.71
Germany,DEU,2021-07-21,107.68
Germany,DEU,2021-07-22,108.47
Germany,DEU,2021-07-23,109.11
Germany,DEU,2021-07-24,109.36
Germany,DEU,2021-07-25,109.5
Germany,DEU,2021-07-26,109.9
Germany,DEU,2021-07-27,110.62
Germany,DEU,2021-07-28,111.51
Germany,DEU,2021-07-29,112.22
Germany,DEU,2021-07-30,112.79
Germany,DEU,2021-07-31,113.01
Germany,DEU,2021-08-01,113.14
Germany,DEU,2021-08-02,113.49
Germany,DEU,2021-08-03,114.09
Germany,DEU,2021-08-04,114.83
Germany,DEU,2021-08-05,115.47
Germany,DEU,2021-08-06,115.98
Germany,DEU,2021-08-07,116.2
Germany,DEU,2021-08-08,116.33
Germany,DEU,2021-08-09,116.68
Germany,DEU,2021-08-10,117.24
Germany,DEU,2021-08-11,117.93
Germany,DEU,2021-08-12,118.52
Germany,DEU,2021-08-13,119
Germany,DEU,2021-08-14,119.23
Germany,DEU,2021-08-15,119.37
Germany,DEU,2021-08-16,119.69
Germany,DEU,2021-08-17,120.16
Germany,DEU,2021-08-18,120.71
Germany,DEU,2021-08-19,121.16
Germany,DEU,2021-08-20,121.53
Germany,DEU,2021-08-21,121.72
Germany,DEU,2021-08-22,121.83
Germany,DEU,2021-08-23,122.09
Germany,DEU,2021-08-24,122.48
Germany,DEU,2021-08-25,122.91
Germany,DEU,2021-08-26,123.29
Germany,DEU,2021-08-27,123.6
Germany,DEU,2021-08-28,123.77
Germany,DEU,2021-08-29,123.87
Germany,DEU,2021-08-30,124.09
Germany,DEU,2021-08-31,124.42
Germany,DEU,2021-09-01,124.81
Germany,DEU,2021-09-02,125.14
Germany,DEU,2021-09-03,125.41
Germany,DEU,2021-09-04,125.54
Germany,DEU,2021-09-05,125.61
Germany,DEU,2021-09-06,125.79
Germany,DEU,2021-09-07,126.09
Germany,DEU,2021-09-08,126.43
Germany,DEU,2021-09-09,126.75
Germany,DEU,2021-09-10,127.02
Germany,DEU,2021-09-11,127.15
Germany,DEU,2021-09-12,127.22
Germany,DEU,2021-09-13,127.41
Germany,DEU,2021-09-14,127.73
Germany,DEU,2021-09-15,128.1
Germany,DEU,2021-09-16,128.45
Germany,DEU,2021-09-17,128.74
Germany,DEU,2021-09-18,128.87
Germany,DEU,2021-09-19,128.94
Germany,DEU,2021-09-20,129.13
Germany,DEU,2021-09-21,129.45
Germany,DEU,2021-09-22,129.81
Germany,DEU,2021-09-23,130.15
Germany,DEU,2021-09-24,130.42
Germany,DEU,2021-09-25,130.54
Germany,DEU,2021-09-26,130.6
Germany,DEU,2021-09-27,130.78
Germany,DEU,2021-09-28,131.08
Germany,DEU,2021-09-29,131.4
Germany,DEU,2021-09-30,131.68
Germany,DEU,2021-10-01,131.84
Germany,DEU,2021-10-02,131.87
Germany,DEU,2021-10-03,131.88
Germany,DEU,2021-10-04,132
Germany,DEU,2021-10-05,132.26
Germany,DEU,2021-10-06,132.54
Germany,DEU,2021-10-07,132.82
Germany,DEU,2021-10-08,133.01
Germany,DEU,2021-10-09,133.06
Germany,DEU,2021-10-10,133.07
Germany,DEU,2021-10-11,133.19
Germany,DEU,2021-10-12,133.45
Germany,DEU,2021-10-13,133.73
Germany,DEU,2021-10-14,134
Germany,DEU,2021-10-15,134.19
Germany,DEU,2021-10-16,134.23
Germany,DEU,2021-10-17,134.25
Germany,DEU,2021-10-18,134.37
Germany,DEU,2021-10-19,134.62
Germany,DEU,2021-10-20,134.9
Germany,DEU,2021-10-21,135.16
Germany,DEU,2021-10-22,135.35
Germany,DEU,2021-10-23,135.39
Germany,DEU,2021-10-24,135.41
Germany,DEU,2021-10-25,135.54
Germany,DEU,2021-10-26,135.84
Germany,DEU,2021-10-27,136.17
Germany,DEU,2021-10-28,136.5
Germany,DEU,2021-10-29,136.72
Germany,DEU,2021-10-30,136.78
Germany,DEU,2021-10-31,136.8
Germany,DEU,2021-11-01,136.87
Germany,DEU,2021-11-02,137.17
Germany,DEU,2021-11-03,137.56
Germany,DEU,2021-11-04,137.96
Germany,DEU,2021-11-05,138.25
Germany,DEU,2021-11-06,138.34
Germany,DEU,2021-11-07,138.36
Germany,DEU,2021-11-08,138.58
Germany,DEU,2021-11-09,139.05
Germany,DEU,2021-11-10,139.59
Germany,DEU,2021-11-11,140.13
Germany,DEU,2021-11-12,140.56
Germany,DEU,2021-11-13,140.68
Germany,DEU,2021-11-14,140.72
Germany,DEU,2021-11-15,141.03
Germany,DEU,2021-11-16,141.67
Germany,DEU,2021-11-17,142.39
Germany,DEU,2021-11-18,143.15
Germany,DEU,2021-11-19,143.79
Germany,DEU,2021-11-20,144.08
Germany,DEU,2021-11-21,144.18
Germany,DEU,2021-11-22,144.69
Germany,DEU,2021-11-23,145.72
Germany,DEU,2021-11-24,146.94
Germany,DEU,2021-11-25,148.1
Germany,DEU,2021-11-26,149.11
Germany,DEU,2021-11-27,149.95
Germany,DEU,2021-11-28,150.16
Germany,DEU,2021-11-29,150.86
Germany,DEU,2021-11-30,152.12
Germany,DEU,2021-12-01,153.65
Germany,DEU,2021-12-02,155.08
Germany,DEU,2021-12-03,156.37
Germany,DEU,2021-12-04,157.59
Germany,DEU,2021-12-05,157.92
Germany,DEU,2021-12-06,158.82
Germany,DEU,2021-12-07,160.26
Germany,DEU,2021-12-08,161.97
Germany,DEU,2021-12-09,163.56
Germany,DEU,2021-12-10,165.02
Germany,DEU,2021-12-11,166.48
Germany,DEU,2021-12-12,166.86
Germany,DEU,2021-12-13,167.83
Germany,DEU,2021-12-14,169.45
Germany,DEU,2021-12-15,171.32
Germany,DEU,2021-12-16,173.07
Germany,DEU,2021-12-17,174.6
Germany,DEU,2021-12-18,175.97
Germany,DEU,2021-12-19,176.39
Germany,DEU,2021-12-20,177.46
Germany,DEU,2021-12-21,178.95
Germany,DEU,2021-12-22,180.41
Germany,DEU,2021-12-23,181.21
Germany,DEU,2021-12-24,181.27
Germany,DEU,2021-12-25,181.3
Germany,DEU,2021-12-26,181.38
Germany,DEU,2021-12-27,182.1
Germany,DEU,2021-12-28,183
Germany,DEU,2021-12-29,183.84
Germany,DEU,2021-12-30,184.42
Germany,DEU,2021-12-31,184.49
Germany,DEU,2022-01-01,184.53
Germany,DEU,2022-01-02,184.71
Germany,DEU,2022-01-03,185.29
Germany,DEU,2022-01-04,186.13
Germany,DEU,2022-01-05,187.11
Germany,DEU,2022-01-06,187.93
Germany,DEU,2022-01-07,188.85
Germany,DEU,2022-01-08,189.47
Germany,DEU,2022-01-09,189.69
Germany,DEU,2022-01-10,190.36
Germany,DEU,2022-01-11,191.32
Germany,DEU,2022-01-12,192.37
Germany,DEU,2022-01-13,193.38
Germany,DEU,2022-01-14,194.31
Germany,DEU,2022-01-15,194.87
Germany,DEU,2022-01-16,195.06
Germany,DEU,2022-01-17,195.63
Germany,DEU,2022-01-18,196.41
Germany,DEU,2022-01-19,197.23
Germany,DEU,2022-01-20,198.07
Germany,DEU,2022-01-21,198.78
Germany,DEU,2022-01-22,199.14
Germany,DEU,2022-01-23,199.27
Germany,DEU,2022-01-24,199.7
Germany,DEU,2022-01-25,200.3
Germany,DEU,2022-01-26,200.9
Germany,DEU,2022-01-27,201.51
Germany,DEU,2022-01-28,202.03
Germany,DEU,2022-01-29,202.29
Germany,DEU,2022-01-30,202.38
Germany,DEU,2022-01-31,202.66
Germany,DEU,2022-02-01,203.01
Germany,DEU,2022-02-02,203.44
Germany,DEU,2022-02-03,203.85
Germany,DEU,2022-02-04,204.22
Germany,DEU,2022-02-05,204.4
Germany,DEU,2022-02-06,204.46
Germany,DEU,2022-02-07,204.66
Germany,DEU,2022-02-08,205
Germany,DEU,2022-02-09,205.34
Germany,DEU,2022-02-10,205.67
Germany,DEU,2022-02-11,205.97
Germany,DEU,2022-02-12,206.1
Germany,DEU,2022-02-13,206.14
Germany,DEU,2022-02-14,206.3
Germany,DEU,2022-02-15,206.57
Germany,DEU,2022-02-16,206.84
Germany,DEU,2022-02-17,207.11
Germany,DEU,2022-02-18,207.37
Germany,DEU,2022-02-19,207.46
Germany,DEU,2022-02-20,207.5
Germany,DEU,2022-02-21,207.66
Germany,DEU,2022-02-22,207.9
Germany,DEU,2022-02-23,208.15
Germany,DEU,2022-02-24,208.4
Germany,DEU,2022-02-25,208.61
Germany,DEU,2022-02-26,208.69
Germany,DEU,2022-02-27,208.71
Germany,DEU,2022-02-28,208.84
Germany,DEU,2022-03-01,209.03
Germany,DEU,2022-03-02,209.22
Germany,DEU,2022-03-03,209.48
Germany,DEU,2022-03-04,209.68
Germany,DEU,2022-03-05,209.74
Germany,DEU,2022-03-06,209.77
Germany,DEU,2022-03-07,209.89
Germany,DEU,2022-03-08,210.09
Germany,DEU,2022-03-09,210.3
Germany,DEU,2022-03-10,210.54
Germany,DEU,2022-03-11,210.74
Germany,DEU,2022-03-12,210.8
Germany,DEU,2022-03-13,210.82
Germany,DEU,2022-03-14,210.93
Germany,DEU,2022-03-15,211.14
Germany,DEU,2022-03-16,211.36
Germany,DEU,2022-03-17,211.59
Germany,DEU,2022-03-18,211.77
Germany,DEU,2022-03-19,211.83
Germany,DEU,2022-03-20,211.85
Germany,DEU,2022-03-21,211.96
Germany,DEU,2022-03-22,212.17
Germany,DEU,2022-03-23,212.38
Germany,DEU,2022-03-24,212.6
Germany,DEU,2022-03-25,212.78
Germany,DEU,2022-03-26,212.83
Germany,DEU,2022-03-27,212.85
Germany,DEU,2022-03-28,212.97
Germany,DEU,2022-03-29,213.16
Germany,DEU,2022-03-30,213.39
Germany,DEU,2022-03-31,213.61
Germany,DEU,2022-04-01,213.75
Germany,DEU,2022-04-02,213.79
Germany,DEU,2022-04-03,213.81
Germany,DEU,2022-04-04,213.9
Germany,DEU,2022-04-05,214.08
Germany,DEU,2022-04-06,214.3
Germany,DEU,2022-04-07,214.52
Germany,DEU,2022-04-08,214.69
Germany,DEU,2022-04-09,214.73
Germany,DEU,2022-04-10,214.74
Germany,DEU,2022-04-11,214.82
Germany,DEU,2022-04-12,214.96
Germany,DEU,2022-04-13,215.11
Germany,DEU,2022-04-14,215.24
Germany,DEU,2022-04-15,215.25
Germany,DEU,2022-04-16,215.26
Germany,DEU,2022-04-17,215.26
Germany,DEU,2022-04-18,215.26
Germany,DEU,2022-04-19,215.35
Germany,DEU,2022-04-20,215.46
Germany,DEU,2022-04-21,215.59
Germany,DEU,2022-04-22,215.69
Germany,DEU,2022-04-23,215.71
Germany,DEU,2022-04-24,215.72
Germany,DEU,2022-04-25,215.79
Germany,DEU,2022-04-26,215.93
Germany,DEU,2022-04-27,216.07
Germany,DEU,2022-04-28,216.22
Germany,DEU,2022-04-29,216.34
Germany,DEU,2022-04-30,216.37
Germany,DEU,2022-05-01,216.37
Germany,DEU,2022-05-02,216.42
Germany,DEU,2022-05-03,216.53
Germany,DEU,2022-05-04,216.71
Germany,DEU,2022-05-05,216.84
Germany,DEU,2022-05-06,216.93
Germany,DEU,2022-05-07,216.95
Germany,DEU,2022-05-08,216.95
Germany,DEU,2022-05-09,217
Germany,DEU,2022-05-10,217.1
Germany,DEU,2022-05-11,217.2
Germany,DEU,2022-05-12,217.3
Germany,DEU,2022-05-13,217.37
Germany,DEU,2022-05-14,217.38
Germany,DEU,2022-05-15,217.39
Germany,DEU,2022-05-16,217.43
Germany,DEU,2022-05-17,217.51
Germany,DEU,2022-05-18,217.59
Germany,DEU,2022-05-19,217.68
Germany,DEU,2022-05-20,217.75
Germany,DEU,2022-05-21,217.76
Germany,DEU,2022-05-22,217.77
Germany,DEU,2022-05-23,217.8
Germany,DEU,2022-05-24,217.88
Germany,DEU,2022-05-25,217.95
Germany,DEU,2022-05-26,217.95
Germany,DEU,2022-05-27,217.98
Germany,DEU,2022-05-28,217.99
Germany,DEU,2022-05-29,217.99
Germany,DEU,2022-05-30,218.02
Germany,DEU,2022-05-31,218.08
Germany,DEU,2022-06-01,218.14
Germany,DEU,2022-06-02,218.2
Germany,DEU,2022-06-03,218.26
Germany,DEU,2022-06-04,218.27
Germany,DEU,2022-06-05,218.27
Germany,DEU,2022-06-06,218.27
Germany,DEU,2022-06-07,218.31
Germany,DEU,2022-06-08,218.36
Germany,DEU,2022-06-09,218.42
Germany,DEU,2022-06-10,218.47
Germany,DEU,2022-06-11,218.48
Germany,DEU,2022-06-12,218.48
Germany,DEU,2022-06-13,218.51
Germany,DEU,2022-06-14,218.56
Germany,DEU,2022-06-15,218.62
Germany,DEU,2022-06-16,218.65
Germany,DEU,2022-06-17,218.69
Germany,DEU,2022-06-18,218.7
Germany,DEU,2022-06-19,218.71
Germany,DEU,2022-06-20,218.74
Germany,DEU,2022-06-21,218.8
Germany,DEU,2022-06-22,218.86
Germany,DEU,2022-06-23,218.94
Germany,DEU,2022-06-24,219
Germany,DEU,2022-06-25,219.01
Germany,DEU,2022-06-26,219.02
Germany,DEU,2022-06-27,219.05
Germany,DEU,2022-06-28,219.11
Germany,DEU,2022-06-29,219.18
Germany,DEU,2022-06-30,219.25
Germany,DEU,2022-07-01,219.29
Germany,DEU,2022-07-02,219.31
Germany,DEU,2022-07-03,219.31
Germany,DEU,2022-07-04,219.33
Germany,DEU,2022-07-05,219.39
Germany,DEU,2022-07-06,219.45
Germany,DEU,2022-07-07,219.53
Germany,DEU,2022-07-08,219.58
Germany,DEU,2022-07-09,219.59
Germany,DEU,2022-07-10,219.59
Germany,DEU,2022-07-11,219.62
Germany,DEU,2022-07-12,219.69
Germany,DEU,2022-07-13,219.76
Germany,DEU,2022-07-14,219.84
Germany,DEU,2022-07-15,219.9
Germany,DEU,2022-07-16,219.92
Germany,DEU,2022-07-17,219.93
Germany,DEU,2022-07-18,219.96
Germany,DEU,2022-07-19,220.02
Germany,DEU,2022-07-20,220.08
Germany,DEU,2022-07-21,220.16
Germany,DEU,2022-07-22,220.21
Germany,DEU,2022-07-23,220.23
Germany,DEU,2022-07-24,220.23
Germany,DEU,2022-07-25,220.26
Germany,DEU,2022-07-26,220.32
Germany,DEU,2022-07-27,220.38
Germany,DEU,2022-07-28,220.45
Germany,DEU,2022-07-29,220.5
Germany,DEU,2022-07-30,220.51
Germany,DEU,2022-07-31,220.51
Germany,DEU,2022-08-01,220.53
Germany,DEU,2022-08-02,220.58
Germany,DEU,2022-08-03,220.62
Ghana,GHA,2021-03-01,0
Ghana,GHA,2021-03-08,0.62
Ghana,GHA,2021-03-10,0.91
Ghana,GHA,2021-03-18,1.28
Ghana,GHA,2021-03-24,1.52
Ghana,GHA,2021-04-07,1.82
Ghana,GHA,2021-04-08,1.97
Ghana,GHA,2021-04-09,2.07
Ghana,GHA,2021-04-11,2.14
Ghana,GHA,2021-04-12,2.26
Ghana,GHA,2021-04-15,2.3
Ghana,GHA,2021-04-20,2.57
Ghana,GHA,2021-04-26,2.58
Ghana,GHA,2021-05-24,2.58
Ghana,GHA,2021-05-31,3.74
Ghana,GHA,2021-06-20,3.75
Ghana,GHA,2021-07-05,3.84
Ghana,GHA,2021-07-12,3.85
Ghana,GHA,2021-07-19,3.87
Ghana,GHA,2021-09-20,4.94
Ghana,GHA,2021-10-07,6.67
Ghana,GHA,2021-10-21,8.31
Ghana,GHA,2021-10-28,9.08
Ghana,GHA,2021-11-04,9.45
Ghana,GHA,2021-11-05,9.63
Ghana,GHA,2021-11-10,9.71
Ghana,GHA,2021-11-18,10.26
Ghana,GHA,2021-11-24,10.64
Ghana,GHA,2021-12-15,12.84
Ghana,GHA,2021-12-23,23.62
Ghana,GHA,2022-01-13,27.42
Ghana,GHA,2022-01-17,30.51
Ghana,GHA,2022-02-10,36.68
Ghana,GHA,2022-02-25,38.49
Ghana,GHA,2022-03-20,39.67
Ghana,GHA,2022-03-29,39.74
Ghana,GHA,2022-04-26,39.74
Ghana,GHA,2022-05-01,39.74
Ghana,GHA,2022-05-08,39.74
Ghana,GHA,2022-05-15,45.3
Ghana,GHA,2022-05-22,49.11
Ghana,GHA,2022-05-29,49.35
Ghana,GHA,2022-06-19,56.19
Ghana,GHA,2022-06-26,56.78
Ghana,GHA,2022-07-10,60.56
Ghana,GHA,2022-07-17,60.56
Gibraltar,GIB,2021-01-10,1.29
Gibraltar,GIB,2021-01-11,4.42
Gibraltar,GIB,2021-01-12,7.66
Gibraltar,GIB,2021-01-15,15.72
Gibraltar,GIB,2021-01-16,17.9
Gibraltar,GIB,2021-01-17,17.9
Gibraltar,GIB,2021-01-18,19.7
Gibraltar,GIB,2021-01-19,21.48
Gibraltar,GIB,2021-01-20,21.48
Gibraltar,GIB,2021-01-21,24.33
Gibraltar,GIB,2021-01-22,27.17
Gibraltar,GIB,2021-01-23,30.02
Gibraltar,GIB,2021-01-24,31.65
Gibraltar,GIB,2021-01-25,32.26
Gibraltar,GIB,2021-01-26,33.89
Gibraltar,GIB,2021-01-27,35.53
Gibraltar,GIB,2021-01-28,37.75
Gibraltar,GIB,2021-01-29,39.38
Gibraltar,GIB,2021-01-30,39.38
Gibraltar,GIB,2021-01-31,40.67
Gibraltar,GIB,2021-02-01,43.77
Gibraltar,GIB,2021-02-02,47.11
Gibraltar,GIB,2021-02-03,49.52
Gibraltar,GIB,2021-02-04,52.61
Gibraltar,GIB,2021-02-05,55.94
Gibraltar,GIB,2021-02-06,58.38
Gibraltar,GIB,2021-02-07,58.38
Gibraltar,GIB,2021-02-08,61.35
Gibraltar,GIB,2021-02-09,64.34
Gibraltar,GIB,2021-02-10,67.34
Gibraltar,GIB,2021-02-11,70.72
Gibraltar,GIB,2021-02-12,74.06
Gibraltar,GIB,2021-02-13,77.4
Gibraltar,GIB,2021-02-14,79.4
Gibraltar,GIB,2021-02-15,80.74
Gibraltar,GIB,2021-02-16,82.75
Gibraltar,GIB,2021-02-17,84.75
Gibraltar,GIB,2021-02-18,88.09
Gibraltar,GIB,2021-02-19,89.79
Gibraltar,GIB,2021-02-20,89.79
Gibraltar,GIB,2021-02-21,93.15
Gibraltar,GIB,2021-02-22,96.82
Gibraltar,GIB,2021-02-23,100.11
Gibraltar,GIB,2021-02-24,102.15
Gibraltar,GIB,2021-02-25,105.91
Gibraltar,GIB,2021-02-26,109.86
Gibraltar,GIB,2021-02-27,112.67
Gibraltar,GIB,2021-02-28,112.67
Gibraltar,GIB,2021-03-01,116.49
Gibraltar,GIB,2021-03-02,120.36
Gibraltar,GIB,2021-03-03,124.43
Gibraltar,GIB,2021-03-04,126.47
Gibraltar,GIB,2021-03-05,130.24
Gibraltar,GIB,2021-03-06,133.8
Gibraltar,GIB,2021-03-07,133.8
Gibraltar,GIB,2021-03-08,135.41
Gibraltar,GIB,2021-03-09,137.42
Gibraltar,GIB,2021-03-10,137.42
Gibraltar,GIB,2021-03-11,139.23
Gibraltar,GIB,2021-03-12,141.22
Gibraltar,GIB,2021-03-13,141.22
Gibraltar,GIB,2021-03-14,144.51
Gibraltar,GIB,2021-03-15,147.83
Gibraltar,GIB,2021-03-16,150.99
Gibraltar,GIB,2021-03-17,152.99
Gibraltar,GIB,2021-03-18,156.61
Gibraltar,GIB,2021-03-19,160.18
Gibraltar,GIB,2021-03-20,162.75
Gibraltar,GIB,2021-03-21,162.75
Gibraltar,GIB,2021-03-22,164.86
Gibraltar,GIB,2021-03-23,167.09
Gibraltar,GIB,2021-03-24,171.03
Gibraltar,GIB,2021-03-25,173.05
Gibraltar,GIB,2021-03-26,176.45
Gibraltar,GIB,2021-03-27,179.85
Gibraltar,GIB,2021-03-29,180.75
Gibraltar,GIB,2021-03-30,182.73
Gibraltar,GIB,2021-03-31,184.47
Gibraltar,GIB,2021-04-01,186.43
Gibraltar,GIB,2021-04-07,190.82
Gibraltar,GIB,2021-04-09,192.89
Gibraltar,GIB,2021-04-10,194.89
Gibraltar,GIB,2021-04-11,196.87
Gibraltar,GIB,2021-04-12,198.75
Gibraltar,GIB,2021-04-13,202.66
Gibraltar,GIB,2021-04-15,202.73
Gibraltar,GIB,2021-04-18,204.2
Gibraltar,GIB,2021-04-21,206.2
Gibraltar,GIB,2021-04-22,208.06
Gibraltar,GIB,2021-04-26,210.44
Gibraltar,GIB,2021-04-27,212.83
Gibraltar,GIB,2021-04-29,215.29
Gibraltar,GIB,2021-04-30,217.67
Gibraltar,GIB,2021-05-04,220.06
Gibraltar,GIB,2021-05-05,222.45
Gibraltar,GIB,2021-05-06,224.9
Gibraltar,GIB,2021-05-07,227.29
Gibraltar,GIB,2021-05-13,227.92
Gibraltar,GIB,2021-05-18,230.12
Gibraltar,GIB,2021-05-19,232.51
Gibraltar,GIB,2021-05-22,233.21
Gibraltar,GIB,2021-05-27,234.81
Gibraltar,GIB,2021-05-28,236.4
Gibraltar,GIB,2021-05-29,237.28
Gibraltar,GIB,2021-06-02,237.88
Gibraltar,GIB,2021-06-08,238
Gibraltar,GIB,2021-06-12,238.23
Gibraltar,GIB,2021-06-21,238.66
Gibraltar,GIB,2021-06-24,238.9
Gibraltar,GIB,2021-06-29,239.02
Gibraltar,GIB,2021-07-02,239.13
Gibraltar,GIB,2021-07-13,239.46
Gibraltar,GIB,2021-07-14,239.61
Gibraltar,GIB,2021-07-15,239.79
Gibraltar,GIB,2021-07-21,239.92
Gibraltar,GIB,2021-07-23,239.97
Gibraltar,GIB,2021-07-26,239.99
Gibraltar,GIB,2021-07-29,240.1
Gibraltar,GIB,2021-07-30,240.16
Gibraltar,GIB,2021-08-05,240.25
Gibraltar,GIB,2021-08-07,240.31
Gibraltar,GIB,2021-08-10,240.33
Gibraltar,GIB,2021-08-11,240.37
Gibraltar,GIB,2021-08-14,240.4
Gibraltar,GIB,2021-08-17,240.5
Gibraltar,GIB,2021-08-19,240.61
Gibraltar,GIB,2021-08-20,240.79
Gibraltar,GIB,2021-08-21,240.86
Gibraltar,GIB,2021-08-24,240.95
Gibraltar,GIB,2021-08-25,241.04
Gibraltar,GIB,2021-08-26,241.13
Gibraltar,GIB,2021-08-27,241.24
Gibraltar,GIB,2021-08-28,241.37
Gibraltar,GIB,2021-09-01,241.47
Gibraltar,GIB,2021-09-03,241.69
Gibraltar,GIB,2021-09-07,241.86
Gibraltar,GIB,2021-09-08,241.89
Gibraltar,GIB,2021-09-09,242.04
Gibraltar,GIB,2021-09-11,242.17
Gibraltar,GIB,2021-09-15,242.39
Gibraltar,GIB,2021-09-16,242.53
Gibraltar,GIB,2021-09-17,242.64
Gibraltar,GIB,2021-09-18,242.75
Gibraltar,GIB,2021-09-21,242.84
Gibraltar,GIB,2021-09-22,242.97
Gibraltar,GIB,2021-09-24,243.26
Gibraltar,GIB,2021-09-25,243.35
Gibraltar,GIB,2021-09-28,243.43
Gibraltar,GIB,2021-09-29,243.48
Gibraltar,GIB,2021-09-30,243.55
Gibraltar,GIB,2021-10-01,243.61
Gibraltar,GIB,2021-10-05,243.65
Gibraltar,GIB,2021-10-06,243.81
Gibraltar,GIB,2021-10-07,244.15
Gibraltar,GIB,2021-10-08,244.6
Gibraltar,GIB,2021-10-09,244.64
Gibraltar,GIB,2021-10-11,244.65
Gibraltar,GIB,2021-10-12,246.68
Gibraltar,GIB,2021-10-13,248.18
Gibraltar,GIB,2021-10-14,249.48
Gibraltar,GIB,2021-10-15,250.89
Gibraltar,GIB,2021-10-17,254.18
Gibraltar,GIB,2021-10-18,255.45
Gibraltar,GIB,2021-10-19,256.58
Gibraltar,GIB,2021-10-20,258.58
Gibraltar,GIB,2021-10-21,260.35
Gibraltar,GIB,2021-10-22,261.94
Gibraltar,GIB,2021-10-23,263.14
Gibraltar,GIB,2021-10-24,265.38
Gibraltar,GIB,2021-10-25,267.43
Gibraltar,GIB,2021-10-26,268.33
Gibraltar,GIB,2021-10-27,269.43
Gibraltar,GIB,2021-10-28,270.57
Gibraltar,GIB,2021-10-29,271.67
Gibraltar,GIB,2021-10-30,272.63
Gibraltar,GIB,2021-11-05,278.7
Gibraltar,GIB,2021-11-06,279.67
Gibraltar,GIB,2021-11-09,281.57
Gibraltar,GIB,2021-11-10,282.39
Gibraltar,GIB,2021-11-11,282.39
Gibraltar,GIB,2021-11-12,283.9
Gibraltar,GIB,2021-11-13,284.72
Gibraltar,GIB,2021-11-14,287.78
Gibraltar,GIB,2021-11-15,287.79
Gibraltar,GIB,2021-11-16,289.16
Gibraltar,GIB,2021-11-17,290.59
Gibraltar,GIB,2021-11-18,292.03
Gibraltar,GIB,2021-11-19,293.03
Gibraltar,GIB,2021-11-20,293.91
Gibraltar,GIB,2021-11-21,293.91
Gibraltar,GIB,2021-11-23,295.04
Gibraltar,GIB,2021-11-26,298.72
Gibraltar,GIB,2021-11-27,298.75
Gibraltar,GIB,2021-11-30,300.07
Gibraltar,GIB,2021-12-01,301.26
Gibraltar,GIB,2021-12-02,303.12
Gibraltar,GIB,2021-12-03,305.32
Gibraltar,GIB,2021-12-04,307.3
Gibraltar,GIB,2021-12-07,309.93
Gibraltar,GIB,2021-12-08,312.7
Gibraltar,GIB,2021-12-10,316.36
Gibraltar,GIB,2021-12-11,317.78
Gibraltar,GIB,2021-12-14,320.35
Gibraltar,GIB,2021-12-15,322.96
Gibraltar,GIB,2021-12-16,325.13
Gibraltar,GIB,2021-12-17,326.74
Gibraltar,GIB,2021-12-18,328.35
Gibraltar,GIB,2021-12-22,331.03
Gibraltar,GIB,2021-12-23,331.57
Gibraltar,GIB,2022-01-07,332.34
Gibraltar,GIB,2022-01-11,333.37
Gibraltar,GIB,2022-01-12,333.98
Gibraltar,GIB,2022-01-13,334.47
Gibraltar,GIB,2022-01-14,335
Gibraltar,GIB,2022-01-15,335.5
Gibraltar,GIB,2022-01-18,336.17
Gibraltar,GIB,2022-01-19,336.68
Gibraltar,GIB,2022-01-20,337.18
Gibraltar,GIB,2022-01-21,337.29
Gibraltar,GIB,2022-01-22,338.04
Gibraltar,GIB,2022-01-27,339.28
Gibraltar,GIB,2022-01-28,339.73
Gibraltar,GIB,2022-01-29,340.07
Gibraltar,GIB,2022-02-01,340.44
Gibraltar,GIB,2022-02-02,340.75
Gibraltar,GIB,2022-02-08,342.33
Gibraltar,GIB,2022-02-10,342.89
Gibraltar,GIB,2022-02-11,343.24
Gibraltar,GIB,2022-02-15,343.54
Gibraltar,GIB,2022-02-16,344.19
Gibraltar,GIB,2022-02-17,344.3
Gibraltar,GIB,2022-02-18,344.56
Gibraltar,GIB,2022-02-23,345.33
Gibraltar,GIB,2022-02-24,345.61
Gibraltar,GIB,2022-02-25,345.81
Gibraltar,GIB,2022-02-27,345.91
Gibraltar,GIB,2022-03-01,346.31
Gibraltar,GIB,2022-03-02,346.42
Gibraltar,GIB,2022-03-04,346.66
Gibraltar,GIB,2022-03-08,346.79
Gibraltar,GIB,2022-03-09,348.09
Gibraltar,GIB,2022-03-11,349.57
Gibraltar,GIB,2022-03-15,350.23
Gibraltar,GIB,2022-03-16,350.72
Gibraltar,GIB,2022-03-17,351.31
Gibraltar,GIB,2022-03-18,352
Gibraltar,GIB,2022-03-21,352.84
Gibraltar,GIB,2022-03-22,353.78
Gibraltar,GIB,2022-03-23,354.6
Gibraltar,GIB,2022-03-24,356.16
Gibraltar,GIB,2022-03-25,357.05
Gibraltar,GIB,2022-03-29,359.16
Gibraltar,GIB,2022-03-31,360.99
Gibraltar,GIB,2022-04-04,361.78
Gibraltar,GIB,2022-04-05,363.01
Gibraltar,GIB,2022-04-06,363.46
Gibraltar,GIB,2022-04-07,364.07
Gibraltar,GIB,2022-04-14,366.02
Gibraltar,GIB,2022-04-21,366.87
Greece,GRC,2020-12-28,0
Greece,GRC,2020-12-29,0.01
Greece,GRC,2020-12-30,0.02
Greece,GRC,2020-12-31,0.02
Greece,GRC,2021-01-01,0.02
Greece,GRC,2021-01-02,0.03
Greece,GRC,2021-01-03,0.04
Greece,GRC,2021-01-04,0.1
Greece,GRC,2021-01-05,0.16
Greece,GRC,2021-01-06,0.2
Greece,GRC,2021-01-07,0.25
Greece,GRC,2021-01-08,0.34
Greece,GRC,2021-01-09,0.39
Greece,GRC,2021-01-10,0.43
Greece,GRC,2021-01-11,0.48
Greece,GRC,2021-01-12,0.54
Greece,GRC,2021-01-13,0.62
Greece,GRC,2021-01-14,0.68
Greece,GRC,2021-01-15,0.72
Greece,GRC,2021-01-16,0.77
Greece,GRC,2021-01-18,0.82
Greece,GRC,2021-01-19,0.9
Greece,GRC,2021-01-20,1.05
Greece,GRC,2021-01-21,1.21
Greece,GRC,2021-01-22,1.38
Greece,GRC,2021-01-23,1.53
Greece,GRC,2021-01-25,1.72
Greece,GRC,2021-01-26,1.89
Greece,GRC,2021-01-27,2.07
Greece,GRC,2021-01-28,2.24
Greece,GRC,2021-01-29,2.43
Greece,GRC,2021-01-30,2.6
Greece,GRC,2021-02-01,2.81
Greece,GRC,2021-02-02,3.02
Greece,GRC,2021-02-03,3.24
Greece,GRC,2021-02-04,3.44
Greece,GRC,2021-02-05,3.64
Greece,GRC,2021-02-06,3.81
Greece,GRC,2021-02-08,4
Greece,GRC,2021-02-09,4.19
Greece,GRC,2021-02-10,4.4
Greece,GRC,2021-02-11,4.62
Greece,GRC,2021-02-12,4.84
Greece,GRC,2021-02-13,5.04
Greece,GRC,2021-02-15,5.31
Greece,GRC,2021-02-16,5.51
Greece,GRC,2021-02-17,5.78
Greece,GRC,2021-02-18,6.07
Greece,GRC,2021-02-19,6.36
Greece,GRC,2021-02-20,6.64
Greece,GRC,2021-02-21,6.68
Greece,GRC,2021-02-22,6.99
Greece,GRC,2021-02-23,7.3
Greece,GRC,2021-02-24,7.6
Greece,GRC,2021-02-25,7.91
Greece,GRC,2021-02-26,8.21
Greece,GRC,2021-02-27,8.48
Greece,GRC,2021-03-01,8.82
Greece,GRC,2021-03-02,9.16
Greece,GRC,2021-03-03,9.49
Greece,GRC,2021-03-04,9.81
Greece,GRC,2021-03-05,10.14
Greece,GRC,2021-03-06,10.45
Greece,GRC,2021-03-08,10.78
Greece,GRC,2021-03-09,11.09
Greece,GRC,2021-03-10,11.4
Greece,GRC,2021-03-11,11.7
Greece,GRC,2021-03-12,12.01
Greece,GRC,2021-03-13,12.29
Greece,GRC,2021-03-15,12.31
Greece,GRC,2021-03-16,12.6
Greece,GRC,2021-03-17,12.88
Greece,GRC,2021-03-18,13.17
Greece,GRC,2021-03-19,13.47
Greece,GRC,2021-03-20,13.75
Greece,GRC,2021-03-22,14.06
Greece,GRC,2021-03-23,14.39
Greece,GRC,2021-03-24,14.71
Greece,GRC,2021-03-25,14.72
Greece,GRC,2021-03-26,15.06
Greece,GRC,2021-03-27,15.36
Greece,GRC,2021-03-29,15.66
Greece,GRC,2021-03-30,15.98
Greece,GRC,2021-03-31,16.27
Greece,GRC,2021-04-01,16.65
Greece,GRC,2021-04-02,17.02
Greece,GRC,2021-04-03,17.52
Greece,GRC,2021-04-05,18.06
Greece,GRC,2021-04-06,18.63
Greece,GRC,2021-04-07,19.18
Greece,GRC,2021-04-08,19.71
Greece,GRC,2021-04-09,20.24
Greece,GRC,2021-04-10,20.77
Greece,GRC,2021-04-12,21.31
Greece,GRC,2021-04-13,21.84
Greece,GRC,2021-04-14,22.35
Greece,GRC,2021-04-15,22.85
Greece,GRC,2021-04-16,23.36
Greece,GRC,2021-04-17,23.86
Greece,GRC,2021-04-19,24.38
Greece,GRC,2021-04-20,24.9
Greece,GRC,2021-04-21,25.39
Greece,GRC,2021-04-22,25.93
Greece,GRC,2021-04-23,26.47
Greece,GRC,2021-04-24,27.01
Greece,GRC,2021-04-26,27.6
Greece,GRC,2021-04-27,28.19
Greece,GRC,2021-04-28,28.81
Greece,GRC,2021-04-29,29.45
Greece,GRC,2021-04-30,29.66
Greece,GRC,2021-05-01,29.83
Greece,GRC,2021-05-03,30.03
Greece,GRC,2021-05-04,30.65
Greece,GRC,2021-05-05,31.69
Greece,GRC,2021-05-06,32.78
Greece,GRC,2021-05-07,33.84
Greece,GRC,2021-05-08,34.92
Greece,GRC,2021-05-10,36
Greece,GRC,2021-05-11,37.03
Greece,GRC,2021-05-12,38.04
Greece,GRC,2021-05-13,39.05
Greece,GRC,2021-05-14,40.07
Greece,GRC,2021-05-15,41.1
Greece,GRC,2021-05-17,42.18
Greece,GRC,2021-05-18,43.22
Greece,GRC,2021-05-19,44.19
Greece,GRC,2021-05-20,45.16
Greece,GRC,2021-05-21,46.1
Greece,GRC,2021-05-22,47.04
Greece,GRC,2021-05-24,47.99
Greece,GRC,2021-05-25,48.9
Greece,GRC,2021-05-26,49.85
Greece,GRC,2021-05-27,50.79
Greece,GRC,2021-05-28,51.72
Greece,GRC,2021-05-29,52.64
Greece,GRC,2021-05-31,53.59
Greece,GRC,2021-06-01,54.49
Greece,GRC,2021-06-02,55.44
Greece,GRC,2021-06-03,56.37
Greece,GRC,2021-06-04,57.31
Greece,GRC,2021-06-05,58.26
Greece,GRC,2021-06-06,58.94
Greece,GRC,2021-06-07,59.92
Greece,GRC,2021-06-08,60.9
Greece,GRC,2021-06-09,61.88
Greece,GRC,2021-06-10,62.84
Greece,GRC,2021-06-11,63.81
Greece,GRC,2021-06-12,64.81
Greece,GRC,2021-06-13,65.44
Greece,GRC,2021-06-14,66.43
Greece,GRC,2021-06-15,67.41
Greece,GRC,2021-06-16,68.38
Greece,GRC,2021-06-17,69.36
Greece,GRC,2021-06-18,70.32
Greece,GRC,2021-06-19,71.29
Greece,GRC,2021-06-20,71.88
Greece,GRC,2021-06-21,71.91
Greece,GRC,2021-06-22,72.92
Greece,GRC,2021-06-23,73.93
Greece,GRC,2021-06-24,74.89
Greece,GRC,2021-06-25,75.87
Greece,GRC,2021-06-26,76.86
Greece,GRC,2021-06-27,77.54
Greece,GRC,2021-06-28,78.53
Greece,GRC,2021-06-29,79.45
Greece,GRC,2021-06-30,80.34
Greece,GRC,2021-07-01,81.14
Greece,GRC,2021-07-02,81.94
Greece,GRC,2021-07-03,82.73
Greece,GRC,2021-07-04,83.39
Greece,GRC,2021-07-05,84.27
Greece,GRC,2021-07-06,85.06
Greece,GRC,2021-07-07,85.84
Greece,GRC,2021-07-08,86.65
Greece,GRC,2021-07-09,87.49
Greece,GRC,2021-07-10,88.35
Greece,GRC,2021-07-11,88.4
Greece,GRC,2021-07-12,89.28
Greece,GRC,2021-07-13,90.08
Greece,GRC,2021-07-14,90.81
Greece,GRC,2021-07-15,91.53
Greece,GRC,2021-07-16,92.27
Greece,GRC,2021-07-17,93.03
Greece,GRC,2021-07-18,93.09
Greece,GRC,2021-07-19,93.9
Greece,GRC,2021-07-20,94.59
Greece,GRC,2021-07-21,95.26
Greece,GRC,2021-07-22,95.98
Greece,GRC,2021-07-23,96.63
Greece,GRC,2021-07-24,97.28
Greece,GRC,2021-07-25,97.29
Greece,GRC,2021-07-26,98.01
Greece,GRC,2021-07-27,98.65
Greece,GRC,2021-07-28,99.21
Greece,GRC,2021-07-29,99.73
Greece,GRC,2021-07-30,100.29
Greece,GRC,2021-07-31,100.87
Greece,GRC,2021-08-01,100.89
Greece,GRC,2021-08-02,101.37
Greece,GRC,2021-08-03,101.81
Greece,GRC,2021-08-04,102.22
Greece,GRC,2021-08-05,102.62
Greece,GRC,2021-08-06,103.03
Greece,GRC,2021-08-07,103.45
Greece,GRC,2021-08-08,103.47
Greece,GRC,2021-08-09,103.82
Greece,GRC,2021-08-10,104.12
Greece,GRC,2021-08-11,104.41
Greece,GRC,2021-08-12,104.7
Greece,GRC,2021-08-13,104.98
Greece,GRC,2021-08-14,105.2
Greece,GRC,2021-08-15,105.2
Greece,GRC,2021-08-16,105.49
Greece,GRC,2021-08-17,105.77
Greece,GRC,2021-08-18,106.04
Greece,GRC,2021-08-19,106.28
Greece,GRC,2021-08-20,106.54
Greece,GRC,2021-08-21,106.78
Greece,GRC,2021-08-22,106.79
Greece,GRC,2021-08-23,107.09
Greece,GRC,2021-08-24,107.37
Greece,GRC,2021-08-25,107.68
Greece,GRC,2021-08-26,107.98
Greece,GRC,2021-08-27,108.29
Greece,GRC,2021-08-28,108.59
Greece,GRC,2021-08-29,108.6
Greece,GRC,2021-08-30,108.92
Greece,GRC,2021-08-31,109.22
Greece,GRC,2021-09-01,109.52
Greece,GRC,2021-09-02,109.78
Greece,GRC,2021-09-03,110.06
Greece,GRC,2021-09-04,110.32
Greece,GRC,2021-09-05,110.32
Greece,GRC,2021-09-06,110.6
Greece,GRC,2021-09-07,110.86
Greece,GRC,2021-09-08,111.14
Greece,GRC,2021-09-09,111.39
Greece,GRC,2021-09-10,111.68
Greece,GRC,2021-09-11,111.98
Greece,GRC,2021-09-12,111.98
Greece,GRC,2021-09-13,112.28
Greece,GRC,2021-09-14,112.58
Greece,GRC,2021-09-15,112.9
Greece,GRC,2021-09-16,113.19
Greece,GRC,2021-09-17,113.51
Greece,GRC,2021-09-18,113.83
Greece,GRC,2021-09-19,113.84
Greece,GRC,2021-09-20,114.14
Greece,GRC,2021-09-21,114.4
Greece,GRC,2021-09-22,114.67
Greece,GRC,2021-09-23,114.91
Greece,GRC,2021-09-24,115.19
Greece,GRC,2021-09-25,115.48
Greece,GRC,2021-09-26,115.5
Greece,GRC,2021-09-27,115.74
Greece,GRC,2021-09-28,115.96
Greece,GRC,2021-09-29,116.19
Greece,GRC,2021-09-30,116.44
Greece,GRC,2021-10-01,116.73
Greece,GRC,2021-10-02,117.03
Greece,GRC,2021-10-03,117.04
Greece,GRC,2021-10-04,117.33
Greece,GRC,2021-10-05,117.62
Greece,GRC,2021-10-06,117.92
Greece,GRC,2021-10-07,118.2
Greece,GRC,2021-10-08,118.51
Greece,GRC,2021-10-09,118.82
Greece,GRC,2021-10-10,118.84
Greece,GRC,2021-10-11,119.14
Greece,GRC,2021-10-12,119.45
Greece,GRC,2021-10-13,119.76
Greece,GRC,2021-10-14,120.03
Greece,GRC,2021-10-15,120.31
Greece,GRC,2021-10-16,120.58
Greece,GRC,2021-10-17,120.59
Greece,GRC,2021-10-18,120.87
Greece,GRC,2021-10-19,121.13
Greece,GRC,2021-10-20,121.39
Greece,GRC,2021-10-21,121.64
Greece,GRC,2021-10-22,121.9
Greece,GRC,2021-10-23,122.16
Greece,GRC,2021-10-24,122.16
Greece,GRC,2021-10-25,122.4
Greece,GRC,2021-10-26,122.6
Greece,GRC,2021-10-27,122.85
Greece,GRC,2021-10-28,122.85
Greece,GRC,2021-10-29,123.15
Greece,GRC,2021-10-30,123.43
Greece,GRC,2021-10-31,123.43
Greece,GRC,2021-11-01,123.71
Greece,GRC,2021-11-02,124.01
Greece,GRC,2021-11-03,124.36
Greece,GRC,2021-11-04,124.71
Greece,GRC,2021-11-05,125.11
Greece,GRC,2021-11-06,125.44
Greece,GRC,2021-11-07,125.45
Greece,GRC,2021-11-08,125.86
Greece,GRC,2021-11-09,126.29
Greece,GRC,2021-11-10,126.82
Greece,GRC,2021-11-11,127.36
Greece,GRC,2021-11-12,127.89
Greece,GRC,2021-11-13,128.4
Greece,GRC,2021-11-14,128.43
Greece,GRC,2021-11-15,128.94
Greece,GRC,2021-11-16,129.66
Greece,GRC,2021-11-17,130.33
Greece,GRC,2021-11-18,130.98
Greece,GRC,2021-11-19,131.67
Greece,GRC,2021-11-20,132.33
Greece,GRC,2021-11-21,132.38
Greece,GRC,2021-11-22,133.06
Greece,GRC,2021-11-23,133.84
Greece,GRC,2021-11-24,134.65
Greece,GRC,2021-11-25,135.53
Greece,GRC,2021-11-26,136.41
Greece,GRC,2021-11-27,137.24
Greece,GRC,2021-11-28,137.35
Greece,GRC,2021-11-29,138.16
Greece,GRC,2021-11-30,138.97
Greece,GRC,2021-12-01,139.86
Greece,GRC,2021-12-02,140.77
Greece,GRC,2021-12-03,141.69
Greece,GRC,2021-12-04,142.63
Greece,GRC,2021-12-05,143.51
Greece,GRC,2021-12-06,144.66
Greece,GRC,2021-12-07,145.62
Greece,GRC,2021-12-08,146.69
Greece,GRC,2021-12-09,147.76
Greece,GRC,2021-12-10,148.83
Greece,GRC,2021-12-11,149.88
Greece,GRC,2021-12-12,150.83
Greece,GRC,2021-12-13,151.72
Greece,GRC,2021-12-14,152.78
Greece,GRC,2021-12-15,153.85
Greece,GRC,2021-12-16,154.91
Greece,GRC,2021-12-17,155.98
Greece,GRC,2021-12-18,157.06
Greece,GRC,2021-12-19,158
Greece,GRC,2021-12-20,159.02
Greece,GRC,2021-12-21,160.06
Greece,GRC,2021-12-22,161.09
Greece,GRC,2021-12-23,162.09
Greece,GRC,2021-12-24,162.84
Greece,GRC,2021-12-25,162.85
Greece,GRC,2021-12-26,162.85
Greece,GRC,2021-12-27,163.64
Greece,GRC,2021-12-28,164.67
Greece,GRC,2021-12-29,165.65
Greece,GRC,2021-12-30,166.58
Greece,GRC,2021-12-31,167.25
Greece,GRC,2022-01-01,167.25
Greece,GRC,2022-01-02,167.84
Greece,GRC,2022-01-03,168.72
Greece,GRC,2022-01-04,169.62
Greece,GRC,2022-01-05,170.53
Greece,GRC,2022-01-06,170.8
Greece,GRC,2022-01-07,171.5
Greece,GRC,2022-01-08,172.43
Greece,GRC,2022-01-09,172.81
Greece,GRC,2022-01-10,173.5
Greece,GRC,2022-01-11,174.35
Greece,GRC,2022-01-12,175.18
Greece,GRC,2022-01-13,175.98
Greece,GRC,2022-01-14,176.78
Greece,GRC,2022-01-15,177.6
Greece,GRC,2022-01-16,177.96
Greece,GRC,2022-01-17,178.54
Greece,GRC,2022-01-18,179.25
Greece,GRC,2022-01-19,179.95
Greece,GRC,2022-01-20,180.59
Greece,GRC,2022-01-21,181.24
Greece,GRC,2022-01-22,181.94
Greece,GRC,2022-01-23,182.2
Greece,GRC,2022-01-24,182.62
Greece,GRC,2022-01-25,182.9
Greece,GRC,2022-01-26,183.17
Greece,GRC,2022-01-27,183.57
Greece,GRC,2022-01-28,184.1
Greece,GRC,2022-01-29,184.71
Greece,GRC,2022-01-30,184.95
Greece,GRC,2022-01-31,185.36
Greece,GRC,2022-02-01,185.8
Greece,GRC,2022-02-02,186.19
Greece,GRC,2022-02-03,186.55
Greece,GRC,2022-02-04,186.92
Greece,GRC,2022-02-05,187.34
Greece,GRC,2022-02-06,187.46
Greece,GRC,2022-02-07,187.76
Greece,GRC,2022-02-08,188.18
Greece,GRC,2022-02-09,188.57
Greece,GRC,2022-02-10,188.92
Greece,GRC,2022-02-11,189.27
Greece,GRC,2022-02-12,189.67
Greece,GRC,2022-02-13,189.77
Greece,GRC,2022-02-14,190.01
Greece,GRC,2022-02-15,190.29
Greece,GRC,2022-02-16,190.52
Greece,GRC,2022-02-17,190.74
Greece,GRC,2022-02-18,190.97
Greece,GRC,2022-02-19,191.25
Greece,GRC,2022-02-20,191.31
Greece,GRC,2022-02-21,191.52
Greece,GRC,2022-02-22,191.76
Greece,GRC,2022-02-23,191.97
Greece,GRC,2022-02-24,192.16
Greece,GRC,2022-02-25,192.36
Greece,GRC,2022-02-26,192.61
Greece,GRC,2022-02-27,192.67
Greece,GRC,2022-02-28,192.88
Greece,GRC,2022-03-01,193.07
Greece,GRC,2022-03-02,193.2
Greece,GRC,2022-03-03,193.36
Greece,GRC,2022-03-04,193.5
Greece,GRC,2022-03-05,193.67
Greece,GRC,2022-03-06,193.7
Greece,GRC,2022-03-07,193.71
Greece,GRC,2022-03-08,193.83
Greece,GRC,2022-03-09,193.99
Greece,GRC,2022-03-10,194.16
Greece,GRC,2022-03-11,194.28
Greece,GRC,2022-03-12,194.45
Greece,GRC,2022-03-13,194.48
Greece,GRC,2022-03-14,194.58
Greece,GRC,2022-03-15,194.72
Greece,GRC,2022-03-16,194.85
Greece,GRC,2022-03-17,194.98
Greece,GRC,2022-03-18,195.11
Greece,GRC,2022-03-19,195.27
Greece,GRC,2022-03-20,195.31
Greece,GRC,2022-03-21,195.41
Greece,GRC,2022-03-22,195.56
Greece,GRC,2022-03-23,195.69
Greece,GRC,2022-03-24,195.82
Greece,GRC,2022-03-25,195.86
Greece,GRC,2022-03-26,195.97
Greece,GRC,2022-03-27,196
Greece,GRC,2022-03-28,196.15
Greece,GRC,2022-03-29,196.29
Greece,GRC,2022-03-30,196.43
Greece,GRC,2022-03-31,196.6
Greece,GRC,2022-04-01,196.76
Greece,GRC,2022-04-02,196.92
Greece,GRC,2022-04-03,196.92
Greece,GRC,2022-04-04,197.06
Greece,GRC,2022-04-05,197.15
Greece,GRC,2022-04-06,197.24
Greece,GRC,2022-04-07,197.34
Greece,GRC,2022-04-08,197.43
Greece,GRC,2022-04-09,197.5
Greece,GRC,2022-04-10,197.5
Greece,GRC,2022-04-11,197.61
Greece,GRC,2022-04-12,197.71
Greece,GRC,2022-04-13,197.81
Greece,GRC,2022-04-14,198.03
Greece,GRC,2022-04-15,198.19
Greece,GRC,2022-04-16,198.36
Greece,GRC,2022-04-17,198.37
Greece,GRC,2022-04-18,198.57
Greece,GRC,2022-04-19,198.8
Greece,GRC,2022-04-20,198.94
Greece,GRC,2022-04-21,199.08
Greece,GRC,2022-04-22,199.08
Greece,GRC,2022-04-23,199.08
Greece,GRC,2022-04-24,199.08
Greece,GRC,2022-04-25,199.08
Greece,GRC,2022-04-26,199.24
Greece,GRC,2022-04-27,199.39
Greece,GRC,2022-04-28,199.57
Greece,GRC,2022-04-29,199.69
Greece,GRC,2022-04-30,199.8
Greece,GRC,2022-05-01,199.8
Greece,GRC,2022-05-02,199.8
Greece,GRC,2022-05-03,199.88
Greece,GRC,2022-05-04,199.99
Greece,GRC,2022-05-05,200.13
Greece,GRC,2022-05-06,200.23
Greece,GRC,2022-05-07,200.31
Greece,GRC,2022-05-08,200.31
Greece,GRC,2022-05-09,200.37
Greece,GRC,2022-05-10,200.43
Greece,GRC,2022-05-11,200.49
Greece,GRC,2022-05-12,200.58
Greece,GRC,2022-05-13,200.63
Greece,GRC,2022-05-14,200.64
Greece,GRC,2022-05-15,200.64
Greece,GRC,2022-05-16,200.7
Greece,GRC,2022-05-17,200.76
Greece,GRC,2022-05-18,200.81
Greece,GRC,2022-05-19,200.86
Greece,GRC,2022-05-20,200.9
Greece,GRC,2022-05-21,200.91
Greece,GRC,2022-05-22,200.91
Greece,GRC,2022-05-23,200.96
Greece,GRC,2022-05-24,201.01
Greece,GRC,2022-05-25,201.05
Greece,GRC,2022-05-26,201.09
Greece,GRC,2022-05-27,201.12
Greece,GRC,2022-05-28,201.13
Greece,GRC,2022-05-29,201.13
Greece,GRC,2022-05-30,201.17
Greece,GRC,2022-05-31,201.22
Greece,GRC,2022-06-01,201.25
Greece,GRC,2022-06-02,201.28
Greece,GRC,2022-06-03,201.31
Greece,GRC,2022-06-04,201.31
Greece,GRC,2022-06-05,201.31
Greece,GRC,2022-06-06,201.35
Greece,GRC,2022-06-07,201.39
Greece,GRC,2022-06-08,201.41
Greece,GRC,2022-06-09,201.44
Greece,GRC,2022-06-10,201.46
Greece,GRC,2022-06-11,201.47
Greece,GRC,2022-06-12,201.47
Greece,GRC,2022-06-13,201.47
Greece,GRC,2022-06-14,201.5
Greece,GRC,2022-06-15,201.52
Greece,GRC,2022-06-16,201.55
Greece,GRC,2022-06-17,201.57
Greece,GRC,2022-06-18,201.57
Greece,GRC,2022-06-19,201.57
Greece,GRC,2022-06-20,201.61
Greece,GRC,2022-06-21,201.65
Greece,GRC,2022-06-22,201.69
Greece,GRC,2022-06-23,201.72
Greece,GRC,2022-06-24,201.76
Greece,GRC,2022-06-25,201.77
Greece,GRC,2022-06-26,201.77
Greece,GRC,2022-06-27,201.82
Greece,GRC,2022-06-28,201.87
Greece,GRC,2022-06-29,201.92
Greece,GRC,2022-06-30,201.98
Greece,GRC,2022-07-01,202.03
Greece,GRC,2022-07-02,202.04
Greece,GRC,2022-07-03,202.04
Greece,GRC,2022-07-04,202.11
Greece,GRC,2022-07-05,202.2
Greece,GRC,2022-07-06,202.27
Greece,GRC,2022-07-07,202.36
Greece,GRC,2022-07-08,202.42
Greece,GRC,2022-07-09,202.43
Greece,GRC,2022-07-10,202.43
Greece,GRC,2022-07-11,202.5
Greece,GRC,2022-07-12,202.59
Greece,GRC,2022-07-13,202.65
Greece,GRC,2022-07-14,202.74
Greece,GRC,2022-07-15,202.8
Greece,GRC,2022-07-16,202.81
Greece,GRC,2022-07-17,202.81
Greece,GRC,2022-07-18,202.88
Greece,GRC,2022-07-19,202.95
Greece,GRC,2022-07-20,203.01
Greece,GRC,2022-07-21,203.08
Greece,GRC,2022-07-22,203.13
Greece,GRC,2022-07-23,203.13
Greece,GRC,2022-07-24,203.13
Greece,GRC,2022-07-25,203.19
Greece,GRC,2022-07-26,203.26
Greece,GRC,2022-07-27,203.31
Greece,GRC,2022-07-28,203.37
Greece,GRC,2022-07-29,203.41
Greece,GRC,2022-07-30,203.41
Greece,GRC,2022-07-31,203.41
Greece,GRC,2022-08-01,203.47
Greece,GRC,2022-08-02,203.53
Greece,GRC,2022-08-03,203.57
Greenland,GRL,2021-01-27,4.59
Greenland,GRL,2021-03-01,9.12
Greenland,GRL,2021-04-09,16.99
Greenland,GRL,2021-04-12,17.44
Greenland,GRL,2021-04-13,17.77
Greenland,GRL,2021-04-14,18.03
Greenland,GRL,2021-04-15,18.19
Greenland,GRL,2021-04-16,18.79
Greenland,GRL,2021-04-19,19.51
Greenland,GRL,2021-04-20,20.46
Greenland,GRL,2021-04-21,21.75
Greenland,GRL,2021-04-22,22.11
Greenland,GRL,2021-04-23,22.86
Greenland,GRL,2021-04-26,23.31
Greenland,GRL,2021-04-27,23.49
Greenland,GRL,2021-04-28,24.62
Greenland,GRL,2021-04-29,25.14
Greenland,GRL,2021-05-03,25.2
Greenland,GRL,2021-05-04,25.21
Greenland,GRL,2021-05-07,25.39
Greenland,GRL,2021-05-10,26.26
Greenland,GRL,2021-05-11,26.52
Greenland,GRL,2021-05-12,27.22
Greenland,GRL,2021-05-14,28.92
Greenland,GRL,2021-05-17,30.8
Greenland,GRL,2021-05-18,32.82
Greenland,GRL,2021-05-19,34.21
Greenland,GRL,2021-05-21,35.25
Greenland,GRL,2021-05-25,35.71
Greenland,GRL,2021-05-26,36.64
Greenland,GRL,2021-05-27,37.18
Greenland,GRL,2021-05-28,37.18
Greenland,GRL,2021-05-30,38.57
Greenland,GRL,2021-05-31,39.78
Greenland,GRL,2021-06-01,41.04
Greenland,GRL,2021-06-02,42.51
Greenland,GRL,2021-06-03,45.05
Greenland,GRL,2021-06-04,46.34
Greenland,GRL,2021-06-07,46.55
Greenland,GRL,2021-06-08,46.98
Greenland,GRL,2021-06-09,49.9
Greenland,GRL,2021-06-10,50.73
Greenland,GRL,2021-06-11,51.25
Greenland,GRL,2021-06-14,53.99
Greenland,GRL,2021-06-15,54.39
Greenland,GRL,2021-06-16,55.16
Greenland,GRL,2021-06-17,56.31
Greenland,GRL,2021-06-18,57.21
Greenland,GRL,2021-06-22,57.61
Greenland,GRL,2021-06-23,59.43
Greenland,GRL,2021-06-24,61.51
Greenland,GRL,2021-06-25,63.21
Greenland,GRL,2021-06-28,63.57
Greenland,GRL,2021-06-29,65.78
Greenland,GRL,2021-06-30,69.82
Greenland,GRL,2021-07-01,74.05
Greenland,GRL,2021-07-02,76.65
Greenland,GRL,2021-07-05,77.6
Greenland,GRL,2021-07-06,78.67
Greenland,GRL,2021-07-07,81.71
Greenland,GRL,2021-07-08,83.11
Greenland,GRL,2021-07-09,85.29
Greenland,GRL,2021-07-12,88.61
Greenland,GRL,2021-07-13,89.73
Greenland,GRL,2021-07-14,90.37
Greenland,GRL,2021-07-16,91.81
Greenland,GRL,2021-07-19,91.85
Greenland,GRL,2021-07-20,92.37
Greenland,GRL,2021-07-21,93.3
Greenland,GRL,2021-07-22,95.18
Greenland,GRL,2021-07-23,97.26
Greenland,GRL,2021-07-26,102.44
Greenland,GRL,2021-07-27,102.71
Greenland,GRL,2021-07-28,103.36
Greenland,GRL,2021-07-29,105.38
Greenland,GRL,2021-07-30,110.32
Greenland,GRL,2021-08-02,111.52
Greenland,GRL,2021-08-03,111.67
Greenland,GRL,2021-08-04,113.31
Greenland,GRL,2021-08-05,113.52
Greenland,GRL,2021-08-06,114.84
Greenland,GRL,2021-08-09,116.18
Greenland,GRL,2021-08-10,116.27
Greenland,GRL,2021-08-11,117.85
Greenland,GRL,2021-08-13,120.64
Greenland,GRL,2021-08-16,122.19
Greenland,GRL,2021-08-17,122.27
Greenland,GRL,2021-08-19,123.76
Greenland,GRL,2021-08-20,125.12
Greenland,GRL,2021-08-23,125.38
Greenland,GRL,2021-08-24,125.78
Greenland,GRL,2021-08-30,129.06
Greenland,GRL,2021-10-01,135.27
Greenland,GRL,2021-10-05,135.34
Greenland,GRL,2021-10-08,135.7
Greenland,GRL,2021-10-11,135.77
Greenland,GRL,2021-10-12,135.85
Greenland,GRL,2021-10-13,135.96
Greenland,GRL,2021-10-14,136.14
Greenland,GRL,2021-10-15,136.26
Greenland,GRL,2021-10-18,136.47
Greenland,GRL,2021-10-21,136.92
Greenland,GRL,2021-10-25,137.01
Greenland,GRL,2021-10-29,137.2
Greenland,GRL,2021-11-02,137.27
Greenland,GRL,2021-11-04,137.59
Greenland,GRL,2021-11-25,138.07
Greenland,GRL,2021-12-03,138.34
Greenland,GRL,2021-12-07,138.37
Greenland,GRL,2021-12-08,138.49
Greenland,GRL,2021-12-10,138.9
Greenland,GRL,2021-12-15,139.11
Greenland,GRL,2021-12-21,139.44
Greenland,GRL,2021-12-23,139.56
Greenland,GRL,2021-12-27,139.57
Greenland,GRL,2022-01-04,139.68
Greenland,GRL,2022-01-18,140.94
Greenland,GRL,2022-01-21,141.23
Greenland,GRL,2022-01-24,141.31
Greenland,GRL,2022-01-25,141.33
Greenland,GRL,2022-01-26,141.36
Greenland,GRL,2022-01-27,141.39
Greenland,GRL,2022-01-30,141.42
Greenland,GRL,2022-02-01,141.44
Greenland,GRL,2022-02-03,141.46
Greenland,GRL,2022-02-04,141.49
Greenland,GRL,2022-02-09,141.63
Greenland,GRL,2022-02-14,141.71
Greenland,GRL,2022-03-07,141.79
Grenada,GRD,2021-02-11,0
Grenada,GRD,2021-02-16,0.12
Grenada,GRD,2021-02-23,0.96
Grenada,GRD,2021-02-26,2.41
Grenada,GRD,2021-03-14,6.76
Grenada,GRD,2021-03-15,6.91
Grenada,GRD,2021-03-24,7.88
Grenada,GRD,2021-03-29,8.09
Grenada,GRD,2021-04-03,8.32
Grenada,GRD,2021-04-08,8.6
Grenada,GRD,2021-04-09,8.73
Grenada,GRD,2021-04-11,8.76
Grenada,GRD,2021-04-16,9.23
Grenada,GRD,2021-04-19,9.41
Grenada,GRD,2021-04-22,10.24
Grenada,GRD,2021-04-23,10.8
Grenada,GRD,2021-04-27,11.68
Grenada,GRD,2021-04-29,12.36
Grenada,GRD,2021-05-06,13.64
Grenada,GRD,2021-05-11,15.66
Grenada,GRD,2021-05-21,18.9
Grenada,GRD,2021-05-28,20.5
Grenada,GRD,2021-06-04,21.65
Grenada,GRD,2021-06-11,22.41
Grenada,GRD,2021-06-18,23.4
Grenada,GRD,2021-06-25,25.27
Grenada,GRD,2021-07-02,27.55
Grenada,GRD,2021-07-09,28.15
Grenada,GRD,2021-07-16,28.69
Grenada,GRD,2021-07-23,29.31
Grenada,GRD,2021-07-30,30.25
Grenada,GRD,2021-08-06,30.68
Grenada,GRD,2021-08-09,31.19
Grenada,GRD,2021-08-13,31.39
Grenada,GRD,2021-08-20,32.16
Grenada,GRD,2021-08-27,34.09
Grenada,GRD,2021-09-03,36.48
Grenada,GRD,2021-09-10,38.63
Grenada,GRD,2021-09-17,41.42
Grenada,GRD,2021-09-24,44.67
Grenada,GRD,2021-10-01,47.34
Grenada,GRD,2021-10-08,49.83
Grenada,GRD,2021-10-15,52.45
Grenada,GRD,2021-10-22,54.54
Grenada,GRD,2021-10-29,55.87
Grenada,GRD,2021-11-05,56.87
Grenada,GRD,2021-11-12,58.01
Grenada,GRD,2021-11-19,58.84
Grenada,GRD,2021-11-29,59.95
Grenada,GRD,2021-12-03,60.31
Grenada,GRD,2021-12-10,60.9
Grenada,GRD,2021-12-17,61.09
Grenada,GRD,2021-12-23,62.98
Grenada,GRD,2022-01-07,65.09
Grenada,GRD,2022-01-14,66.14
Grenada,GRD,2022-01-21,66.87
Grenada,GRD,2022-01-28,67.52
Grenada,GRD,2022-02-04,67.98
Grenada,GRD,2022-02-11,68.3
Grenada,GRD,2022-02-16,68.47
Grenada,GRD,2022-02-18,68.59
Grenada,GRD,2022-02-23,68.77
Grenada,GRD,2022-02-25,68.93
Grenada,GRD,2022-03-02,69.02
Grenada,GRD,2022-03-18,69.77
Grenada,GRD,2022-03-23,69.91
Grenada,GRD,2022-03-25,69.94
Grenada,GRD,2022-03-30,70
Grenada,GRD,2022-04-01,70.05
Grenada,GRD,2022-04-08,70.1
Grenada,GRD,2022-04-15,70.29
Grenada,GRD,2022-04-22,70.38
Grenada,GRD,2022-04-29,70.48
Grenada,GRD,2022-05-06,70.63
Grenada,GRD,2022-05-13,70.75
Grenada,GRD,2022-05-20,70.93
Grenada,GRD,2022-05-27,71.11
Grenada,GRD,2022-06-03,71.2
Grenada,GRD,2022-06-08,71.26
Grenada,GRD,2022-06-10,71.3
Grenada,GRD,2022-06-15,71.37
Grenada,GRD,2022-06-22,71.45
Grenada,GRD,2022-06-24,71.48
Grenada,GRD,2022-06-30,71.49
Grenada,GRD,2022-07-01,71.54
Grenada,GRD,2022-07-07,71.58
Grenada,GRD,2022-07-08,71.63
Grenada,GRD,2022-07-13,71.65
Grenada,GRD,2022-07-15,71.75
Grenada,GRD,2022-07-22,71.78
Grenada,GRD,2022-07-27,71.84
Grenada,GRD,2022-07-29,71.85
Guatemala,GTM,2021-02-25,0
Guatemala,GTM,2021-02-27,0.01
Guatemala,GTM,2021-03-01,0.01
Guatemala,GTM,2021-03-11,0.11
Guatemala,GTM,2021-03-12,0.16
Guatemala,GTM,2021-03-13,0.18
Guatemala,GTM,2021-03-14,0.19
Guatemala,GTM,2021-03-15,0.24
Guatemala,GTM,2021-03-16,0.27
Guatemala,GTM,2021-03-17,0.31
Guatemala,GTM,2021-03-18,0.34
Guatemala,GTM,2021-03-19,0.38
Guatemala,GTM,2021-03-20,0.39
Guatemala,GTM,2021-03-21,0.39
Guatemala,GTM,2021-03-22,0.41
Guatemala,GTM,2021-03-23,0.44
Guatemala,GTM,2021-03-24,0.47
Guatemala,GTM,2021-03-25,0.5
Guatemala,GTM,2021-03-26,0.52
Guatemala,GTM,2021-03-27,0.53
Guatemala,GTM,2021-03-28,0.54
Guatemala,GTM,2021-03-29,0.56
Guatemala,GTM,2021-03-30,0.6
Guatemala,GTM,2021-03-31,0.61
Guatemala,GTM,2021-04-01,0.63
Guatemala,GTM,2021-04-02,0.64
Guatemala,GTM,2021-04-03,0.65
Guatemala,GTM,2021-04-04,0.66
Guatemala,GTM,2021-04-05,0.68
Guatemala,GTM,2021-04-06,0.7
Guatemala,GTM,2021-04-07,0.73
Guatemala,GTM,2021-04-08,0.75
Guatemala,GTM,2021-04-09,0.78
Guatemala,GTM,2021-04-10,0.79
Guatemala,GTM,2021-04-11,0.79
Guatemala,GTM,2021-04-12,0.81
Guatemala,GTM,2021-04-13,0.84
Guatemala,GTM,2021-04-14,0.86
Guatemala,GTM,2021-04-15,0.88
Guatemala,GTM,2021-04-16,0.9
Guatemala,GTM,2021-04-17,0.9
Guatemala,GTM,2021-04-18,0.9
Guatemala,GTM,2021-04-19,0.9
Guatemala,GTM,2021-04-20,0.91
Guatemala,GTM,2021-04-21,0.92
Guatemala,GTM,2021-04-22,0.93
Guatemala,GTM,2021-04-23,0.94
Guatemala,GTM,2021-04-26,0.94
Guatemala,GTM,2021-04-27,0.95
Guatemala,GTM,2021-04-28,0.96
Guatemala,GTM,2021-04-29,0.97
Guatemala,GTM,2021-04-30,0.97
Guatemala,GTM,2021-05-01,0.97
Guatemala,GTM,2021-05-02,0.98
Guatemala,GTM,2021-05-03,0.98
Guatemala,GTM,2021-05-04,1
Guatemala,GTM,2021-05-05,1.04
Guatemala,GTM,2021-05-06,1.09
Guatemala,GTM,2021-05-07,1.16
Guatemala,GTM,2021-05-08,1.18
Guatemala,GTM,2021-05-10,1.23
Guatemala,GTM,2021-05-11,1.32
Guatemala,GTM,2021-05-12,1.4
Guatemala,GTM,2021-05-13,1.48
Guatemala,GTM,2021-05-14,1.56
Guatemala,GTM,2021-05-15,1.57
Guatemala,GTM,2021-05-16,1.59
Guatemala,GTM,2021-05-17,1.67
Guatemala,GTM,2021-05-18,1.75
Guatemala,GTM,2021-05-19,1.84
Guatemala,GTM,2021-05-20,1.92
Guatemala,GTM,2021-05-21,1.99
Guatemala,GTM,2021-05-22,2
Guatemala,GTM,2021-05-23,2
Guatemala,GTM,2021-05-24,2.06
Guatemala,GTM,2021-05-25,2.33
Guatemala,GTM,2021-05-26,2.44
Guatemala,GTM,2021-05-27,2.57
Guatemala,GTM,2021-05-28,2.72
Guatemala,GTM,2021-05-29,2.75
Guatemala,GTM,2021-05-30,2.77
Guatemala,GTM,2021-05-31,2.92
Guatemala,GTM,2021-06-01,3.07
Guatemala,GTM,2021-06-02,3.19
Guatemala,GTM,2021-06-03,3.29
Guatemala,GTM,2021-06-04,3.38
Guatemala,GTM,2021-06-05,3.38
Guatemala,GTM,2021-06-06,3.39
Guatemala,GTM,2021-06-07,3.45
Guatemala,GTM,2021-06-08,3.52
Guatemala,GTM,2021-06-09,3.59
Guatemala,GTM,2021-06-10,3.68
Guatemala,GTM,2021-06-11,3.76
Guatemala,GTM,2021-06-12,3.78
Guatemala,GTM,2021-06-13,3.79
Guatemala,GTM,2021-06-14,3.88
Guatemala,GTM,2021-06-15,4.04
Guatemala,GTM,2021-06-16,4.23
Guatemala,GTM,2021-06-17,4.4
Guatemala,GTM,2021-06-18,4.57
Guatemala,GTM,2021-06-19,4.59
Guatemala,GTM,2021-06-20,4.62
Guatemala,GTM,2021-06-21,4.75
Guatemala,GTM,2021-06-22,4.88
Guatemala,GTM,2021-06-23,5
Guatemala,GTM,2021-06-24,5.11
Guatemala,GTM,2021-06-25,5.21
Guatemala,GTM,2021-06-26,5.23
Guatemala,GTM,2021-06-27,5.24
Guatemala,GTM,2021-06-28,5.26
Guatemala,GTM,2021-06-29,5.33
Guatemala,GTM,2021-06-30,5.39
Guatemala,GTM,2021-07-01,5.44
Guatemala,GTM,2021-07-03,5.5
Guatemala,GTM,2021-07-04,5.51
Guatemala,GTM,2021-07-05,5.57
Guatemala,GTM,2021-07-06,5.64
Guatemala,GTM,2021-07-07,5.7
Guatemala,GTM,2021-07-08,5.76
Guatemala,GTM,2021-07-09,5.84
Guatemala,GTM,2021-07-11,5.87
Guatemala,GTM,2021-07-12,5.97
Guatemala,GTM,2021-07-13,6.21
Guatemala,GTM,2021-07-14,6.51
Guatemala,GTM,2021-07-15,6.83
Guatemala,GTM,2021-07-16,7.15
Guatemala,GTM,2021-07-17,7.24
Guatemala,GTM,2021-07-18,7.32
Guatemala,GTM,2021-07-20,7.93
Guatemala,GTM,2021-07-21,8.31
Guatemala,GTM,2021-07-22,8.7
Guatemala,GTM,2021-07-23,9.45
Guatemala,GTM,2021-07-24,9.66
Guatemala,GTM,2021-07-25,9.81
Guatemala,GTM,2021-07-26,10.21
Guatemala,GTM,2021-07-27,10.66
Guatemala,GTM,2021-07-28,11.08
Guatemala,GTM,2021-07-29,11.52
Guatemala,GTM,2021-07-30,11.97
Guatemala,GTM,2021-07-31,12.27
Guatemala,GTM,2021-08-01,12.54
Guatemala,GTM,2021-08-02,12.98
Guatemala,GTM,2021-08-03,13.5
Guatemala,GTM,2021-08-04,14.06
Guatemala,GTM,2021-08-05,14.52
Guatemala,GTM,2021-08-06,14.95
Guatemala,GTM,2021-08-07,15.18
Guatemala,GTM,2021-08-08,15.33
Guatemala,GTM,2021-08-09,15.77
Guatemala,GTM,2021-08-10,16.28
Guatemala,GTM,2021-08-12,17.41
Guatemala,GTM,2021-08-13,18.05
Guatemala,GTM,2021-08-14,18.3
Guatemala,GTM,2021-08-15,18.45
Guatemala,GTM,2021-08-16,18.83
Guatemala,GTM,2021-08-17,19.45
Guatemala,GTM,2021-08-18,20.04
Guatemala,GTM,2021-08-19,20.65
Guatemala,GTM,2021-08-20,21.28
Guatemala,GTM,2021-08-21,21.53
Guatemala,GTM,2021-08-22,21.72
Guatemala,GTM,2021-08-23,22.26
Guatemala,GTM,2021-08-24,22.88
Guatemala,GTM,2021-08-25,23.43
Guatemala,GTM,2021-08-26,23.99
Guatemala,GTM,2021-08-27,24.61
Guatemala,GTM,2021-08-28,24.89
Guatemala,GTM,2021-08-29,25.08
Guatemala,GTM,2021-08-30,25.6
Guatemala,GTM,2021-08-31,26.16
Guatemala,GTM,2021-09-01,26.69
Guatemala,GTM,2021-09-02,27.18
Guatemala,GTM,2021-09-03,27.6
Guatemala,GTM,2021-09-04,27.86
Guatemala,GTM,2021-09-05,28.04
Guatemala,GTM,2021-09-09,30.29
Guatemala,GTM,2021-09-10,30.98
Guatemala,GTM,2021-09-11,31.37
Guatemala,GTM,2021-09-12,31.74
Guatemala,GTM,2021-09-13,32.38
Guatemala,GTM,2021-09-14,33.01
Guatemala,GTM,2021-09-15,33.3
Guatemala,GTM,2021-09-16,33.87
Guatemala,GTM,2021-09-17,34.47
Guatemala,GTM,2021-09-18,34.75
Guatemala,GTM,2021-09-19,34.92
Guatemala,GTM,2021-09-20,35.46
Guatemala,GTM,2021-09-21,35.98
Guatemala,GTM,2021-09-22,36.48
Guatemala,GTM,2021-09-23,36.98
Guatemala,GTM,2021-09-24,37.53
Guatemala,GTM,2021-09-25,37.78
Guatemala,GTM,2021-09-26,37.95
Guatemala,GTM,2021-09-27,38.38
Guatemala,GTM,2021-09-28,38.81
Guatemala,GTM,2021-09-29,39.21
Guatemala,GTM,2021-09-30,39.63
Guatemala,GTM,2021-10-01,40.08
Guatemala,GTM,2021-10-02,40.32
Guatemala,GTM,2021-10-03,40.51
Guatemala,GTM,2021-10-04,40.97
Guatemala,GTM,2021-10-05,41.47
Guatemala,GTM,2021-10-06,41.98
Guatemala,GTM,2021-10-07,42.47
Guatemala,GTM,2021-10-08,43.01
Guatemala,GTM,2021-10-09,43.27
Guatemala,GTM,2021-10-10,43.45
Guatemala,GTM,2021-10-11,43.89
Guatemala,GTM,2021-10-12,44.35
Guatemala,GTM,2021-10-13,44.76
Guatemala,GTM,2021-10-14,45.12
Guatemala,GTM,2021-10-15,45.49
Guatemala,GTM,2021-10-16,45.64
Guatemala,GTM,2021-10-17,45.74
Guatemala,GTM,2021-10-18,46.08
Guatemala,GTM,2021-10-19,46.38
Guatemala,GTM,2021-10-20,46.53
Guatemala,GTM,2021-10-21,46.82
Guatemala,GTM,2021-10-22,47.11
Guatemala,GTM,2021-10-23,47.23
Guatemala,GTM,2021-10-24,47.3
Guatemala,GTM,2021-10-25,47.57
Guatemala,GTM,2021-10-26,47.84
Guatemala,GTM,2021-10-27,48.1
Guatemala,GTM,2021-10-28,48.35
Guatemala,GTM,2021-10-29,48.63
Guatemala,GTM,2021-10-30,48.74
Guatemala,GTM,2021-10-31,48.82
Guatemala,GTM,2021-11-01,48.85
Guatemala,GTM,2021-11-02,49.06
Guatemala,GTM,2021-11-03,49.33
Guatemala,GTM,2021-11-04,49.6
Guatemala,GTM,2021-11-05,49.91
Guatemala,GTM,2021-11-06,50.03
Guatemala,GTM,2021-11-07,50.12
Guatemala,GTM,2021-11-08,50.45
Guatemala,GTM,2021-11-09,50.79
Guatemala,GTM,2021-11-10,51.11
Guatemala,GTM,2021-11-11,51.45
Guatemala,GTM,2021-11-12,51.82
Guatemala,GTM,2021-11-13,51.98
Guatemala,GTM,2021-11-14,52.1
Guatemala,GTM,2021-11-15,52.45
Guatemala,GTM,2021-11-16,52.77
Guatemala,GTM,2021-11-17,53.12
Guatemala,GTM,2021-11-18,53.42
Guatemala,GTM,2021-11-19,53.78
Guatemala,GTM,2021-11-20,54.02
Guatemala,GTM,2021-11-21,54.24
Guatemala,GTM,2021-11-22,54.63
Guatemala,GTM,2021-11-23,55.04
Guatemala,GTM,2021-11-24,55.47
Guatemala,GTM,2021-11-25,55.88
Guatemala,GTM,2021-11-26,56.11
Guatemala,GTM,2021-11-27,56.28
Guatemala,GTM,2021-11-28,56.41
Guatemala,GTM,2021-11-29,56.8
Guatemala,GTM,2021-11-30,57.19
Guatemala,GTM,2021-12-01,57.52
Guatemala,GTM,2021-12-02,57.86
Guatemala,GTM,2021-12-03,58.18
Guatemala,GTM,2021-12-04,58.31
Guatemala,GTM,2021-12-05,58.4
Guatemala,GTM,2021-12-06,58.72
Guatemala,GTM,2021-12-07,59.05
Guatemala,GTM,2021-12-08,59.34
Guatemala,GTM,2021-12-09,59.65
Guatemala,GTM,2021-12-10,59.93
Guatemala,GTM,2021-12-11,60.05
Guatemala,GTM,2021-12-12,60.12
Guatemala,GTM,2021-12-13,60.39
Guatemala,GTM,2021-12-14,60.67
Guatemala,GTM,2021-12-15,60.96
Guatemala,GTM,2021-12-16,61.26
Guatemala,GTM,2021-12-17,61.53
Guatemala,GTM,2021-12-18,61.66
Guatemala,GTM,2021-12-19,61.77
Guatemala,GTM,2021-12-20,62.45
Guatemala,GTM,2021-12-21,62.81
Guatemala,GTM,2021-12-22,63.09
Guatemala,GTM,2021-12-23,63.23
Guatemala,GTM,2021-12-24,63.25
Guatemala,GTM,2021-12-25,63.26
Guatemala,GTM,2021-12-26,63.29
Guatemala,GTM,2021-12-27,63.58
Guatemala,GTM,2021-12-28,63.88
Guatemala,GTM,2021-12-29,64.12
Guatemala,GTM,2021-12-30,64.22
Guatemala,GTM,2021-12-31,64.23
Guatemala,GTM,2022-01-01,64.24
Guatemala,GTM,2022-01-02,64.26
Guatemala,GTM,2022-01-03,64.46
Guatemala,GTM,2022-01-04,64.71
Guatemala,GTM,2022-01-05,64.96
Guatemala,GTM,2022-01-06,65.41
Guatemala,GTM,2022-01-07,65.99
Guatemala,GTM,2022-01-08,66.35
Guatemala,GTM,2022-01-09,66.75
Guatemala,GTM,2022-01-10,67.32
Guatemala,GTM,2022-01-11,67.93
Guatemala,GTM,2022-01-12,68.56
Guatemala,GTM,2022-01-13,69.17
Guatemala,GTM,2022-01-14,69.79
Guatemala,GTM,2022-01-15,70.07
Guatemala,GTM,2022-01-16,70.41
Guatemala,GTM,2022-01-17,71
Guatemala,GTM,2022-01-18,71.62
Guatemala,GTM,2022-01-19,72.18
Guatemala,GTM,2022-01-20,72.71
Guatemala,GTM,2022-01-21,73.25
Guatemala,GTM,2022-01-22,73.5
Guatemala,GTM,2022-01-23,73.67
Guatemala,GTM,2022-01-24,74.08
Guatemala,GTM,2022-01-25,74.47
Guatemala,GTM,2022-01-26,74.85
Guatemala,GTM,2022-01-27,75.21
Guatemala,GTM,2022-01-28,75.58
Guatemala,GTM,2022-01-29,75.75
Guatemala,GTM,2022-01-30,75.98
Guatemala,GTM,2022-01-31,76.39
Guatemala,GTM,2022-02-01,76.61
Guatemala,GTM,2022-02-02,77.14
Guatemala,GTM,2022-02-03,77.44
Guatemala,GTM,2022-02-04,77.77
Guatemala,GTM,2022-02-05,77.91
Guatemala,GTM,2022-02-06,78.03
Guatemala,GTM,2022-02-07,78.33
Guatemala,GTM,2022-02-08,78.64
Guatemala,GTM,2022-02-09,79.09
Guatemala,GTM,2022-02-10,79.25
Guatemala,GTM,2022-02-11,79.69
Guatemala,GTM,2022-02-12,79.82
Guatemala,GTM,2022-02-13,79.91
Guatemala,GTM,2022-02-14,80.16
Guatemala,GTM,2022-02-15,80.43
Guatemala,GTM,2022-02-18,80.72
Guatemala,GTM,2022-02-23,81.86
Guatemala,GTM,2022-02-25,82.55
Guatemala,GTM,2022-03-02,83.77
Guatemala,GTM,2022-03-04,84.62
Guatemala,GTM,2022-03-09,85.27
Guatemala,GTM,2022-03-11,85.99
Guatemala,GTM,2022-03-16,86.71
Guatemala,GTM,2022-03-18,87.36
Guatemala,GTM,2022-03-23,88.71
Guatemala,GTM,2022-03-25,89.99
Guatemala,GTM,2022-03-30,91.55
Guatemala,GTM,2022-04-01,92.33
Guatemala,GTM,2022-04-08,93.87
Guatemala,GTM,2022-04-15,94.7
Guatemala,GTM,2022-04-22,94.89
Guatemala,GTM,2022-04-29,96.12
Guatemala,GTM,2022-05-06,96.8
Guatemala,GTM,2022-05-13,97.43
Guatemala,GTM,2022-05-20,98.19
Guatemala,GTM,2022-05-27,99.02
Guatemala,GTM,2022-06-03,99.72
Guatemala,GTM,2022-06-08,100.06
Guatemala,GTM,2022-06-10,100.26
Guatemala,GTM,2022-06-15,100.65
Guatemala,GTM,2022-06-17,100.85
Guatemala,GTM,2022-06-22,101.1
Guatemala,GTM,2022-06-24,101.43
Guatemala,GTM,2022-06-30,101.78
Guatemala,GTM,2022-07-01,101.98
Guatemala,GTM,2022-07-07,102.2
Guatemala,GTM,2022-07-08,102.43
Guatemala,GTM,2022-07-13,102.82
Guatemala,GTM,2022-07-15,103.35
Guatemala,GTM,2022-07-22,103.7
Guatemala,GTM,2022-07-27,104.24
Guatemala,GTM,2022-07-29,104.68
Guatemala,GTM,2022-08-03,105.53
Guernsey,GGY,2021-01-24,10.58
Guernsey,GGY,2021-02-07,24
Guernsey,GGY,2021-02-14,30.58
Guernsey,GGY,2021-02-23,31.79
Guernsey,GGY,2021-03-02,34.95
Guernsey,GGY,2021-03-12,46.59
Guernsey,GGY,2021-04-07,59.98
Guernsey,GGY,2021-04-16,68.19
Guernsey,GGY,2021-04-20,73.87
Guernsey,GGY,2021-05-12,86.69
Guernsey,GGY,2021-05-13,87.97
Guernsey,GGY,2021-05-21,93.15
Guernsey,GGY,2021-05-23,94.33
Guernsey,GGY,2021-05-24,96.87
Guernsey,GGY,2021-05-25,97.77
Guernsey,GGY,2021-05-26,98.73
Guernsey,GGY,2021-05-27,100.04
Guernsey,GGY,2021-05-28,101.15
Guernsey,GGY,2021-06-01,105.65
Guernsey,GGY,2021-06-02,106.64
Guernsey,GGY,2021-06-03,107.71
Guernsey,GGY,2021-06-04,108.76
Guernsey,GGY,2021-06-07,111.85
Guernsey,GGY,2021-06-08,112.84
Guernsey,GGY,2021-06-10,114.78
Guernsey,GGY,2021-06-11,116.02
Guernsey,GGY,2021-06-14,118.48
Guernsey,GGY,2021-06-15,119.21
Guernsey,GGY,2021-06-17,120.59
Guernsey,GGY,2021-06-18,121.15
Guernsey,GGY,2021-06-21,122.97
Guernsey,GGY,2021-06-22,123.49
Guernsey,GGY,2021-06-24,124.77
Guernsey,GGY,2021-06-25,125.31
Guernsey,GGY,2021-06-29,128.05
Guernsey,GGY,2021-06-30,128.7
Guernsey,GGY,2021-07-01,129.31
Guernsey,GGY,2021-07-02,130.12
Guernsey,GGY,2021-07-05,132.51
Guernsey,GGY,2021-07-06,133.4
Guernsey,GGY,2021-07-07,134.4
Guernsey,GGY,2021-07-09,136.27
Guernsey,GGY,2021-07-12,138.64
Guernsey,GGY,2021-07-13,139.35
Guernsey,GGY,2021-07-14,139.94
Guernsey,GGY,2021-07-15,140.58
Guernsey,GGY,2021-07-16,141.04
Guernsey,GGY,2021-07-20,142.94
Guernsey,GGY,2021-07-21,143.32
Guernsey,GGY,2021-07-22,143.69
Guernsey,GGY,2021-07-23,144.06
Guernsey,GGY,2021-07-26,145.1
Guernsey,GGY,2021-07-27,145.44
Guernsey,GGY,2021-07-28,145.9
Guernsey,GGY,2021-07-30,147.11
Guernsey,GGY,2021-08-02,148.95
Guernsey,GGY,2021-08-04,151.08
Guernsey,GGY,2021-08-06,151.81
Guernsey,GGY,2021-08-09,152.42
Guernsey,GGY,2021-08-11,152.83
Guernsey,GGY,2021-08-13,153.31
Guernsey,GGY,2021-08-16,154.03
Guernsey,GGY,2021-08-18,154.76
Guernsey,GGY,2021-08-20,155.48
Guernsey,GGY,2021-08-23,155.93
Guernsey,GGY,2021-08-25,157.12
Guernsey,GGY,2021-08-27,157.68
Guernsey,GGY,2021-09-01,157.75
Guernsey,GGY,2021-09-03,158.07
Guernsey,GGY,2021-09-06,159.49
Guernsey,GGY,2021-09-08,159.77
Guernsey,GGY,2021-09-10,160.08
Guernsey,GGY,2021-09-13,160.43
Guernsey,GGY,2021-09-15,160.61
Guernsey,GGY,2021-09-17,160.92
Guernsey,GGY,2021-09-20,161.08
Guernsey,GGY,2021-09-22,161.23
Guernsey,GGY,2021-09-24,161.36
Guernsey,GGY,2021-09-27,161.58
Guernsey,GGY,2021-09-29,161.72
Guernsey,GGY,2021-10-05,161.99
Guernsey,GGY,2021-10-13,162.28
Guernsey,GGY,2021-10-18,162.61
Guernsey,GGY,2021-10-25,163.43
Guernsey,GGY,2021-11-01,164.15
Guernsey,GGY,2021-11-08,164.71
Guernsey,GGY,2021-11-15,165.02
Guernsey,GGY,2021-11-22,165.12
Guernsey,GGY,2021-12-08,165.63
Guernsey,GGY,2021-12-14,168.25
Guernsey,GGY,2022-01-04,226.42
Guernsey,GGY,2022-01-10,228.37
Guernsey,GGY,2022-01-11,229.56
Guernsey,GGY,2022-01-17,230.1
Guernsey,GGY,2022-01-25,231.1
Guernsey,GGY,2022-02-02,231.92
Guernsey,GGY,2022-02-08,232.82
Guernsey,GGY,2022-02-15,233.73
Guernsey,GGY,2022-02-21,234.21
Guernsey,GGY,2022-02-28,234.7
Guernsey,GGY,2022-03-07,235.22
Guernsey,GGY,2022-03-15,238.68
Guernsey,GGY,2022-03-23,239
Guernsey,GGY,2022-04-26,241.76
Guernsey,GGY,2022-05-03,243.59
Guernsey,GGY,2022-05-17,246.86
Guernsey,GGY,2022-06-01,248.02
Guernsey,GGY,2022-06-17,248.54
Guernsey,GGY,2022-06-27,249.2
Guernsey,GGY,2022-07-12,250.07
Guinea,GIN,2021-03-31,0.46
Guinea,GIN,2021-04-07,0.61
Guinea,GIN,2021-04-15,0.78
Guinea,GIN,2021-04-16,0.81
Guinea,GIN,2021-04-19,0.83
Guinea,GIN,2021-04-20,0.84
Guinea,GIN,2021-04-21,0.86
Guinea,GIN,2021-04-22,0.92
Guinea,GIN,2021-04-24,0.96
Guinea,GIN,2021-04-25,0.96
Guinea,GIN,2021-04-26,0.98
Guinea,GIN,2021-04-27,1
Guinea,GIN,2021-04-28,1.02
Guinea,GIN,2021-04-29,1.04
Guinea,GIN,2021-04-30,1.06
Guinea,GIN,2021-05-03,1.08
Guinea,GIN,2021-05-04,1.09
Guinea,GIN,2021-05-05,1.11
Guinea,GIN,2021-05-06,1.25
Guinea,GIN,2021-05-07,1.28
Guinea,GIN,2021-05-11,1.5
Guinea,GIN,2021-05-12,1.51
Guinea,GIN,2021-05-17,1.66
Guinea,GIN,2021-05-19,1.74
Guinea,GIN,2021-05-20,1.75
Guinea,GIN,2021-05-23,1.93
Guinea,GIN,2021-05-24,2.02
Guinea,GIN,2021-05-25,2.11
Guinea,GIN,2021-05-26,2.23
Guinea,GIN,2021-05-29,2.51
Guinea,GIN,2021-05-31,2.61
Guinea,GIN,2021-06-02,2.7
Guinea,GIN,2021-06-03,2.73
Guinea,GIN,2021-06-07,2.78
Guinea,GIN,2021-06-08,2.84
Guinea,GIN,2021-06-10,2.97
Guinea,GIN,2021-06-11,2.98
Guinea,GIN,2021-06-15,3.26
Guinea,GIN,2021-06-17,3.35
Guinea,GIN,2021-06-21,3.51
Guinea,GIN,2021-06-22,3.88
Guinea,GIN,2021-06-23,3.93
Guinea,GIN,2021-06-24,3.94
Guinea,GIN,2021-06-27,4
Guinea,GIN,2021-06-28,4.01
Guinea,GIN,2021-06-29,4.22
Guinea,GIN,2021-06-30,4.23
Guinea,GIN,2021-07-03,4.27
Guinea,GIN,2021-07-04,5.23
Guinea,GIN,2021-07-05,5.33
Guinea,GIN,2021-07-07,5.43
Guinea,GIN,2021-07-12,5.7
Guinea,GIN,2021-07-13,5.74
Guinea,GIN,2021-07-14,5.77
Guinea,GIN,2021-07-16,5.79
Guinea,GIN,2021-07-18,5.8
Guinea,GIN,2021-07-25,5.91
Guinea,GIN,2021-07-27,5.94
Guinea,GIN,2021-07-28,5.95
Guinea,GIN,2021-07-30,6.65
Guinea,GIN,2021-08-01,6.69
Guinea,GIN,2021-08-06,6.79
Guinea,GIN,2021-08-08,6.84
Guinea,GIN,2021-08-09,6.89
Guinea,GIN,2021-08-10,6.94
Guinea,GIN,2021-08-11,7
Guinea,GIN,2021-08-12,7.04
Guinea,GIN,2021-08-15,7.09
Guinea,GIN,2021-08-16,7.11
Guinea,GIN,2021-08-17,7.18
Guinea,GIN,2021-08-18,7.24
Guinea,GIN,2021-08-19,7.65
Guinea,GIN,2021-08-22,7.81
Guinea,GIN,2021-08-23,7.86
Guinea,GIN,2021-08-25,8.07
Guinea,GIN,2021-08-29,8.35
Guinea,GIN,2021-08-30,8.87
Guinea,GIN,2021-08-31,9.04
Guinea,GIN,2021-09-03,9.25
Guinea,GIN,2021-09-06,9.5
Guinea,GIN,2021-09-08,9.71
Guinea,GIN,2021-09-09,9.86
Guinea,GIN,2021-09-12,10.16
Guinea,GIN,2021-09-14,10.26
Guinea,GIN,2021-09-19,10.68
Guinea,GIN,2021-09-20,10.87
Guinea,GIN,2021-09-21,11.49
Guinea,GIN,2021-09-23,12.42
Guinea,GIN,2021-09-24,12.56
Guinea,GIN,2021-09-26,12.8
Guinea,GIN,2021-09-28,13.1
Guinea,GIN,2021-09-30,13.35
Guinea,GIN,2021-10-03,13.54
Guinea,GIN,2021-10-05,13.73
Guinea,GIN,2021-10-10,14.06
Guinea,GIN,2021-10-12,14.23
Guinea,GIN,2021-10-13,14.65
Guinea,GIN,2021-10-14,14.86
Guinea,GIN,2021-10-18,15.07
Guinea,GIN,2021-10-21,15.7
Guinea,GIN,2021-10-24,16.04
Guinea,GIN,2021-10-26,16.13
Guinea,GIN,2021-10-27,16.31
Guinea,GIN,2021-10-31,16.61
Guinea,GIN,2021-11-01,16.73
Guinea,GIN,2021-11-03,16.82
Guinea,GIN,2021-11-07,17.36
Guinea,GIN,2021-11-10,17.47
Guinea,GIN,2021-11-21,17.99
Guinea,GIN,2021-11-23,18.05
Guinea,GIN,2021-11-24,18.06
Guinea,GIN,2021-11-25,18.13
Guinea,GIN,2021-11-26,18.16
Guinea,GIN,2021-11-28,18.17
Guinea,GIN,2021-12-04,18.43
Guinea,GIN,2021-12-11,18.5
Guinea,GIN,2021-12-12,18.52
Guinea,GIN,2021-12-20,18.89
Guinea,GIN,2021-12-21,19.06
Guinea,GIN,2021-12-23,19.71
Guinea,GIN,2021-12-24,20
Guinea,GIN,2021-12-25,20.22
Guinea,GIN,2021-12-26,20.47
Guinea,GIN,2021-12-28,21.09
Guinea,GIN,2021-12-29,21.39
Guinea,GIN,2021-12-30,21.65
Guinea,GIN,2021-12-31,21.82
Guinea,GIN,2022-01-01,24.03
Guinea,GIN,2022-01-02,24.12
Guinea,GIN,2022-01-03,24.65
Guinea,GIN,2022-01-04,24.93
Guinea,GIN,2022-01-05,25.19
Guinea,GIN,2022-01-07,25.27
Guinea,GIN,2022-01-10,25.28
Guinea,GIN,2022-01-11,25.29
Guinea,GIN,2022-01-15,25.32
Guinea,GIN,2022-01-17,33.19
Guinea,GIN,2022-01-20,33.99
Guinea,GIN,2022-01-22,34.24
Guinea,GIN,2022-01-23,34.4
Guinea,GIN,2022-01-24,34.53
Guinea,GIN,2022-01-31,35.1
Guinea,GIN,2022-02-01,35.16
Guinea,GIN,2022-02-05,35.16
Guinea,GIN,2022-02-09,35.16
Guinea,GIN,2022-02-10,35.17
Guinea,GIN,2022-02-20,36.69
Guinea,GIN,2022-02-27,40.63
Guinea,GIN,2022-03-13,43.12
Guinea,GIN,2022-03-16,43.56
Guinea,GIN,2022-03-21,43.99
Guinea,GIN,2022-04-26,45.17
Guinea,GIN,2022-05-01,45.17
Guinea,GIN,2022-05-22,45.28
Guinea,GIN,2022-05-29,45.28
Guinea,GIN,2022-07-17,46.55
Guinea-Bissau,GNB,2021-05-12,0.29
Guinea-Bissau,GNB,2021-06-08,0.91
Guinea-Bissau,GNB,2021-06-28,1.11
Guinea-Bissau,GNB,2021-07-19,1.22
Guinea-Bissau,GNB,2021-08-09,1.48
Guinea-Bissau,GNB,2021-08-23,1.51
Guinea-Bissau,GNB,2021-09-17,4.04
Guinea-Bissau,GNB,2021-09-22,4.6
Guinea-Bissau,GNB,2021-10-06,5.71
Guinea-Bissau,GNB,2021-10-12,5.85
Guinea-Bissau,GNB,2021-10-18,5.9
Guinea-Bissau,GNB,2021-10-24,6.21
Guinea-Bissau,GNB,2021-10-31,6.76
Guinea-Bissau,GNB,2021-11-03,8.82
Guinea-Bissau,GNB,2021-11-08,13.41
Guinea-Bissau,GNB,2021-11-11,14.92
Guinea-Bissau,GNB,2021-11-15,16.05
Guinea-Bissau,GNB,2021-11-16,16.13
Guinea-Bissau,GNB,2021-11-22,17.64
Guinea-Bissau,GNB,2021-11-25,17.72
Guinea-Bissau,GNB,2021-11-28,17.88
Guinea-Bissau,GNB,2021-12-05,18.86
Guinea-Bissau,GNB,2021-12-13,19.72
Guinea-Bissau,GNB,2021-12-20,19.99
Guinea-Bissau,GNB,2021-12-23,20.01
Guinea-Bissau,GNB,2021-12-28,20.09
Guinea-Bissau,GNB,2022-01-01,20.1
Guinea-Bissau,GNB,2022-01-07,20.11
Guinea-Bissau,GNB,2022-01-12,20.15
Guinea-Bissau,GNB,2022-01-17,20.18
Guinea-Bissau,GNB,2022-01-19,20.21
Guinea-Bissau,GNB,2022-01-22,20.36
Guinea-Bissau,GNB,2022-01-28,20.55
Guinea-Bissau,GNB,2022-02-02,21.16
Guinea-Bissau,GNB,2022-02-06,22.9
Guinea-Bissau,GNB,2022-02-14,26.62
Guinea-Bissau,GNB,2022-02-20,27
Guinea-Bissau,GNB,2022-02-27,27.01
Guinea-Bissau,GNB,2022-03-06,27.09
Guinea-Bissau,GNB,2022-03-13,27.29
Guinea-Bissau,GNB,2022-04-24,27.3
Guinea-Bissau,GNB,2022-06-05,27.31
Guinea-Bissau,GNB,2022-06-19,27.79
Guinea-Bissau,GNB,2022-06-26,27.8
Guinea-Bissau,GNB,2022-07-10,27.81
Guyana,GUY,2021-02-11,0
Guyana,GUY,2021-02-15,0.08
Guyana,GUY,2021-02-22,0.23
Guyana,GUY,2021-03-19,1.93
Guyana,GUY,2021-03-31,4.07
Guyana,GUY,2021-04-03,5.03
Guyana,GUY,2021-04-11,7.48
Guyana,GUY,2021-04-15,9.15
Guyana,GUY,2021-04-23,14.12
Guyana,GUY,2021-04-26,15.76
Guyana,GUY,2021-05-06,19.08
Guyana,GUY,2021-05-25,30.53
Guyana,GUY,2021-06-02,34.13
Guyana,GUY,2021-06-05,35.45
Guyana,GUY,2021-06-09,36.55
Guyana,GUY,2021-06-11,37.36
Guyana,GUY,2021-06-16,39.25
Guyana,GUY,2021-06-21,40.56
Guyana,GUY,2021-06-25,41.65
Guyana,GUY,2021-06-29,42.26
Guyana,GUY,2021-06-30,42.49
Guyana,GUY,2021-07-01,42.81
Guyana,GUY,2021-07-02,43.08
Guyana,GUY,2021-07-06,43.53
Guyana,GUY,2021-07-08,44
Guyana,GUY,2021-07-14,45.17
Guyana,GUY,2021-07-19,46.14
Guyana,GUY,2021-07-22,46.45
Guyana,GUY,2021-07-23,46.59
Guyana,GUY,2021-07-26,46.88
Guyana,GUY,2021-07-28,47.6
Guyana,GUY,2021-07-29,48.39
Guyana,GUY,2021-07-30,48.39
Guyana,GUY,2021-08-03,49.05
Guyana,GUY,2021-08-04,49.34
Guyana,GUY,2021-08-10,51.72
Guyana,GUY,2021-08-12,52.9
Guyana,GUY,2021-08-13,53.33
Guyana,GUY,2021-08-16,54.06
Guyana,GUY,2021-08-23,56.58
Guyana,GUY,2021-08-25,57.26
Guyana,GUY,2021-08-26,57.85
Guyana,GUY,2021-08-27,58.2
Guyana,GUY,2021-08-30,58.69
Guyana,GUY,2021-08-31,58.97
Guyana,GUY,2021-09-03,60.32
Guyana,GUY,2021-09-07,61.13
Guyana,GUY,2021-09-08,61.55
Guyana,GUY,2021-09-09,62.4
Guyana,GUY,2021-09-14,63.65
Guyana,GUY,2021-09-16,64.42
Guyana,GUY,2021-09-20,65.33
Guyana,GUY,2021-09-23,66.35
Guyana,GUY,2021-09-27,66.96
Guyana,GUY,2021-09-29,67.51
Guyana,GUY,2021-10-05,71.52
Guyana,GUY,2021-10-06,72.06
Guyana,GUY,2021-10-07,72.51
Guyana,GUY,2021-10-08,72.86
Guyana,GUY,2021-10-12,73.82
Guyana,GUY,2021-10-13,74.14
Guyana,GUY,2021-10-20,75.56
Guyana,GUY,2021-10-21,75.91
Guyana,GUY,2021-10-25,76.51
Guyana,GUY,2021-10-28,77.24
Guyana,GUY,2021-11-01,77.87
Guyana,GUY,2021-11-02,78.17
Guyana,GUY,2021-11-03,78.52
Guyana,GUY,2021-11-05,78.86
Guyana,GUY,2021-11-09,79.73
Guyana,GUY,2021-11-10,80.05
Guyana,GUY,2021-11-11,80.36
Guyana,GUY,2021-11-12,80.66
Guyana,GUY,2021-11-15,81.2
Guyana,GUY,2021-11-16,81.53
Guyana,GUY,2021-11-17,81.81
Guyana,GUY,2021-11-18,82.06
Guyana,GUY,2021-11-19,82.3
Guyana,GUY,2021-11-24,83.03
Guyana,GUY,2021-11-26,83.78
Guyana,GUY,2021-11-29,84.11
Guyana,GUY,2021-11-30,84.35
Guyana,GUY,2021-12-01,84.65
Guyana,GUY,2021-12-02,84.86
Guyana,GUY,2021-12-06,85.28
Guyana,GUY,2021-12-07,85.47
Guyana,GUY,2021-12-14,86.79
Guyana,GUY,2021-12-18,87.8
Guyana,GUY,2021-12-29,88.96
Guyana,GUY,2022-01-01,89.27
Guyana,GUY,2022-01-14,92.58
Guyana,GUY,2022-01-21,94.15
Guyana,GUY,2022-01-28,95.97
Guyana,GUY,2022-01-31,96.35
Guyana,GUY,2022-02-02,96.93
Guyana,GUY,2022-02-09,98.27
Guyana,GUY,2022-02-11,98.46
Guyana,GUY,2022-02-16,99.19
Guyana,GUY,2022-02-19,99.7
Guyana,GUY,2022-02-23,100
Guyana,GUY,2022-02-25,100.33
Guyana,GUY,2022-02-26,100.45
Guyana,GUY,2022-03-01,100.84
Guyana,GUY,2022-03-04,101.35
Guyana,GUY,2022-03-07,101.78
Guyana,GUY,2022-03-10,101.92
Guyana,GUY,2022-03-11,109.18
Guyana,GUY,2022-03-16,109.9
Guyana,GUY,2022-03-18,110.13
Guyana,GUY,2022-03-23,110.49
Guyana,GUY,2022-03-25,110.56
Guyana,GUY,2022-03-30,110.75
Guyana,GUY,2022-04-01,110.9
Guyana,GUY,2022-04-08,111.23
Guyana,GUY,2022-04-15,111.5
Guyana,GUY,2022-04-22,111.73
Guyana,GUY,2022-04-29,111.92
Guyana,GUY,2022-05-06,112.24
Guyana,GUY,2022-05-13,112.46
Guyana,GUY,2022-05-20,112.58
Guyana,GUY,2022-06-03,113.09
Guyana,GUY,2022-06-08,113.29
Guyana,GUY,2022-06-15,113.44
Guyana,GUY,2022-06-17,113.56
Guyana,GUY,2022-06-22,113.6
Guyana,GUY,2022-06-30,125.56
Guyana,GUY,2022-07-01,125.68
Guyana,GUY,2022-07-07,125.96
Guyana,GUY,2022-07-13,126.06
Guyana,GUY,2022-07-15,126.33
Guyana,GUY,2022-07-27,126.52
Haiti,HTI,2021-07-16,0
Haiti,HTI,2021-07-21,0.02
Haiti,HTI,2021-07-22,0.02
Haiti,HTI,2021-07-26,0.03
Haiti,HTI,2021-07-27,0.04
Haiti,HTI,2021-07-28,0.04
Haiti,HTI,2021-07-29,0.05
Haiti,HTI,2021-07-30,0.06
Haiti,HTI,2021-08-02,0.07
Haiti,HTI,2021-08-03,0.08
Haiti,HTI,2021-08-04,0.1
Haiti,HTI,2021-08-05,0.11
Haiti,HTI,2021-08-06,0.12
Haiti,HTI,2021-08-09,0.13
Haiti,HTI,2021-08-10,0.15
Haiti,HTI,2021-08-11,0.17
Haiti,HTI,2021-08-13,0.18
Haiti,HTI,2021-08-16,0.18
Haiti,HTI,2021-08-18,0.21
Haiti,HTI,2021-08-21,0.23
Haiti,HTI,2021-08-23,0.24
Haiti,HTI,2021-08-25,0.25
Haiti,HTI,2021-08-26,0.26
Haiti,HTI,2021-08-27,0.28
Haiti,HTI,2021-08-31,0.31
Haiti,HTI,2021-09-03,0.36
Haiti,HTI,2021-09-07,0.4
Haiti,HTI,2021-09-09,0.44
Haiti,HTI,2021-09-10,0.46
Haiti,HTI,2021-09-17,0.53
Haiti,HTI,2021-09-21,0.54
Haiti,HTI,2021-09-26,0.59
Haiti,HTI,2021-10-01,0.61
Haiti,HTI,2021-10-02,0.66
Haiti,HTI,2021-10-07,0.77
Haiti,HTI,2021-10-10,0.84
Haiti,HTI,2021-10-15,0.89
Haiti,HTI,2021-10-18,0.97
Haiti,HTI,2021-10-29,1.08
Haiti,HTI,2021-10-31,1.18
Haiti,HTI,2021-11-05,1.19
Haiti,HTI,2021-11-11,1.21
Haiti,HTI,2021-11-12,1.34
Haiti,HTI,2021-11-15,1.38
Haiti,HTI,2021-11-19,1.61
Haiti,HTI,2021-12-16,1.66
Haiti,HTI,2021-12-17,1.7
Haiti,HTI,2021-12-29,1.72
Haiti,HTI,2022-01-01,1.75
Haiti,HTI,2022-01-21,1.79
Haiti,HTI,2022-01-30,1.96
Haiti,HTI,2022-02-16,2.03
Haiti,HTI,2022-02-25,2.05
Haiti,HTI,2022-03-04,2.09
Haiti,HTI,2022-03-09,2.11
Haiti,HTI,2022-03-16,2.13
Haiti,HTI,2022-03-23,2.18
Haiti,HTI,2022-03-30,2.22
Haiti,HTI,2022-04-01,2.23
Haiti,HTI,2022-04-08,2.23
Haiti,HTI,2022-04-15,2.33
Haiti,HTI,2022-04-22,2.33
Haiti,HTI,2022-04-29,2.39
Haiti,HTI,2022-05-06,2.41
Haiti,HTI,2022-05-13,2.44
Haiti,HTI,2022-05-20,2.45
Haiti,HTI,2022-06-03,2.5
Haiti,HTI,2022-06-10,2.53
Haiti,HTI,2022-06-17,2.8
Haiti,HTI,2022-06-24,2.99
Haiti,HTI,2022-07-08,3.05
Haiti,HTI,2022-07-15,3.07
High income,,2020-12-02,0
High income,,2020-12-03,0
High income,,2020-12-04,0
High income,,2020-12-05,0
High income,,2020-12-06,0
High income,,2020-12-07,0
High income,,2020-12-08,0
High income,,2020-12-09,0
High income,,2020-12-10,0
High income,,2020-12-11,0
High income,,2020-12-12,0
High income,,2020-12-13,0
High income,,2020-12-14,0
High income,,2020-12-15,0.01
High income,,2020-12-16,0.02
High income,,2020-12-17,0.04
High income,,2020-12-18,0.08
High income,,2020-12-19,0.09
High income,,2020-12-20,0.1
High income,,2020-12-21,0.13
High income,,2020-12-22,0.17
High income,,2020-12-23,0.23
High income,,2020-12-24,0.25
High income,,2020-12-25,0.26
High income,,2020-12-26,0.27
High income,,2020-12-27,0.29
High income,,2020-12-28,0.36
High income,,2020-12-29,0.43
High income,,2020-12-30,0.53
High income,,2020-12-31,0.58
High income,,2021-01-01,0.6
High income,,2021-01-02,0.64
High income,,2021-01-03,0.67
High income,,2021-01-04,0.76
High income,,2021-01-05,0.93
High income,,2021-01-06,1.05
High income,,2021-01-07,1.19
High income,,2021-01-08,1.35
High income,,2021-01-09,1.42
High income,,2021-01-10,1.68
High income,,2021-01-11,1.83
High income,,2021-01-12,2
High income,,2021-01-13,2.19
High income,,2021-01-14,2.39
High income,,2021-01-15,2.6
High income,,2021-01-16,2.72
High income,,2021-01-17,2.81
High income,,2021-01-18,2.97
High income,,2021-01-19,3.18
High income,,2021-01-20,3.41
High income,,2021-01-21,3.65
High income,,2021-01-22,3.91
High income,,2021-01-23,4.07
High income,,2021-01-24,4.17
High income,,2021-01-25,4.37
High income,,2021-01-26,4.61
High income,,2021-01-27,4.87
High income,,2021-01-28,5.14
High income,,2021-01-29,5.43
High income,,2021-01-30,5.61
High income,,2021-01-31,5.74
High income,,2021-02-01,5.94
High income,,2021-02-02,6.19
High income,,2021-02-03,6.49
High income,,2021-02-04,6.83
High income,,2021-02-05,7.17
High income,,2021-02-06,7.37
High income,,2021-02-07,7.49
High income,,2021-02-08,7.72
High income,,2021-02-09,8.01
High income,,2021-02-10,8.34
High income,,2021-02-11,8.69
High income,,2021-02-12,9.07
High income,,2021-02-13,9.28
High income,,2021-02-14,9.41
High income,,2021-02-15,9.62
High income,,2021-02-16,9.88
High income,,2021-02-17,10.18
High income,,2021-02-18,10.49
High income,,2021-02-19,10.82
High income,,2021-02-20,11
High income,,2021-02-21,11.13
High income,,2021-02-22,11.36
High income,,2021-02-23,11.64
High income,,2021-02-24,12
High income,,2021-02-25,12.39
High income,,2021-02-26,12.86
High income,,2021-02-27,13.12
High income,,2021-02-28,13.29
High income,,2021-03-01,13.58
High income,,2021-03-02,13.93
High income,,2021-03-03,14.36
High income,,2021-03-04,14.84
High income,,2021-03-05,15.33
High income,,2021-03-06,15.66
High income,,2021-03-07,15.88
High income,,2021-03-08,16.24
High income,,2021-03-09,16.65
High income,,2021-03-10,17.11
High income,,2021-03-11,17.63
High income,,2021-03-12,18.18
High income,,2021-03-13,18.5
High income,,2021-03-14,18.72
High income,,2021-03-15,19.11
High income,,2021-03-16,19.55
High income,,2021-03-17,20.03
High income,,2021-03-18,20.54
High income,,2021-03-19,21.1
High income,,2021-03-20,21.44
High income,,2021-03-21,21.67
High income,,2021-03-22,22.09
High income,,2021-03-23,22.56
High income,,2021-03-24,23.11
High income,,2021-03-25,23.68
High income,,2021-03-26,24.35
High income,,2021-03-27,24.72
High income,,2021-03-28,24.98
High income,,2021-03-29,25.45
High income,,2021-03-30,26
High income,,2021-03-31,26.63
High income,,2021-04-01,27.31
High income,,2021-04-02,27.86
High income,,2021-04-03,28.21
High income,,2021-04-04,28.39
High income,,2021-04-05,28.8
High income,,2021-04-06,29.38
High income,,2021-04-07,30.08
High income,,2021-04-08,30.83
High income,,2021-04-09,31.61
High income,,2021-04-10,32.09
High income,,2021-04-11,32.38
High income,,2021-04-12,32.91
High income,,2021-04-13,33.5
High income,,2021-04-14,34.13
High income,,2021-04-15,34.81
High income,,2021-04-16,35.57
High income,,2021-04-17,35.99
High income,,2021-04-18,36.3
High income,,2021-04-19,36.84
High income,,2021-04-20,37.41
High income,,2021-04-21,38.09
High income,,2021-04-22,38.77
High income,,2021-04-23,39.53
High income,,2021-04-24,39.92
High income,,2021-04-25,40.29
High income,,2021-04-26,40.78
High income,,2021-04-27,41.42
High income,,2021-04-28,42.13
High income,,2021-04-29,42.83
High income,,2021-04-30,43.55
High income,,2021-05-01,43.94
High income,,2021-05-02,44.28
High income,,2021-05-03,44.71
High income,,2021-05-04,45.29
High income,,2021-05-05,45.96
High income,,2021-05-06,46.68
High income,,2021-05-07,47.45
High income,,2021-05-08,47.85
High income,,2021-05-09,48.21
High income,,2021-05-10,48.71
High income,,2021-05-11,49.34
High income,,2021-05-12,49.99
High income,,2021-05-13,50.64
High income,,2021-05-14,51.42
High income,,2021-05-15,51.87
High income,,2021-05-16,52.3
High income,,2021-05-17,52.84
High income,,2021-05-18,53.48
High income,,2021-05-19,54.15
High income,,2021-05-20,54.89
High income,,2021-05-21,55.72
High income,,2021-05-22,56.16
High income,,2021-05-23,56.55
High income,,2021-05-24,57.02
High income,,2021-05-25,57.61
High income,,2021-05-26,58.29
High income,,2021-05-27,58.99
High income,,2021-05-28,59.8
High income,,2021-05-29,60.21
High income,,2021-05-30,60.6
High income,,2021-05-31,61.06
High income,,2021-06-01,61.73
High income,,2021-06-02,62.46
High income,,2021-06-03,63.11
High income,,2021-06-04,63.92
High income,,2021-06-05,64.41
High income,,2021-06-06,64.9
High income,,2021-06-07,65.53
High income,,2021-06-08,66.23
High income,,2021-06-09,66.99
High income,,2021-06-10,67.76
High income,,2021-06-11,68.68
High income,,2021-06-12,69.17
High income,,2021-06-13,69.67
High income,,2021-06-14,70.29
High income,,2021-06-15,70.99
High income,,2021-06-16,71.78
High income,,2021-06-17,72.5
High income,,2021-06-18,73.36
High income,,2021-06-19,73.81
High income,,2021-06-20,74.31
High income,,2021-06-21,74.82
High income,,2021-06-22,75.5
High income,,2021-06-23,76.21
High income,,2021-06-24,76.86
High income,,2021-06-25,77.66
High income,,2021-06-26,78.14
High income,,2021-06-27,78.64
High income,,2021-06-28,79.22
High income,,2021-06-29,79.88
High income,,2021-06-30,80.58
High income,,2021-07-01,81.21
High income,,2021-07-02,82.02
High income,,2021-07-03,82.48
High income,,2021-07-04,82.98
High income,,2021-07-05,83.58
High income,,2021-07-06,84.2
High income,,2021-07-07,84.88
High income,,2021-07-08,85.55
High income,,2021-07-09,86.37
High income,,2021-07-10,86.8
High income,,2021-07-11,87.3
High income,,2021-07-12,87.89
High income,,2021-07-13,88.53
High income,,2021-07-14,89.19
High income,,2021-07-15,89.86
High income,,2021-07-16,90.63
High income,,2021-07-17,91.07
High income,,2021-07-18,91.54
High income,,2021-07-19,92.07
High income,,2021-07-20,92.66
High income,,2021-07-21,93.27
High income,,2021-07-22,93.82
High income,,2021-07-23,94.45
High income,,2021-07-24,94.82
High income,,2021-07-25,95.27
High income,,2021-07-26,95.85
High income,,2021-07-27,96.46
High income,,2021-07-28,97.1
High income,,2021-07-29,97.7
High income,,2021-07-30,98.41
High income,,2021-07-31,98.81
High income,,2021-08-01,99.21
High income,,2021-08-02,99.72
High income,,2021-08-03,100.28
High income,,2021-08-04,100.82
High income,,2021-08-05,101.38
High income,,2021-08-06,102.03
High income,,2021-08-07,102.41
High income,,2021-08-08,102.78
High income,,2021-08-09,103.25
High income,,2021-08-10,103.77
High income,,2021-08-11,104.3
High income,,2021-08-12,104.84
High income,,2021-08-13,105.41
High income,,2021-08-14,105.73
High income,,2021-08-15,106.06
High income,,2021-08-16,106.57
High income,,2021-08-17,107.15
High income,,2021-08-18,107.69
High income,,2021-08-19,108.22
High income,,2021-08-20,108.82
High income,,2021-08-21,109.19
High income,,2021-08-22,109.55
High income,,2021-08-23,110.12
High income,,2021-08-24,110.67
High income,,2021-08-25,111.2
High income,,2021-08-26,111.76
High income,,2021-08-27,112.35
High income,,2021-08-28,112.73
High income,,2021-08-29,113.1
High income,,2021-08-30,113.58
High income,,2021-08-31,114.09
High income,,2021-09-01,114.58
High income,,2021-09-02,115.02
High income,,2021-09-03,115.54
High income,,2021-09-04,115.86
High income,,2021-09-05,116.19
High income,,2021-09-06,116.58
High income,,2021-09-07,117.05
High income,,2021-09-08,117.47
High income,,2021-09-09,117.93
High income,,2021-09-10,118.46
High income,,2021-09-11,118.8
High income,,2021-09-12,119.09
High income,,2021-09-13,119.54
High income,,2021-09-14,119.94
High income,,2021-09-15,120.36
High income,,2021-09-16,120.76
High income,,2021-09-17,121.25
High income,,2021-09-18,121.57
High income,,2021-09-19,121.83
High income,,2021-09-20,122.09
High income,,2021-09-21,122.42
High income,,2021-09-22,122.76
High income,,2021-09-23,123.11
High income,,2021-09-24,123.58
High income,,2021-09-25,123.91
High income,,2021-09-26,124.18
High income,,2021-09-27,124.6
High income,,2021-09-28,125.3
High income,,2021-09-29,125.73
High income,,2021-09-30,126.24
High income,,2021-10-01,126.74
High income,,2021-10-02,127.04
High income,,2021-10-03,127.29
High income,,2021-10-04,127.64
High income,,2021-10-05,128.06
High income,,2021-10-06,128.44
High income,,2021-10-07,128.85
High income,,2021-10-08,129.33
High income,,2021-10-09,129.6
High income,,2021-10-10,129.82
High income,,2021-10-11,130.12
High income,,2021-10-12,130.53
High income,,2021-10-13,130.91
High income,,2021-10-14,131.26
High income,,2021-10-15,131.71
High income,,2021-10-16,131.99
High income,,2021-10-17,132.2
High income,,2021-10-18,132.56
High income,,2021-10-19,132.91
High income,,2021-10-20,133.26
High income,,2021-10-21,133.63
High income,,2021-10-22,134.09
High income,,2021-10-23,134.41
High income,,2021-10-24,134.65
High income,,2021-10-25,135.04
High income,,2021-10-26,135.44
High income,,2021-10-27,135.87
High income,,2021-10-28,136.31
High income,,2021-10-29,136.79
High income,,2021-10-30,137.05
High income,,2021-10-31,137.27
High income,,2021-11-01,137.54
High income,,2021-11-02,137.91
High income,,2021-11-03,138.28
High income,,2021-11-04,138.66
High income,,2021-11-05,139.11
High income,,2021-11-06,139.36
High income,,2021-11-07,139.54
High income,,2021-11-08,139.89
High income,,2021-11-09,140.32
High income,,2021-11-10,140.75
High income,,2021-11-11,141.13
High income,,2021-11-12,141.62
High income,,2021-11-13,141.87
High income,,2021-11-14,142.08
High income,,2021-11-15,142.45
High income,,2021-11-16,142.85
High income,,2021-11-17,143.28
High income,,2021-11-18,143.71
High income,,2021-11-19,144.24
High income,,2021-11-20,144.51
High income,,2021-11-21,144.71
High income,,2021-11-22,145.17
High income,,2021-11-23,145.61
High income,,2021-11-24,146.03
High income,,2021-11-25,146.41
High income,,2021-11-26,146.96
High income,,2021-11-27,147.29
High income,,2021-11-28,147.52
High income,,2021-11-29,148.03
High income,,2021-11-30,148.86
High income,,2021-12-01,149.44
High income,,2021-12-02,150.01
High income,,2021-12-03,150.81
High income,,2021-12-04,151.22
High income,,2021-12-05,151.49
High income,,2021-12-06,152.03
High income,,2021-12-07,152.6
High income,,2021-12-08,153.18
High income,,2021-12-09,153.78
High income,,2021-12-10,154.59
High income,,2021-12-11,155.04
High income,,2021-12-12,155.55
High income,,2021-12-13,156.13
High income,,2021-12-14,156.83
High income,,2021-12-15,157.55
High income,,2021-12-16,158.29
High income,,2021-12-17,159.2
High income,,2021-12-18,159.7
High income,,2021-12-19,160.14
High income,,2021-12-20,160.83
High income,,2021-12-21,161.54
High income,,2021-12-22,162.22
High income,,2021-12-23,162.77
High income,,2021-12-24,163.18
High income,,2021-12-25,163.23
High income,,2021-12-26,163.39
High income,,2021-12-27,163.87
High income,,2021-12-28,164.44
High income,,2021-12-29,164.98
High income,,2021-12-30,165.52
High income,,2021-12-31,165.97
High income,,2022-01-01,166.02
High income,,2022-01-02,166.27
High income,,2022-01-03,166.75
High income,,2022-01-04,167.32
High income,,2022-01-05,167.88
High income,,2022-01-06,168.42
High income,,2022-01-07,169.25
High income,,2022-01-08,169.67
High income,,2022-01-09,169.95
High income,,2022-01-10,170.48
High income,,2022-01-11,171.02
High income,,2022-01-12,171.61
High income,,2022-01-13,172.16
High income,,2022-01-14,172.89
High income,,2022-01-15,173.24
High income,,2022-01-16,173.66
High income,,2022-01-17,174.16
High income,,2022-01-18,174.64
High income,,2022-01-19,175.11
High income,,2022-01-20,175.61
High income,,2022-01-21,176.21
High income,,2022-01-22,176.49
High income,,2022-01-23,176.79
High income,,2022-01-24,177.21
High income,,2022-01-25,177.65
High income,,2022-01-26,178.05
High income,,2022-01-27,178.45
High income,,2022-01-28,178.97
High income,,2022-01-29,179.22
High income,,2022-01-30,179.43
High income,,2022-01-31,179.78
High income,,2022-02-01,180.08
High income,,2022-02-02,180.39
High income,,2022-02-03,180.7
High income,,2022-02-04,181.12
High income,,2022-02-05,181.37
High income,,2022-02-06,181.58
High income,,2022-02-07,181.9
High income,,2022-02-08,182.21
High income,,2022-02-09,182.52
High income,,2022-02-10,182.84
High income,,2022-02-11,183.18
High income,,2022-02-12,183.41
High income,,2022-02-13,183.59
High income,,2022-02-14,183.86
High income,,2022-02-15,184.15
High income,,2022-02-16,184.45
High income,,2022-02-17,184.72
High income,,2022-02-18,185.05
High income,,2022-02-19,185.25
High income,,2022-02-20,185.43
High income,,2022-02-21,185.66
High income,,2022-02-22,185.9
High income,,2022-02-23,186.09
High income,,2022-02-24,186.33
High income,,2022-02-25,186.62
High income,,2022-02-26,186.81
High income,,2022-02-27,186.95
High income,,2022-02-28,187.2
High income,,2022-03-01,187.4
High income,,2022-03-02,187.58
High income,,2022-03-03,187.77
High income,,2022-03-04,188
High income,,2022-03-05,188.16
High income,,2022-03-06,188.29
High income,,2022-03-07,188.45
High income,,2022-03-08,188.62
High income,,2022-03-09,188.8
High income,,2022-03-10,189.01
High income,,2022-03-11,189.23
High income,,2022-03-12,189.38
High income,,2022-03-13,189.48
High income,,2022-03-14,189.62
High income,,2022-03-15,189.78
High income,,2022-03-16,189.96
High income,,2022-03-17,190.12
High income,,2022-03-18,190.33
High income,,2022-03-19,190.48
High income,,2022-03-20,190.58
High income,,2022-03-21,190.7
High income,,2022-03-22,190.85
High income,,2022-03-23,191.01
High income,,2022-03-24,191.15
High income,,2022-03-25,191.36
High income,,2022-03-26,191.5
High income,,2022-03-27,191.58
High income,,2022-03-28,191.7
High income,,2022-03-29,191.84
High income,,2022-03-30,192
High income,,2022-03-31,192.17
High income,,2022-04-01,192.38
High income,,2022-04-02,192.5
High income,,2022-04-03,192.57
High income,,2022-04-04,192.73
High income,,2022-04-05,192.87
High income,,2022-04-06,193.02
High income,,2022-04-07,193.17
High income,,2022-04-08,193.39
High income,,2022-04-09,193.52
High income,,2022-04-10,193.61
High income,,2022-04-11,193.75
High income,,2022-04-12,193.9
High income,,2022-04-13,194.05
High income,,2022-04-14,194.2
High income,,2022-04-15,194.36
High income,,2022-04-16,194.47
High income,,2022-04-17,194.57
High income,,2022-04-18,194.68
High income,,2022-04-19,194.82
High income,,2022-04-20,194.96
High income,,2022-04-21,195.13
High income,,2022-04-22,195.33
High income,,2022-04-23,195.47
High income,,2022-04-24,195.55
High income,,2022-04-25,195.68
High income,,2022-04-26,195.83
High income,,2022-04-27,195.98
High income,,2022-04-28,196.15
High income,,2022-04-29,196.32
High income,,2022-04-30,196.43
High income,,2022-05-01,196.49
High income,,2022-05-02,196.59
High income,,2022-05-03,196.69
High income,,2022-05-04,196.82
High income,,2022-05-05,196.91
High income,,2022-05-06,197.07
High income,,2022-05-07,197.16
High income,,2022-05-08,197.21
High income,,2022-05-09,197.31
High income,,2022-05-10,197.42
High income,,2022-05-11,197.55
High income,,2022-05-12,197.67
High income,,2022-05-13,197.83
High income,,2022-05-14,197.93
High income,,2022-05-15,197.98
High income,,2022-05-16,198.08
High income,,2022-05-17,198.19
High income,,2022-05-18,198.31
High income,,2022-05-19,198.43
High income,,2022-05-20,198.6
High income,,2022-05-21,198.69
High income,,2022-05-22,198.75
High income,,2022-05-23,198.84
High income,,2022-05-24,198.94
High income,,2022-05-25,199.06
High income,,2022-05-26,199.16
High income,,2022-05-27,199.3
High income,,2022-05-28,199.37
High income,,2022-05-29,199.42
High income,,2022-05-30,199.49
High income,,2022-05-31,199.59
High income,,2022-06-01,199.69
High income,,2022-06-02,199.8
High income,,2022-06-03,199.91
High income,,2022-06-04,199.97
High income,,2022-06-05,200
High income,,2022-06-06,200.07
High income,,2022-06-07,200.14
High income,,2022-06-08,200.23
High income,,2022-06-09,200.31
High income,,2022-06-10,200.42
High income,,2022-06-11,200.47
High income,,2022-06-12,200.5
High income,,2022-06-13,200.56
High income,,2022-06-14,200.62
High income,,2022-06-15,200.7
High income,,2022-06-16,200.78
High income,,2022-06-17,200.88
High income,,2022-06-18,200.92
High income,,2022-06-19,200.94
High income,,2022-06-20,201.47
High income,,2022-06-21,201.53
High income,,2022-06-22,201.61
High income,,2022-06-23,201.7
High income,,2022-06-24,201.8
High income,,2022-06-25,201.85
High income,,2022-06-26,201.87
High income,,2022-06-27,201.93
High income,,2022-06-28,202
High income,,2022-06-29,202.08
High income,,2022-06-30,202.17
High income,,2022-07-01,202.26
High income,,2022-07-02,202.31
High income,,2022-07-03,202.33
High income,,2022-07-04,202.39
High income,,2022-07-05,202.47
High income,,2022-07-06,202.56
High income,,2022-07-07,202.66
High income,,2022-07-08,202.77
High income,,2022-07-09,202.83
High income,,2022-07-10,202.9
High income,,2022-07-11,202.98
High income,,2022-07-12,203.08
High income,,2022-07-13,203.2
High income,,2022-07-14,203.29
High income,,2022-07-15,203.42
High income,,2022-07-16,203.51
High income,,2022-07-17,203.56
High income,,2022-07-18,203.63
High income,,2022-07-19,203.75
High income,,2022-07-20,203.88
High income,,2022-07-21,204
High income,,2022-07-22,204.15
High income,,2022-07-23,204.25
High income,,2022-07-24,204.31
High income,,2022-07-25,204.4
High income,,2022-07-26,204.5
High income,,2022-07-27,204.6
High income,,2022-07-28,204.69
High income,,2022-07-29,204.8
High income,,2022-07-30,204.87
High income,,2022-07-31,204.9
High income,,2022-08-01,204.97
High income,,2022-08-02,205.03
High income,,2022-08-03,205.06
Honduras,HND,2021-02-28,0.03
Honduras,HND,2021-03-16,0.07
Honduras,HND,2021-03-17,0.28
Honduras,HND,2021-03-19,0.36
Honduras,HND,2021-03-21,0.42
Honduras,HND,2021-04-03,0.51
Honduras,HND,2021-04-09,0.56
Honduras,HND,2021-05-15,1.11
Honduras,HND,2021-05-21,1.59
Honduras,HND,2021-05-25,2.03
Honduras,HND,2021-05-28,2.47
Honduras,HND,2021-05-31,3.09
Honduras,HND,2021-06-01,3.43
Honduras,HND,2021-06-02,3.67
Honduras,HND,2021-06-06,4.09
Honduras,HND,2021-06-10,4.35
Honduras,HND,2021-06-11,4.48
Honduras,HND,2021-06-13,4.67
Honduras,HND,2021-06-16,4.76
Honduras,HND,2021-06-17,4.84
Honduras,HND,2021-06-18,5.27
Honduras,HND,2021-06-22,5.76
Honduras,HND,2021-06-24,6.66
Honduras,HND,2021-07-02,8
Honduras,HND,2021-07-03,8.79
Honduras,HND,2021-07-07,9.54
Honduras,HND,2021-07-09,10.66
Honduras,HND,2021-07-12,11.41
Honduras,HND,2021-07-16,12.02
Honduras,HND,2021-07-19,14.35
Honduras,HND,2021-07-23,15.36
Honduras,HND,2021-07-26,16.6
Honduras,HND,2021-07-30,18.6
Honduras,HND,2021-08-03,20.88
Honduras,HND,2021-08-25,36.72
Honduras,HND,2021-08-29,39.67
Honduras,HND,2021-09-06,44.04
Honduras,HND,2021-09-09,45.12
Honduras,HND,2021-09-20,48.98
Honduras,HND,2021-09-24,50.55
Honduras,HND,2021-10-01,56.06
Honduras,HND,2021-10-08,56.6
Honduras,HND,2021-10-15,58.94
Honduras,HND,2021-10-19,61.68
Honduras,HND,2021-10-22,64.27
Honduras,HND,2021-10-29,66.69
Honduras,HND,2021-11-05,71.02
Honduras,HND,2021-11-12,73.79
Honduras,HND,2021-11-19,77.02
Honduras,HND,2021-11-29,77.45
Honduras,HND,2021-12-03,87.86
Honduras,HND,2021-12-22,89.4
Honduras,HND,2021-12-29,93.29
Honduras,HND,2022-01-07,96.04
Honduras,HND,2022-01-14,96.54
Honduras,HND,2022-01-21,99.94
Honduras,HND,2022-02-04,102.86
Honduras,HND,2022-02-11,103.88
Honduras,HND,2022-02-18,107.06
Honduras,HND,2022-02-25,112.48
Honduras,HND,2022-03-11,114.75
Honduras,HND,2022-04-08,115.82
Honduras,HND,2022-04-15,117.9
Honduras,HND,2022-04-22,119.6
Honduras,HND,2022-04-29,120.99
Honduras,HND,2022-05-06,132.88
Honduras,HND,2022-05-13,133.56
Honduras,HND,2022-05-20,135.51
Honduras,HND,2022-06-03,136.85
Honduras,HND,2022-06-10,138.3
Honduras,HND,2022-06-17,139.81
Honduras,HND,2022-06-24,140.15
Honduras,HND,2022-07-01,140.53
Honduras,HND,2022-07-08,141.56
Honduras,HND,2022-07-15,143.03
Honduras,HND,2022-07-29,143.32
Hong Kong,HKG,2021-02-22,0
Hong Kong,HKG,2021-02-23,0.01
Hong Kong,HKG,2021-02-26,0.09
Hong Kong,HKG,2021-02-27,0.18
Hong Kong,HKG,2021-02-28,0.28
Hong Kong,HKG,2021-03-01,0.36
Hong Kong,HKG,2021-03-02,0.54
Hong Kong,HKG,2021-03-03,0.69
Hong Kong,HKG,2021-03-04,0.83
Hong Kong,HKG,2021-03-05,0.97
Hong Kong,HKG,2021-03-06,1.12
Hong Kong,HKG,2021-03-07,1.24
Hong Kong,HKG,2021-03-08,1.39
Hong Kong,HKG,2021-03-09,1.51
Hong Kong,HKG,2021-03-10,1.74
Hong Kong,HKG,2021-03-11,1.95
Hong Kong,HKG,2021-03-12,2.16
Hong Kong,HKG,2021-03-13,2.36
Hong Kong,HKG,2021-03-14,2.54
Hong Kong,HKG,2021-03-15,2.75
Hong Kong,HKG,2021-03-16,3.06
Hong Kong,HKG,2021-03-17,3.39
Hong Kong,HKG,2021-03-18,3.69
Hong Kong,HKG,2021-03-19,4.06
Hong Kong,HKG,2021-03-20,4.41
Hong Kong,HKG,2021-03-21,4.73
Hong Kong,HKG,2021-03-22,5.07
Hong Kong,HKG,2021-03-23,5.38
Hong Kong,HKG,2021-03-24,5.51
Hong Kong,HKG,2021-03-25,5.62
Hong Kong,HKG,2021-03-26,5.81
Hong Kong,HKG,2021-03-27,5.99
Hong Kong,HKG,2021-03-28,6.17
Hong Kong,HKG,2021-03-29,6.34
Hong Kong,HKG,2021-03-30,6.54
Hong Kong,HKG,2021-03-31,6.74
Hong Kong,HKG,2021-04-01,6.94
Hong Kong,HKG,2021-04-02,7.09
Hong Kong,HKG,2021-04-03,7.26
Hong Kong,HKG,2021-04-04,7.42
Hong Kong,HKG,2021-04-05,7.7
Hong Kong,HKG,2021-04-06,8.22
Hong Kong,HKG,2021-04-07,8.8
Hong Kong,HKG,2021-04-08,9.34
Hong Kong,HKG,2021-04-09,9.94
Hong Kong,HKG,2021-04-10,10.56
Hong Kong,HKG,2021-04-11,11.14
Hong Kong,HKG,2021-04-12,11.72
Hong Kong,HKG,2021-04-13,12.26
Hong Kong,HKG,2021-04-14,12.69
Hong Kong,HKG,2021-04-15,13.09
Hong Kong,HKG,2021-04-16,13.58
Hong Kong,HKG,2021-04-17,14.11
Hong Kong,HKG,2021-04-18,14.56
Hong Kong,HKG,2021-04-19,14.99
Hong Kong,HKG,2021-04-20,15.34
Hong Kong,HKG,2021-04-21,15.65
Hong Kong,HKG,2021-04-22,15.97
Hong Kong,HKG,2021-04-23,16.32
Hong Kong,HKG,2021-04-24,16.72
Hong Kong,HKG,2021-04-25,17.01
Hong Kong,HKG,2021-04-26,17.38
Hong Kong,HKG,2021-04-27,17.7
Hong Kong,HKG,2021-04-28,18.04
Hong Kong,HKG,2021-04-29,18.38
Hong Kong,HKG,2021-04-30,18.86
Hong Kong,HKG,2021-05-01,19.41
Hong Kong,HKG,2021-05-02,19.91
Hong Kong,HKG,2021-05-03,20.41
Hong Kong,HKG,2021-05-04,20.85
Hong Kong,HKG,2021-05-05,21.26
Hong Kong,HKG,2021-05-06,21.67
Hong Kong,HKG,2021-05-07,22.18
Hong Kong,HKG,2021-05-08,22.74
Hong Kong,HKG,2021-05-09,23.24
Hong Kong,HKG,2021-05-10,23.7
Hong Kong,HKG,2021-05-11,24.09
Hong Kong,HKG,2021-05-12,24.43
Hong Kong,HKG,2021-05-13,24.77
Hong Kong,HKG,2021-05-14,25.2
Hong Kong,HKG,2021-05-15,25.7
Hong Kong,HKG,2021-05-16,26.09
Hong Kong,HKG,2021-05-17,26.48
Hong Kong,HKG,2021-05-18,26.82
Hong Kong,HKG,2021-05-19,27.04
Hong Kong,HKG,2021-05-20,27.36
Hong Kong,HKG,2021-05-21,27.77
Hong Kong,HKG,2021-05-22,28.26
Hong Kong,HKG,2021-05-23,28.64
Hong Kong,HKG,2021-05-24,29.02
Hong Kong,HKG,2021-05-25,29.36
Hong Kong,HKG,2021-05-26,29.68
Hong Kong,HKG,2021-05-27,30.03
Hong Kong,HKG,2021-05-28,30.51
Hong Kong,HKG,2021-05-29,31.07
Hong Kong,HKG,2021-05-30,31.54
Hong Kong,HKG,2021-05-31,32.03
Hong Kong,HKG,2021-06-01,32.48
Hong Kong,HKG,2021-06-02,32.91
Hong Kong,HKG,2021-06-03,33.39
Hong Kong,HKG,2021-06-04,33.99
Hong Kong,HKG,2021-06-05,34.67
Hong Kong,HKG,2021-06-06,35.19
Hong Kong,HKG,2021-06-07,35.76
Hong Kong,HKG,2021-06-08,36.24
Hong Kong,HKG,2021-06-09,36.68
Hong Kong,HKG,2021-06-10,37.19
Hong Kong,HKG,2021-06-11,37.86
Hong Kong,HKG,2021-06-12,38.59
Hong Kong,HKG,2021-06-13,39.15
Hong Kong,HKG,2021-06-14,39.56
Hong Kong,HKG,2021-06-15,40.11
Hong Kong,HKG,2021-06-16,40.59
Hong Kong,HKG,2021-06-17,41.11
Hong Kong,HKG,2021-06-18,41.78
Hong Kong,HKG,2021-06-19,42.47
Hong Kong,HKG,2021-06-20,42.97
Hong Kong,HKG,2021-06-21,43.59
Hong Kong,HKG,2021-06-22,44.13
Hong Kong,HKG,2021-06-23,44.68
Hong Kong,HKG,2021-06-24,45.3
Hong Kong,HKG,2021-06-25,46.07
Hong Kong,HKG,2021-06-26,46.85
Hong Kong,HKG,2021-06-27,47.52
Hong Kong,HKG,2021-06-28,48.21
Hong Kong,HKG,2021-06-29,48.96
Hong Kong,HKG,2021-06-30,49.76
Hong Kong,HKG,2021-07-01,50.4
Hong Kong,HKG,2021-07-02,51.33
Hong Kong,HKG,2021-07-03,52.16
Hong Kong,HKG,2021-07-04,52.86
Hong Kong,HKG,2021-07-05,53.72
Hong Kong,HKG,2021-07-06,54.52
Hong Kong,HKG,2021-07-07,55.29
Hong Kong,HKG,2021-07-08,56.14
Hong Kong,HKG,2021-07-09,57.08
Hong Kong,HKG,2021-07-10,57.93
Hong Kong,HKG,2021-07-11,58.67
Hong Kong,HKG,2021-07-12,59.49
Hong Kong,HKG,2021-07-13,60.29
Hong Kong,HKG,2021-07-14,61.05
Hong Kong,HKG,2021-07-15,61.9
Hong Kong,HKG,2021-07-16,62.82
Hong Kong,HKG,2021-07-17,63.67
Hong Kong,HKG,2021-07-18,64.4
Hong Kong,HKG,2021-07-19,65.27
Hong Kong,HKG,2021-07-20,66.09
Hong Kong,HKG,2021-07-21,66.91
Hong Kong,HKG,2021-07-22,67.76
Hong Kong,HKG,2021-07-23,68.71
Hong Kong,HKG,2021-07-24,69.57
Hong Kong,HKG,2021-07-25,70.32
Hong Kong,HKG,2021-07-26,71.21
Hong Kong,HKG,2021-07-27,72.07
Hong Kong,HKG,2021-07-28,72.92
Hong Kong,HKG,2021-07-29,73.76
Hong Kong,HKG,2021-07-30,74.7
Hong Kong,HKG,2021-07-31,75.56
Hong Kong,HKG,2021-08-01,76.31
Hong Kong,HKG,2021-08-02,77.23
Hong Kong,HKG,2021-08-03,78.15
Hong Kong,HKG,2021-08-04,79.02
Hong Kong,HKG,2021-08-05,79.92
Hong Kong,HKG,2021-08-06,80.86
Hong Kong,HKG,2021-08-07,81.72
Hong Kong,HKG,2021-08-08,82.46
Hong Kong,HKG,2021-08-09,83.38
Hong Kong,HKG,2021-08-10,84.27
Hong Kong,HKG,2021-08-11,85.14
Hong Kong,HKG,2021-08-12,86.02
Hong Kong,HKG,2021-08-13,86.94
Hong Kong,HKG,2021-08-14,87.79
Hong Kong,HKG,2021-08-15,88.53
Hong Kong,HKG,2021-08-16,89.4
Hong Kong,HKG,2021-08-17,90.22
Hong Kong,HKG,2021-08-18,91.02
Hong Kong,HKG,2021-08-19,91.82
Hong Kong,HKG,2021-08-20,92.66
Hong Kong,HKG,2021-08-21,93.45
Hong Kong,HKG,2021-08-22,94.13
Hong Kong,HKG,2021-08-23,94.92
Hong Kong,HKG,2021-08-24,95.68
Hong Kong,HKG,2021-08-25,96.44
Hong Kong,HKG,2021-08-26,97.24
Hong Kong,HKG,2021-08-27,98.09
Hong Kong,HKG,2021-08-28,98.9
Hong Kong,HKG,2021-08-29,99.58
Hong Kong,HKG,2021-08-30,100.43
Hong Kong,HKG,2021-08-31,101.25
Hong Kong,HKG,2021-09-01,101.91
Hong Kong,HKG,2021-09-02,102.55
Hong Kong,HKG,2021-09-03,103.3
Hong Kong,HKG,2021-09-04,104.06
Hong Kong,HKG,2021-09-05,104.64
Hong Kong,HKG,2021-09-06,105.25
Hong Kong,HKG,2021-09-07,105.78
Hong Kong,HKG,2021-09-08,106.31
Hong Kong,HKG,2021-09-09,106.89
Hong Kong,HKG,2021-09-10,107.57
Hong Kong,HKG,2021-09-11,108.29
Hong Kong,HKG,2021-09-12,108.77
Hong Kong,HKG,2021-09-13,109.26
Hong Kong,HKG,2021-09-14,109.66
Hong Kong,HKG,2021-09-15,110.05
Hong Kong,HKG,2021-09-16,110.46
Hong Kong,HKG,2021-09-17,110.96
Hong Kong,HKG,2021-09-18,111.5
Hong Kong,HKG,2021-09-19,111.82
Hong Kong,HKG,2021-09-20,112.15
Hong Kong,HKG,2021-09-21,112.4
Hong Kong,HKG,2021-09-22,112.62
Hong Kong,HKG,2021-09-23,113.07
Hong Kong,HKG,2021-09-24,113.57
Hong Kong,HKG,2021-09-25,114.09
Hong Kong,HKG,2021-09-26,114.41
Hong Kong,HKG,2021-09-27,114.76
Hong Kong,HKG,2021-09-28,115.06
Hong Kong,HKG,2021-09-29,115.37
Hong Kong,HKG,2021-09-30,115.78
Hong Kong,HKG,2021-10-01,115.99
Hong Kong,HKG,2021-10-02,116.29
Hong Kong,HKG,2021-10-03,116.46
Hong Kong,HKG,2021-10-04,116.69
Hong Kong,HKG,2021-10-05,116.88
Hong Kong,HKG,2021-10-06,117.05
Hong Kong,HKG,2021-10-07,117.24
Hong Kong,HKG,2021-10-08,117.44
Hong Kong,HKG,2021-10-09,117.44
Hong Kong,HKG,2021-10-10,117.69
Hong Kong,HKG,2021-10-11,117.89
Hong Kong,HKG,2021-10-12,118.01
Hong Kong,HKG,2021-10-14,118.16
Hong Kong,HKG,2021-10-15,118.42
Hong Kong,HKG,2021-10-16,118.67
Hong Kong,HKG,2021-10-17,118.78
Hong Kong,HKG,2021-10-18,118.94
Hong Kong,HKG,2021-10-19,119.07
Hong Kong,HKG,2021-10-20,119.18
Hong Kong,HKG,2021-10-21,119.33
Hong Kong,HKG,2021-10-22,119.53
Hong Kong,HKG,2021-10-23,119.72
Hong Kong,HKG,2021-10-24,119.81
Hong Kong,HKG,2021-10-25,119.96
Hong Kong,HKG,2021-10-26,120.09
Hong Kong,HKG,2021-10-27,120.2
Hong Kong,HKG,2021-10-28,120.33
Hong Kong,HKG,2021-10-29,120.47
Hong Kong,HKG,2021-10-30,120.59
Hong Kong,HKG,2021-10-31,120.67
Hong Kong,HKG,2021-11-01,120.78
Hong Kong,HKG,2021-11-02,120.88
Hong Kong,HKG,2021-11-03,120.92
Hong Kong,HKG,2021-11-04,121.04
Hong Kong,HKG,2021-11-05,121.16
Hong Kong,HKG,2021-11-06,121.31
Hong Kong,HKG,2021-11-07,121.39
Hong Kong,HKG,2021-11-08,121.5
Hong Kong,HKG,2021-11-09,121.6
Hong Kong,HKG,2021-11-10,121.63
Hong Kong,HKG,2021-11-11,121.95
Hong Kong,HKG,2021-11-12,122.22
Hong Kong,HKG,2021-11-13,122.49
Hong Kong,HKG,2021-11-14,122.65
Hong Kong,HKG,2021-11-15,122.85
Hong Kong,HKG,2021-11-16,123.04
Hong Kong,HKG,2021-11-17,123.09
Hong Kong,HKG,2021-11-18,123.32
Hong Kong,HKG,2021-11-19,123.54
Hong Kong,HKG,2021-11-20,123.78
Hong Kong,HKG,2021-11-21,123.92
Hong Kong,HKG,2021-11-22,124.11
Hong Kong,HKG,2021-11-23,124.34
Hong Kong,HKG,2021-11-24,124.41
Hong Kong,HKG,2021-11-25,124.7
Hong Kong,HKG,2021-11-26,125
Hong Kong,HKG,2021-11-27,125.36
Hong Kong,HKG,2021-11-28,125.62
Hong Kong,HKG,2021-11-29,125.91
Hong Kong,HKG,2021-11-30,126.19
Hong Kong,HKG,2021-12-01,126.27
Hong Kong,HKG,2021-12-02,126.53
Hong Kong,HKG,2021-12-03,126.8
Hong Kong,HKG,2021-12-04,127.1
Hong Kong,HKG,2021-12-05,127.3
Hong Kong,HKG,2021-12-06,127.52
Hong Kong,HKG,2021-12-07,127.74
Hong Kong,HKG,2021-12-08,127.82
Hong Kong,HKG,2021-12-09,128.05
Hong Kong,HKG,2021-12-10,128.29
Hong Kong,HKG,2021-12-11,128.55
Hong Kong,HKG,2021-12-12,128.73
Hong Kong,HKG,2021-12-13,128.94
Hong Kong,HKG,2021-12-14,129.14
Hong Kong,HKG,2021-12-15,129.21
Hong Kong,HKG,2021-12-16,129.45
Hong Kong,HKG,2021-12-17,129.68
Hong Kong,HKG,2021-12-18,129.93
Hong Kong,HKG,2021-12-19,130.12
Hong Kong,HKG,2021-12-20,130.32
Hong Kong,HKG,2021-12-21,130.48
Hong Kong,HKG,2021-12-22,130.56
Hong Kong,HKG,2021-12-23,130.81
Hong Kong,HKG,2021-12-24,131.01
Hong Kong,HKG,2021-12-25,131.19
Hong Kong,HKG,2021-12-26,131.35
Hong Kong,HKG,2021-12-27,131.5
Hong Kong,HKG,2021-12-28,131.81
Hong Kong,HKG,2021-12-29,131.92
Hong Kong,HKG,2021-12-30,132.19
Hong Kong,HKG,2021-12-31,132.44
Hong Kong,HKG,2022-01-01,132.68
Hong Kong,HKG,2022-01-02,132.97
Hong Kong,HKG,2022-01-03,133.49
Hong Kong,HKG,2022-01-04,134.01
Hong Kong,HKG,2022-01-05,134.53
Hong Kong,HKG,2022-01-06,135.08
Hong Kong,HKG,2022-01-07,135.68
Hong Kong,HKG,2022-01-08,136.18
Hong Kong,HKG,2022-01-09,136.55
Hong Kong,HKG,2022-01-10,137.15
Hong Kong,HKG,2022-01-11,137.73
Hong Kong,HKG,2022-01-12,138.27
Hong Kong,HKG,2022-01-13,138.85
Hong Kong,HKG,2022-01-14,139.45
Hong Kong,HKG,2022-01-15,139.92
Hong Kong,HKG,2022-01-16,140.29
Hong Kong,HKG,2022-01-17,140.83
Hong Kong,HKG,2022-01-18,141.34
Hong Kong,HKG,2022-01-19,141.84
Hong Kong,HKG,2022-01-20,142.38
Hong Kong,HKG,2022-01-21,143.02
Hong Kong,HKG,2022-01-22,143.54
Hong Kong,HKG,2022-01-23,143.97
Hong Kong,HKG,2022-01-24,144.61
Hong Kong,HKG,2022-01-25,145.23
Hong Kong,HKG,2022-01-26,145.87
Hong Kong,HKG,2022-01-27,146.53
Hong Kong,HKG,2022-01-28,147.23
Hong Kong,HKG,2022-01-29,147.82
Hong Kong,HKG,2022-01-30,148.31
Hong Kong,HKG,2022-01-31,148.45
Hong Kong,HKG,2022-02-02,148.45
Hong Kong,HKG,2022-02-03,148.8
Hong Kong,HKG,2022-02-04,149.55
Hong Kong,HKG,2022-02-05,150.21
Hong Kong,HKG,2022-02-06,150.75
Hong Kong,HKG,2022-02-07,151.73
Hong Kong,HKG,2022-02-08,152.78
Hong Kong,HKG,2022-02-09,153.91
Hong Kong,HKG,2022-02-10,155.08
Hong Kong,HKG,2022-02-11,156.33
Hong Kong,HKG,2022-02-12,157.31
Hong Kong,HKG,2022-02-13,157.99
Hong Kong,HKG,2022-02-14,159.19
Hong Kong,HKG,2022-02-15,160.41
Hong Kong,HKG,2022-02-16,161.67
Hong Kong,HKG,2022-02-17,162.92
Hong Kong,HKG,2022-02-18,164.28
Hong Kong,HKG,2022-02-19,165.34
Hong Kong,HKG,2022-02-20,166.06
Hong Kong,HKG,2022-02-21,167.16
Hong Kong,HKG,2022-02-22,168.28
Hong Kong,HKG,2022-02-23,169.47
Hong Kong,HKG,2022-02-24,170.69
Hong Kong,HKG,2022-02-25,171.95
Hong Kong,HKG,2022-02-26,173.04
Hong Kong,HKG,2022-02-27,173.84
Hong Kong,HKG,2022-02-28,174.99
Hong Kong,HKG,2022-03-01,176.03
Hong Kong,HKG,2022-03-02,177.03
Hong Kong,HKG,2022-03-03,178.07
Hong Kong,HKG,2022-03-04,179.18
Hong Kong,HKG,2022-03-05,180.25
Hong Kong,HKG,2022-03-06,181.08
Hong Kong,HKG,2022-03-07,182.19
Hong Kong,HKG,2022-03-08,183.23
Hong Kong,HKG,2022-03-09,184.22
Hong Kong,HKG,2022-03-10,185.25
Hong Kong,HKG,2022-03-11,186.32
Hong Kong,HKG,2022-03-12,187.24
Hong Kong,HKG,2022-03-13,187.92
Hong Kong,HKG,2022-03-14,188.87
Hong Kong,HKG,2022-03-15,189.79
Hong Kong,HKG,2022-03-16,190.66
Hong Kong,HKG,2022-03-17,191.55
Hong Kong,HKG,2022-03-18,192.52
Hong Kong,HKG,2022-03-19,193.33
Hong Kong,HKG,2022-03-20,193.89
Hong Kong,HKG,2022-03-21,194.77
Hong Kong,HKG,2022-03-22,195.62
Hong Kong,HKG,2022-03-23,196.4
Hong Kong,HKG,2022-03-24,197.2
Hong Kong,HKG,2022-03-25,198.1
Hong Kong,HKG,2022-03-26,198.87
Hong Kong,HKG,2022-03-27,199.4
Hong Kong,HKG,2022-03-28,200.1
Hong Kong,HKG,2022-03-29,200.7
Hong Kong,HKG,2022-03-30,201.27
Hong Kong,HKG,2022-03-31,201.86
Hong Kong,HKG,2022-04-01,202.49
Hong Kong,HKG,2022-04-02,203.09
Hong Kong,HKG,2022-04-03,203.45
Hong Kong,HKG,2022-04-04,203.97
Hong Kong,HKG,2022-04-05,204.18
Hong Kong,HKG,2022-04-06,204.62
Hong Kong,HKG,2022-04-07,205.06
Hong Kong,HKG,2022-04-08,205.63
Hong Kong,HKG,2022-04-09,206.16
Hong Kong,HKG,2022-04-10,206.46
Hong Kong,HKG,2022-04-11,206.95
Hong Kong,HKG,2022-04-12,207.38
Hong Kong,HKG,2022-04-13,207.83
Hong Kong,HKG,2022-04-14,208.4
Hong Kong,HKG,2022-04-15,208.83
Hong Kong,HKG,2022-04-16,209.16
Hong Kong,HKG,2022-04-17,209.43
Hong Kong,HKG,2022-04-18,209.68
Hong Kong,HKG,2022-04-19,210.1
Hong Kong,HKG,2022-04-20,210.44
Hong Kong,HKG,2022-04-21,210.78
Hong Kong,HKG,2022-04-22,211.2
Hong Kong,HKG,2022-04-23,211.57
Hong Kong,HKG,2022-04-24,211.78
Hong Kong,HKG,2022-04-25,212.11
Hong Kong,HKG,2022-04-26,212.42
Hong Kong,HKG,2022-04-27,212.71
Hong Kong,HKG,2022-04-28,213.07
Hong Kong,HKG,2022-04-29,213.56
Hong Kong,HKG,2022-04-30,214.06
Hong Kong,HKG,2022-05-01,214.36
Hong Kong,HKG,2022-05-02,214.58
Hong Kong,HKG,2022-05-03,214.96
Hong Kong,HKG,2022-05-04,215.29
Hong Kong,HKG,2022-05-05,215.7
Hong Kong,HKG,2022-05-06,216.2
Hong Kong,HKG,2022-05-07,216.69
Hong Kong,HKG,2022-05-08,217
Hong Kong,HKG,2022-05-09,217.24
Hong Kong,HKG,2022-05-10,217.67
Hong Kong,HKG,2022-05-11,217.99
Hong Kong,HKG,2022-05-12,218.34
Hong Kong,HKG,2022-05-13,218.81
Hong Kong,HKG,2022-05-14,219.27
Hong Kong,HKG,2022-05-15,219.55
Hong Kong,HKG,2022-05-16,219.96
Hong Kong,HKG,2022-05-17,220.35
Hong Kong,HKG,2022-05-18,220.73
Hong Kong,HKG,2022-05-19,221.15
Hong Kong,HKG,2022-05-20,221.73
Hong Kong,HKG,2022-05-21,222.28
Hong Kong,HKG,2022-05-22,222.64
Hong Kong,HKG,2022-05-23,223.14
Hong Kong,HKG,2022-05-24,223.56
Hong Kong,HKG,2022-05-25,223.98
Hong Kong,HKG,2022-05-26,224.49
Hong Kong,HKG,2022-05-27,225.13
Hong Kong,HKG,2022-05-28,225.79
Hong Kong,HKG,2022-05-29,226.3
Hong Kong,HKG,2022-05-30,227.1
Hong Kong,HKG,2022-05-31,227.93
Hong Kong,HKG,2022-06-01,228.45
Hong Kong,HKG,2022-06-02,228.97
Hong Kong,HKG,2022-06-03,229.3
Hong Kong,HKG,2022-06-04,229.8
Hong Kong,HKG,2022-06-05,230.12
Hong Kong,HKG,2022-06-06,230.48
Hong Kong,HKG,2022-06-07,230.77
Hong Kong,HKG,2022-06-08,231.01
Hong Kong,HKG,2022-06-09,231.27
Hong Kong,HKG,2022-06-10,231.61
Hong Kong,HKG,2022-06-11,231.97
Hong Kong,HKG,2022-06-12,232.15
Hong Kong,HKG,2022-06-13,232.45
Hong Kong,HKG,2022-06-14,232.7
Hong Kong,HKG,2022-06-15,232.96
Hong Kong,HKG,2022-06-16,233.24
Hong Kong,HKG,2022-06-17,233.56
Hong Kong,HKG,2022-06-18,233.86
Hong Kong,HKG,2022-06-19,233.99
Hong Kong,HKG,2022-06-20,234.25
Hong Kong,HKG,2022-06-21,234.47
Hong Kong,HKG,2022-06-22,234.67
Hong Kong,HKG,2022-06-23,234.89
Hong Kong,HKG,2022-06-24,235.14
Hong Kong,HKG,2022-06-25,235.38
Hong Kong,HKG,2022-06-26,235.5
Hong Kong,HKG,2022-06-27,235.71
Hong Kong,HKG,2022-06-28,235.9
Hong Kong,HKG,2022-06-29,236.09
Hong Kong,HKG,2022-06-30,236.35
Hong Kong,HKG,2022-07-01,236.46
Hong Kong,HKG,2022-07-02,236.46
Hong Kong,HKG,2022-07-03,236.59
Hong Kong,HKG,2022-07-04,236.8
Hong Kong,HKG,2022-07-05,236.97
Hong Kong,HKG,2022-07-06,237.12
Hong Kong,HKG,2022-07-07,237.29
Hong Kong,HKG,2022-07-08,237.52
Hong Kong,HKG,2022-07-09,237.74
Hong Kong,HKG,2022-07-10,237.83
Hong Kong,HKG,2022-07-11,238.01
Hong Kong,HKG,2022-07-12,238.17
Hong Kong,HKG,2022-07-13,238.32
Hong Kong,HKG,2022-07-14,238.47
Hong Kong,HKG,2022-07-15,238.68
Hong Kong,HKG,2022-07-16,238.89
Hong Kong,HKG,2022-07-17,238.98
Hong Kong,HKG,2022-07-18,239.15
Hong Kong,HKG,2022-07-19,239.3
Hong Kong,HKG,2022-07-20,239.45
Hong Kong,HKG,2022-07-21,239.59
Hong Kong,HKG,2022-07-22,239.79
Hong Kong,HKG,2022-07-23,239.98
Hong Kong,HKG,2022-07-24,240.07
Hong Kong,HKG,2022-07-25,240.24
Hong Kong,HKG,2022-07-26,240.39
Hong Kong,HKG,2022-07-27,240.55
Hong Kong,HKG,2022-07-28,240.72
Hong Kong,HKG,2022-07-29,240.93
Hong Kong,HKG,2022-07-30,241.12
Hong Kong,HKG,2022-07-31,241.21
Hungary,HUN,2020-12-28,0.01
Hungary,HUN,2021-01-18,1.35
Hungary,HUN,2021-01-19,1.37
Hungary,HUN,2021-01-20,1.43
Hungary,HUN,2021-01-21,1.49
Hungary,HUN,2021-01-22,1.55
Hungary,HUN,2021-01-23,1.58
Hungary,HUN,2021-01-24,1.61
Hungary,HUN,2021-01-25,1.67
Hungary,HUN,2021-01-26,1.76
Hungary,HUN,2021-01-27,1.93
Hungary,HUN,2021-01-28,2.19
Hungary,HUN,2021-01-29,2.55
Hungary,HUN,2021-01-30,2.87
Hungary,HUN,2021-01-31,3.08
Hungary,HUN,2021-02-01,3.21
Hungary,HUN,2021-02-02,3.32
Hungary,HUN,2021-02-03,3.44
Hungary,HUN,2021-02-04,3.68
Hungary,HUN,2021-02-05,3.92
Hungary,HUN,2021-02-06,4.03
Hungary,HUN,2021-02-07,4.08
Hungary,HUN,2021-02-08,4.14
Hungary,HUN,2021-02-09,4.18
Hungary,HUN,2021-02-10,4.24
Hungary,HUN,2021-02-11,4.44
Hungary,HUN,2021-02-12,4.69
Hungary,HUN,2021-02-13,4.77
Hungary,HUN,2021-02-14,4.8
Hungary,HUN,2021-02-15,4.88
Hungary,HUN,2021-02-16,4.98
Hungary,HUN,2021-02-17,5.21
Hungary,HUN,2021-02-18,5.61
Hungary,HUN,2021-02-19,6.18
Hungary,HUN,2021-02-20,6.55
Hungary,HUN,2021-02-21,6.74
Hungary,HUN,2021-02-22,6.83
Hungary,HUN,2021-02-23,7
Hungary,HUN,2021-02-24,7.41
Hungary,HUN,2021-02-25,7.85
Hungary,HUN,2021-02-26,8.32
Hungary,HUN,2021-02-27,9.55
Hungary,HUN,2021-02-28,9.65
Hungary,HUN,2021-03-01,10.04
Hungary,HUN,2021-03-02,10.42
Hungary,HUN,2021-03-03,10.84
Hungary,HUN,2021-03-04,11.77
Hungary,HUN,2021-03-05,12.92
Hungary,HUN,2021-03-06,13.27
Hungary,HUN,2021-03-07,13.5
Hungary,HUN,2021-03-08,14.02
Hungary,HUN,2021-03-09,14.68
Hungary,HUN,2021-03-10,15.21
Hungary,HUN,2021-03-11,16.29
Hungary,HUN,2021-03-12,17.21
Hungary,HUN,2021-03-13,17.63
Hungary,HUN,2021-03-14,17.85
Hungary,HUN,2021-03-15,17.99
Hungary,HUN,2021-03-16,18.58
Hungary,HUN,2021-03-17,19.19
Hungary,HUN,2021-03-18,19.79
Hungary,HUN,2021-03-19,20.45
Hungary,HUN,2021-03-20,20.99
Hungary,HUN,2021-03-21,21.31
Hungary,HUN,2021-03-22,21.82
Hungary,HUN,2021-03-23,22.56
Hungary,HUN,2021-03-24,23.4
Hungary,HUN,2021-03-25,24.7
Hungary,HUN,2021-03-26,26.14
Hungary,HUN,2021-03-27,26.67
Hungary,HUN,2021-03-28,26.88
Hungary,HUN,2021-03-30,28.47
Hungary,HUN,2021-03-31,29.38
Hungary,HUN,2021-04-01,31.1
Hungary,HUN,2021-04-02,32.2
Hungary,HUN,2021-04-03,33.14
Hungary,HUN,2021-04-04,33.74
Hungary,HUN,2021-04-05,34.55
Hungary,HUN,2021-04-06,36.49
Hungary,HUN,2021-04-07,37.96
Hungary,HUN,2021-04-08,39.29
Hungary,HUN,2021-04-09,40.5
Hungary,HUN,2021-04-10,41.54
Hungary,HUN,2021-04-11,42.41
Hungary,HUN,2021-04-12,43.46
Hungary,HUN,2021-04-13,44.57
Hungary,HUN,2021-04-14,45.49
Hungary,HUN,2021-04-17,47.77
Hungary,HUN,2021-04-18,47.97
Hungary,HUN,2021-04-19,48.59
Hungary,HUN,2021-04-20,49.32
Hungary,HUN,2021-04-21,50.18
Hungary,HUN,2021-04-22,51.49
Hungary,HUN,2021-04-23,52.83
Hungary,HUN,2021-04-25,54.26
Hungary,HUN,2021-04-26,55.53
Hungary,HUN,2021-04-27,57.14
Hungary,HUN,2021-04-28,58.63
Hungary,HUN,2021-04-29,59.68
Hungary,HUN,2021-04-30,61.5
Hungary,HUN,2021-05-01,62.62
Hungary,HUN,2021-05-02,63.34
Hungary,HUN,2021-05-03,64.44
Hungary,HUN,2021-05-04,65.63
Hungary,HUN,2021-05-05,66.62
Hungary,HUN,2021-05-06,68.08
Hungary,HUN,2021-05-07,69.15
Hungary,HUN,2021-05-08,69.79
Hungary,HUN,2021-05-09,70.13
Hungary,HUN,2021-05-10,70.82
Hungary,HUN,2021-05-12,72.15
Hungary,HUN,2021-05-13,73.23
Hungary,HUN,2021-05-14,74.27
Hungary,HUN,2021-05-15,75.2
Hungary,HUN,2021-05-16,75.87
Hungary,HUN,2021-05-17,76.87
Hungary,HUN,2021-05-18,77.92
Hungary,HUN,2021-05-19,78.73
Hungary,HUN,2021-05-20,80.18
Hungary,HUN,2021-05-21,81.74
Hungary,HUN,2021-05-22,82.46
Hungary,HUN,2021-05-23,82.76
Hungary,HUN,2021-05-24,83.42
Hungary,HUN,2021-05-25,84.83
Hungary,HUN,2021-05-26,86.35
Hungary,HUN,2021-05-27,87.85
Hungary,HUN,2021-05-28,89.19
Hungary,HUN,2021-05-29,89.8
Hungary,HUN,2021-05-30,90.2
Hungary,HUN,2021-05-31,90.96
Hungary,HUN,2021-06-01,91.68
Hungary,HUN,2021-06-02,92.27
Hungary,HUN,2021-06-03,93.24
Hungary,HUN,2021-06-05,95.26
Hungary,HUN,2021-09-28,124.73
Hungary,HUN,2021-10-18,128.52
Hungary,HUN,2021-10-24,129.73
Hungary,HUN,2021-10-31,131.25
Hungary,HUN,2021-11-08,133.46
Hungary,HUN,2021-11-15,136.26
Hungary,HUN,2021-11-22,140.04
Hungary,HUN,2021-11-29,147.09
Hungary,HUN,2021-12-07,150.94
Hungary,HUN,2021-12-20,155.25
Hungary,HUN,2022-01-03,156.74
Hungary,HUN,2022-01-10,158.59
Hungary,HUN,2022-01-17,160.49
Hungary,HUN,2022-01-24,162.32
Hungary,HUN,2022-01-31,164.04
Hungary,HUN,2022-02-07,164.86
Hungary,HUN,2022-02-14,165.47
Hungary,HUN,2022-02-21,165.91
Hungary,HUN,2022-02-28,166.27
Hungary,HUN,2022-03-07,166.47
Hungary,HUN,2022-03-10,166.55
Hungary,HUN,2022-03-21,169.21
Hungary,HUN,2022-04-04,169.67
Hungary,HUN,2022-04-11,169.82
Hungary,HUN,2022-04-18,169.91
Hungary,HUN,2022-04-25,170.05
Hungary,HUN,2022-05-01,170.16
Hungary,HUN,2022-05-10,170.25
Iceland,ISL,2020-12-30,1.32
Iceland,ISL,2021-01-20,1.68
Iceland,ISL,2021-01-25,4.11
Iceland,ISL,2021-01-27,4.19
Iceland,ISL,2021-02-03,4.58
Iceland,ISL,2021-02-05,4.73
Iceland,ISL,2021-02-08,4.77
Iceland,ISL,2021-02-12,5.3
Iceland,ISL,2021-02-15,5.36
Iceland,ISL,2021-02-16,5.41
Iceland,ISL,2021-02-17,5.82
Iceland,ISL,2021-02-18,6.71
Iceland,ISL,2021-02-19,6.94
Iceland,ISL,2021-02-22,7.5
Iceland,ISL,2021-02-23,7.54
Iceland,ISL,2021-02-25,8.49
Iceland,ISL,2021-02-26,8.68
Iceland,ISL,2021-03-01,9.1
Iceland,ISL,2021-03-02,9.14
Iceland,ISL,2021-03-04,10.58
Iceland,ISL,2021-03-05,10.73
Iceland,ISL,2021-03-08,11.35
Iceland,ISL,2021-03-11,12.44
Iceland,ISL,2021-03-12,12.65
Iceland,ISL,2021-03-15,12.71
Iceland,ISL,2021-03-17,13.58
Iceland,ISL,2021-03-18,13.85
Iceland,ISL,2021-03-19,14.2
Iceland,ISL,2021-03-22,14.32
Iceland,ISL,2021-03-23,14.82
Iceland,ISL,2021-03-24,15.67
Iceland,ISL,2021-03-25,16.18
Iceland,ISL,2021-03-26,16.3
Iceland,ISL,2021-03-29,17.86
Iceland,ISL,2021-03-31,19.71
Iceland,ISL,2021-04-03,20.14
Iceland,ISL,2021-04-08,21.53
Iceland,ISL,2021-04-09,23.32
Iceland,ISL,2021-04-12,24.08
Iceland,ISL,2021-04-14,25.77
Iceland,ISL,2021-04-16,26.64
Iceland,ISL,2021-04-19,27.05
Iceland,ISL,2021-04-22,30.6
Iceland,ISL,2021-04-28,32.82
Iceland,ISL,2021-04-29,35.93
Iceland,ISL,2021-04-30,39.22
Iceland,ISL,2021-05-03,39.45
Iceland,ISL,2021-05-05,42.46
Iceland,ISL,2021-05-06,45.14
Iceland,ISL,2021-05-07,49.77
Iceland,ISL,2021-05-11,50.8
Iceland,ISL,2021-05-12,53.58
Iceland,ISL,2021-05-14,55.01
Iceland,ISL,2021-05-18,57.14
Iceland,ISL,2021-05-19,59.41
Iceland,ISL,2021-05-20,60.77
Iceland,ISL,2021-05-21,62.41
Iceland,ISL,2021-05-25,62.55
Iceland,ISL,2021-05-27,65.87
Iceland,ISL,2021-05-28,67.45
Iceland,ISL,2021-06-02,69.89
Iceland,ISL,2021-06-03,72.72
Iceland,ISL,2021-06-04,73.84
Iceland,ISL,2021-06-07,74.03
Iceland,ISL,2021-06-09,77.67
Iceland,ISL,2021-06-11,85.62
Iceland,ISL,2021-06-15,88.29
Iceland,ISL,2021-06-16,91.9
Iceland,ISL,2021-06-17,95.91
Iceland,ISL,2021-06-22,96.36
Iceland,ISL,2021-06-23,99.39
Iceland,ISL,2021-06-24,103.58
Iceland,ISL,2021-06-25,104.42
Iceland,ISL,2021-06-29,105.55
Iceland,ISL,2021-06-30,108.44
Iceland,ISL,2021-07-01,114.18
Iceland,ISL,2021-07-02,117.56
Iceland,ISL,2021-07-07,119.92
Iceland,ISL,2021-07-08,121.8
Iceland,ISL,2021-07-09,122.03
Iceland,ISL,2021-07-14,124.43
Iceland,ISL,2021-07-15,125.95
Iceland,ISL,2021-07-23,126.48
Iceland,ISL,2021-07-30,127.01
Iceland,ISL,2021-08-04,127.5
Iceland,ISL,2021-08-06,128.86
Iceland,ISL,2021-08-25,141.22
Iceland,ISL,2021-08-26,141.8
Iceland,ISL,2021-08-27,142.18
Iceland,ISL,2021-08-31,142.42
Iceland,ISL,2021-09-01,142.55
Iceland,ISL,2021-09-02,142.77
Iceland,ISL,2021-09-03,143.14
Iceland,ISL,2021-09-07,143.32
Iceland,ISL,2021-09-09,143.93
Iceland,ISL,2021-09-10,144.57
Iceland,ISL,2021-09-14,145.6
Iceland,ISL,2021-09-15,146.57
Iceland,ISL,2021-09-16,147.4
Iceland,ISL,2021-09-17,147.92
Iceland,ISL,2021-09-21,148.22
Iceland,ISL,2021-09-23,148.81
Iceland,ISL,2021-09-30,149.76
Iceland,ISL,2021-10-07,150.8
Iceland,ISL,2021-10-14,151.87
Iceland,ISL,2021-10-21,153.32
Iceland,ISL,2021-10-28,154.13
Iceland,ISL,2021-11-04,155.17
Iceland,ISL,2021-11-11,157.1
Iceland,ISL,2021-11-16,159.25
Iceland,ISL,2021-11-18,164.24
Iceland,ISL,2021-11-23,167.91
Iceland,ISL,2021-11-25,172.11
Iceland,ISL,2021-11-30,175.14
Iceland,ISL,2021-12-02,179.57
Iceland,ISL,2021-12-07,181.89
Iceland,ISL,2021-12-09,186.11
Iceland,ISL,2021-12-14,188.8
Iceland,ISL,2021-12-16,190.1
Iceland,ISL,2021-12-21,191.76
Iceland,ISL,2021-12-23,192.89
Iceland,ISL,2021-12-28,193.09
Iceland,ISL,2021-12-30,193.59
Iceland,ISL,2022-01-04,194.02
Iceland,ISL,2022-01-06,194.81
Iceland,ISL,2022-01-11,196.55
Iceland,ISL,2022-01-13,200.51
Iceland,ISL,2022-01-18,203.33
Iceland,ISL,2022-01-20,205.42
Iceland,ISL,2022-01-25,207.5
Iceland,ISL,2022-01-28,209.46
Iceland,ISL,2022-02-01,211.03
Iceland,ISL,2022-02-03,213.01
Iceland,ISL,2022-02-08,214.67
Iceland,ISL,2022-02-11,215.55
Iceland,ISL,2022-02-15,215.72
Iceland,ISL,2022-02-22,216.4
Iceland,ISL,2022-03-01,217
Iceland,ISL,2022-03-08,217.13
Iceland,ISL,2022-03-15,217.26
Iceland,ISL,2022-03-22,217.38
Iceland,ISL,2022-03-29,217.5
India,IND,2021-01-15,0
India,IND,2021-01-16,0.01
India,IND,2021-01-17,0.02
India,IND,2021-01-18,0.03
India,IND,2021-01-19,0.05
India,IND,2021-01-20,0.06
India,IND,2021-01-21,0.07
India,IND,2021-01-22,0.1
India,IND,2021-01-23,0.11
India,IND,2021-01-24,0.11
India,IND,2021-01-25,0.14
India,IND,2021-01-26,0.14
India,IND,2021-01-27,0.17
India,IND,2021-01-28,0.21
India,IND,2021-01-29,0.25
India,IND,2021-01-30,0.27
India,IND,2021-01-31,0.27
India,IND,2021-02-01,0.28
India,IND,2021-02-02,0.29
India,IND,2021-02-03,0.32
India,IND,2021-02-04,0.35
India,IND,2021-02-05,0.38
India,IND,2021-02-06,0.41
India,IND,2021-02-07,0.41
India,IND,2021-02-08,0.44
India,IND,2021-02-09,0.47
India,IND,2021-02-10,0.5
India,IND,2021-02-11,0.53
India,IND,2021-02-12,0.57
India,IND,2021-02-13,0.57
India,IND,2021-02-15,0.61
India,IND,2021-02-16,0.63
India,IND,2021-02-17,0.65
India,IND,2021-02-18,0.7
India,IND,2021-02-19,0.74
India,IND,2021-02-20,0.77
India,IND,2021-02-21,0.79
India,IND,2021-02-22,0.81
India,IND,2021-02-23,0.85
India,IND,2021-02-24,0.88
India,IND,2021-02-25,0.93
India,IND,2021-02-26,0.98
India,IND,2021-02-27,1.01
India,IND,2021-02-28,1.02
India,IND,2021-03-01,1.06
India,IND,2021-03-02,1.11
India,IND,2021-03-03,1.18
India,IND,2021-03-04,1.28
India,IND,2021-03-05,1.39
India,IND,2021-03-06,1.49
India,IND,2021-03-07,1.49
India,IND,2021-03-08,1.63
India,IND,2021-03-09,1.73
India,IND,2021-03-10,1.82
India,IND,2021-03-11,1.86
India,IND,2021-03-12,2
India,IND,2021-03-13,2.11
India,IND,2021-03-14,2.12
India,IND,2021-03-15,2.34
India,IND,2021-03-16,2.49
India,IND,2021-03-17,2.64
India,IND,2021-03-18,2.79
India,IND,2021-03-19,2.99
India,IND,2021-03-20,3.17
India,IND,2021-03-21,3.2
India,IND,2021-03-22,3.45
India,IND,2021-03-23,3.61
India,IND,2021-03-24,3.78
India,IND,2021-03-25,3.94
India,IND,2021-03-26,4.13
India,IND,2021-03-27,4.28
India,IND,2021-03-28,4.3
India,IND,2021-03-29,4.34
India,IND,2021-03-30,4.48
India,IND,2021-03-31,4.63
India,IND,2021-04-01,4.89
India,IND,2021-04-02,5.19
India,IND,2021-04-03,5.4
India,IND,2021-04-04,5.62
India,IND,2021-04-05,5.9
India,IND,2021-04-06,6.19
India,IND,2021-04-07,6.41
India,IND,2021-04-08,6.7
India,IND,2021-04-09,6.97
India,IND,2021-04-10,7.22
India,IND,2021-04-11,7.43
India,IND,2021-04-12,7.71
India,IND,2021-04-13,7.9
India,IND,2021-04-14,8.13
India,IND,2021-04-15,8.33
India,IND,2021-04-16,8.52
India,IND,2021-04-17,8.71
India,IND,2021-04-18,8.8
India,IND,2021-04-19,9.03
India,IND,2021-04-21,9.21
India,IND,2021-04-22,9.43
India,IND,2021-04-25,9.89
India,IND,2021-04-26,10.13
India,IND,2021-04-27,10.29
India,IND,2021-04-28,10.45
India,IND,2021-04-29,10.6
India,IND,2021-04-30,10.8
India,IND,2021-05-01,10.91
India,IND,2021-05-02,10.96
India,IND,2021-05-03,11.09
India,IND,2021-05-04,11.21
India,IND,2021-05-05,11.36
India,IND,2021-05-06,11.55
India,IND,2021-05-07,11.74
India,IND,2021-05-08,11.9
India,IND,2021-05-09,11.96
India,IND,2021-05-10,12.16
India,IND,2021-05-11,12.35
India,IND,2021-05-12,12.51
India,IND,2021-05-13,12.67
India,IND,2021-05-14,12.76
India,IND,2021-05-15,12.9
India,IND,2021-05-16,12.95
India,IND,2021-05-17,13.06
India,IND,2021-05-18,13.16
India,IND,2021-05-19,13.24
India,IND,2021-05-20,13.35
India,IND,2021-05-22,13.56
India,IND,2021-05-23,13.62
India,IND,2021-05-24,13.79
India,IND,2021-05-25,13.89
India,IND,2021-05-26,14.1
India,IND,2021-05-27,14.29
India,IND,2021-05-28,14.43
India,IND,2021-05-29,14.71
India,IND,2021-05-30,14.82
India,IND,2021-05-31,14.95
India,IND,2021-06-01,15.14
India,IND,2021-06-02,15.32
India,IND,2021-06-03,15.51
India,IND,2021-06-04,15.89
India,IND,2021-06-05,16.03
India,IND,2021-06-06,16.2
India,IND,2021-06-07,16.38
India,IND,2021-06-08,16.6
India,IND,2021-06-09,16.83
India,IND,2021-06-10,17.07
India,IND,2021-06-11,17.31
India,IND,2021-06-12,17.49
India,IND,2021-06-13,17.72
India,IND,2021-06-14,17.96
India,IND,2021-06-15,18.14
India,IND,2021-06-16,18.35
India,IND,2021-06-17,18.68
India,IND,2021-06-18,18.92
India,IND,2021-06-19,19.25
India,IND,2021-06-20,19.49
India,IND,2021-06-21,20.13
India,IND,2021-06-22,20.59
India,IND,2021-06-23,20.84
India,IND,2021-06-24,21.32
India,IND,2021-06-25,21.79
India,IND,2021-06-26,22.37
India,IND,2021-06-27,22.59
India,IND,2021-06-28,22.84
India,IND,2021-06-29,23.26
India,IND,2021-06-30,23.38
India,IND,2021-07-01,23.78
India,IND,2021-07-02,23.85
India,IND,2021-07-03,24.46
India,IND,2021-07-04,24.68
India,IND,2021-07-05,24.95
India,IND,2021-07-06,25.17
India,IND,2021-07-07,25.44
India,IND,2021-07-08,26.21
India,IND,2021-07-10,26.72
India,IND,2021-07-11,26.81
India,IND,2021-07-12,27.1
India,IND,2021-07-13,27.54
India,IND,2021-07-14,27.8
India,IND,2021-07-15,28.09
India,IND,2021-07-16,28.4
India,IND,2021-07-17,28.77
India,IND,2021-07-19,29.26
India,IND,2021-07-20,29.52
India,IND,2021-07-21,29.69
India,IND,2021-07-22,30.08
India,IND,2021-07-23,30.4
India,IND,2021-07-24,30.77
India,IND,2021-07-25,30.92
India,IND,2021-07-26,31.4
India,IND,2021-07-27,31.7
India,IND,2021-07-28,32.02
India,IND,2021-07-29,32.4
India,IND,2021-07-30,32.79
India,IND,2021-08-01,33.55
India,IND,2021-08-03,34.48
India,IND,2021-08-04,34.77
India,IND,2021-08-05,35.19
India,IND,2021-08-06,35.59
India,IND,2021-08-07,36.01
India,IND,2021-08-08,36.14
India,IND,2021-08-09,36.55
India,IND,2021-08-10,36.88
India,IND,2021-08-11,37.2
India,IND,2021-08-13,38.09
India,IND,2021-08-14,38.64
India,IND,2021-08-16,39.11
India,IND,2021-08-17,39.54
India,IND,2021-08-18,39.94
India,IND,2021-08-19,40.25
India,IND,2021-08-20,40.72
India,IND,2021-08-21,40.95
India,IND,2021-08-22,41.26
India,IND,2021-08-23,41.37
India,IND,2021-08-24,41.83
India,IND,2021-08-25,42.48
India,IND,2021-08-26,42.94
India,IND,2021-08-27,43.73
India,IND,2021-08-28,44.46
India,IND,2021-08-29,44.94
India,IND,2021-08-30,45.42
India,IND,2021-08-31,45.81
India,IND,2021-09-01,47
India,IND,2021-09-02,47.58
India,IND,2021-09-03,48
India,IND,2021-09-04,48.15
India,IND,2021-09-05,48.63
India,IND,2021-09-06,48.91
India,IND,2021-09-07,49.71
India,IND,2021-09-08,50.48
India,IND,2021-09-09,51.22
India,IND,2021-09-10,51.44
India,IND,2021-09-11,52.11
India,IND,2021-09-12,52.59
India,IND,2021-09-13,53.3
India,IND,2021-09-14,53.48
India,IND,2021-09-15,54.09
India,IND,2021-09-16,54.8
India,IND,2021-09-17,55.23
India,IND,2021-09-18,56.55
India,IND,2021-09-19,57.18
India,IND,2021-09-20,57.7
India,IND,2021-09-21,58.39
India,IND,2021-09-22,58.78
India,IND,2021-09-23,59.48
India,IND,2021-09-24,60.22
India,IND,2021-09-25,60.54
India,IND,2021-09-26,60.8
India,IND,2021-09-27,61.72
India,IND,2021-09-28,62.04
India,IND,2021-09-29,62.5
India,IND,2021-09-30,62.98
India,IND,2021-10-01,63.46
India,IND,2021-10-02,64.01
India,IND,2021-10-03,64.38
India,IND,2021-10-04,64.73
India,IND,2021-10-05,65.23
India,IND,2021-10-06,65.61
India,IND,2021-10-07,65.87
India,IND,2021-10-08,66.44
India,IND,2021-10-09,67
India,IND,2021-10-10,67.57
India,IND,2021-10-11,67.84
India,IND,2021-10-12,68.3
India,IND,2021-10-13,68.62
India,IND,2021-10-14,68.8
India,IND,2021-10-15,69
India,IND,2021-10-16,69.1
India,IND,2021-10-17,69.36
India,IND,2021-10-18,69.55
India,IND,2021-10-19,70.13
India,IND,2021-10-20,70.86
India,IND,2021-10-21,71.27
India,IND,2021-10-22,71.75
India,IND,2021-10-23,72.01
India,IND,2021-10-24,72.63
India,IND,2021-10-25,72.76
India,IND,2021-10-26,73.24
India,IND,2021-10-27,73.64
India,IND,2021-10-28,74.06
India,IND,2021-10-29,74.72
India,IND,2021-10-30,75.2
India,IND,2021-10-31,75.49
India,IND,2021-11-01,75.85
India,IND,2021-11-02,76
India,IND,2021-11-03,76.38
India,IND,2021-11-04,76.52
India,IND,2021-11-05,76.57
India,IND,2021-11-06,76.74
India,IND,2021-11-07,76.95
India,IND,2021-11-08,77.31
India,IND,2021-11-09,77.59
India,IND,2021-11-10,77.99
India,IND,2021-11-11,78.35
India,IND,2021-11-12,78.96
India,IND,2021-11-13,79.51
India,IND,2021-11-14,79.78
India,IND,2021-11-15,80.07
India,IND,2021-11-16,80.54
India,IND,2021-11-17,81.06
India,IND,2021-11-18,81.62
India,IND,2021-11-19,81.96
India,IND,2021-11-20,82.67
India,IND,2021-11-21,82.98
India,IND,2021-11-22,83.54
India,IND,2021-11-23,84.11
India,IND,2021-11-24,84.81
India,IND,2021-11-25,85.15
India,IND,2021-11-26,86.02
India,IND,2021-11-27,86.14
India,IND,2021-11-28,86.9
India,IND,2021-11-29,87.28
India,IND,2021-11-30,87.89
India,IND,2021-12-01,88.49
India,IND,2021-12-02,89.22
India,IND,2021-12-03,89.64
India,IND,2021-12-04,90.5
India,IND,2021-12-05,90.85
India,IND,2021-12-06,91.2
India,IND,2021-12-07,91.79
India,IND,2021-12-08,92.35
India,IND,2021-12-09,92.94
India,IND,2021-12-10,93.24
India,IND,2021-12-11,94.31
India,IND,2021-12-12,94.59
India,IND,2021-12-13,94.88
India,IND,2021-12-14,95.65
India,IND,2021-12-15,96.09
India,IND,2021-12-16,96.37
India,IND,2021-12-17,97
India,IND,2021-12-18,97.55
India,IND,2021-12-19,97.79
India,IND,2021-12-20,98.06
India,IND,2021-12-21,98.65
India,IND,2021-12-22,98.83
India,IND,2021-12-23,99.34
India,IND,2021-12-24,99.79
India,IND,2021-12-25,100.46
India,IND,2021-12-26,100.51
India,IND,2021-12-27,100.77
India,IND,2021-12-28,101.31
India,IND,2021-12-29,101.96
India,IND,2021-12-30,102.21
India,IND,2021-12-31,102.93
India,IND,2022-01-01,103.3
India,IND,2022-01-02,103.48
India,IND,2022-01-03,104.05
India,IND,2022-01-04,104.6
India,IND,2022-01-05,105.3
India,IND,2022-01-06,106
India,IND,2022-01-07,106.96
India,IND,2022-01-08,107.14
India,IND,2022-01-09,107.82
India,IND,2022-01-10,108.29
India,IND,2022-01-11,109.26
India,IND,2022-01-12,109.71
India,IND,2022-01-13,110.4
India,IND,2022-01-14,110.58
India,IND,2022-01-15,111.23
India,IND,2022-01-16,111.59
India,IND,2022-01-17,111.96
India,IND,2022-01-18,111.97
India,IND,2022-01-19,113.14
India,IND,2022-01-20,113.7
India,IND,2022-01-21,114.35
India,IND,2022-01-22,114.89
India,IND,2022-01-23,115.25
India,IND,2022-01-24,115.34
India,IND,2022-01-25,115.83
India,IND,2022-01-26,116.24
India,IND,2022-01-27,116.45
India,IND,2022-01-28,116.89
India,IND,2022-01-29,117.26
India,IND,2022-01-30,117.75
India,IND,2022-01-31,118.27
India,IND,2022-02-01,118.73
India,IND,2022-02-02,119.14
India,IND,2022-02-03,119.46
India,IND,2022-02-04,119.86
India,IND,2022-02-05,120.29
India,IND,2022-02-06,120.48
India,IND,2022-02-07,120.5
India,IND,2022-02-08,120.97
India,IND,2022-02-09,121.49
India,IND,2022-02-10,121.51
India,IND,2022-02-11,122.21
India,IND,2022-02-12,122.44
India,IND,2022-02-13,122.76
India,IND,2022-02-14,122.89
India,IND,2022-02-15,123.34
India,IND,2022-02-16,123.52
India,IND,2022-02-17,123.9
India,IND,2022-02-18,124.18
India,IND,2022-02-19,124.43
India,IND,2022-02-20,124.57
India,IND,2022-02-21,124.74
India,IND,2022-02-22,125
India,IND,2022-02-23,125.16
India,IND,2022-02-24,125.39
India,IND,2022-02-25,125.65
India,IND,2022-02-26,125.91
India,IND,2022-02-27,126.01
India,IND,2022-02-28,126.12
India,IND,2022-03-01,126.22
India,IND,2022-03-02,126.34
India,IND,2022-03-03,126.56
India,IND,2022-03-04,126.75
India,IND,2022-03-05,126.95
India,IND,2022-03-06,127.02
India,IND,2022-03-07,127.12
India,IND,2022-03-08,127.28
India,IND,2022-03-09,127.42
India,IND,2022-03-10,127.56
India,IND,2022-03-11,127.75
India,IND,2022-03-12,127.84
India,IND,2022-03-13,127.93
India,IND,2022-03-14,128.06
India,IND,2022-03-15,128.18
India,IND,2022-03-16,128.31
India,IND,2022-03-17,128.45
India,IND,2022-03-18,128.54
India,IND,2022-03-19,128.62
India,IND,2022-03-20,128.69
India,IND,2022-03-21,128.87
India,IND,2022-03-22,129.05
India,IND,2022-03-23,129.34
India,IND,2022-03-24,129.6
India,IND,2022-03-25,129.75
India,IND,2022-03-26,130.03
India,IND,2022-03-27,130.11
India,IND,2022-03-28,130.23
India,IND,2022-03-29,130.33
India,IND,2022-03-30,130.62
India,IND,2022-03-31,130.86
India,IND,2022-04-01,130.96
India,IND,2022-04-04,131.22
India,IND,2022-04-05,131.34
India,IND,2022-04-06,131.5
India,IND,2022-04-07,131.61
India,IND,2022-04-08,131.7
India,IND,2022-04-09,131.82
India,IND,2022-04-10,131.88
India,IND,2022-04-11,131.95
India,IND,2022-04-12,132.11
India,IND,2022-04-13,132.19
India,IND,2022-04-14,132.29
India,IND,2022-04-15,132.32
India,IND,2022-04-18,132.54
India,IND,2022-04-19,132.69
India,IND,2022-04-20,132.75
India,IND,2022-04-21,132.87
India,IND,2022-04-22,133.01
India,IND,2022-04-24,133.27
India,IND,2022-04-25,133.33
India,IND,2022-04-26,133.51
India,IND,2022-04-27,133.67
India,IND,2022-04-28,133.83
India,IND,2022-04-29,134.06
India,IND,2022-04-30,134.18
India,IND,2022-05-01,134.34
India,IND,2022-05-02,134.4
India,IND,2022-05-03,134.51
India,IND,2022-05-04,134.57
India,IND,2022-05-05,134.68
India,IND,2022-05-06,134.82
India,IND,2022-05-07,134.95
India,IND,2022-05-08,135.09
India,IND,2022-05-09,135.19
India,IND,2022-05-10,135.3
India,IND,2022-05-11,135.42
India,IND,2022-05-12,135.53
India,IND,2022-05-13,135.65
India,IND,2022-05-14,135.77
India,IND,2022-05-15,135.87
India,IND,2022-05-16,135.9
India,IND,2022-05-17,136
India,IND,2022-05-18,136.11
India,IND,2022-05-19,136.22
India,IND,2022-05-20,136.33
India,IND,2022-05-21,136.45
India,IND,2022-05-22,136.55
India,IND,2022-05-23,136.62
India,IND,2022-05-24,136.73
India,IND,2022-05-25,136.83
India,IND,2022-05-26,136.94
India,IND,2022-05-27,137.05
India,IND,2022-05-28,137.16
India,IND,2022-05-29,137.25
India,IND,2022-05-30,137.28
India,IND,2022-05-31,137.38
India,IND,2022-06-01,137.54
India,IND,2022-06-02,137.56
India,IND,2022-06-03,137.65
India,IND,2022-06-04,137.75
India,IND,2022-06-05,137.82
India,IND,2022-06-06,137.86
India,IND,2022-06-07,137.96
India,IND,2022-06-08,138.08
India,IND,2022-06-09,138.2
India,IND,2022-06-10,138.32
India,IND,2022-06-11,138.43
India,IND,2022-06-12,138.54
India,IND,2022-06-13,138.62
India,IND,2022-06-14,138.73
India,IND,2022-06-15,138.84
India,IND,2022-06-16,138.96
India,IND,2022-06-17,139.08
India,IND,2022-06-18,139.2
India,IND,2022-06-19,139.28
India,IND,2022-06-20,139.32
India,IND,2022-06-21,139.42
India,IND,2022-06-22,139.52
India,IND,2022-06-23,139.63
India,IND,2022-06-24,139.74
India,IND,2022-06-25,139.86
India,IND,2022-06-26,139.95
India,IND,2022-06-27,139.99
India,IND,2022-06-28,140.13
India,IND,2022-06-29,140.23
India,IND,2022-06-30,140.34
India,IND,2022-07-01,140.42
India,IND,2022-07-02,140.5
India,IND,2022-07-03,140.57
India,IND,2022-07-04,140.59
India,IND,2022-07-05,140.68
India,IND,2022-07-06,140.75
India,IND,2022-07-07,140.85
India,IND,2022-07-08,140.98
India,IND,2022-07-10,141.16
India,IND,2022-07-11,141.24
India,IND,2022-07-12,141.32
India,IND,2022-07-13,141.47
India,IND,2022-07-14,141.68
India,IND,2022-07-15,141.87
India,IND,2022-07-18,142.23
India,IND,2022-07-19,142.36
India,IND,2022-07-20,142.56
India,IND,2022-07-21,142.79
India,IND,2022-07-22,143.07
India,IND,2022-07-23,143.33
India,IND,2022-07-24,143.54
India,IND,2022-07-25,143.67
India,IND,2022-07-26,143.9
India,IND,2022-07-27,144.12
India,IND,2022-07-28,144.43
India,IND,2022-07-29,144.69
India,IND,2022-07-30,144.94
India,IND,2022-07-31,145.13
India,IND,2022-08-01,145.2
India,IND,2022-08-02,145.39
Indonesia,IDN,2021-01-12,0
Indonesia,IDN,2021-01-22,0.05
Indonesia,IDN,2021-01-24,0.05
Indonesia,IDN,2021-01-25,0.06
Indonesia,IDN,2021-01-26,0.09
Indonesia,IDN,2021-01-27,0.11
Indonesia,IDN,2021-01-28,0.14
Indonesia,IDN,2021-01-29,0.15
Indonesia,IDN,2021-01-30,0.18
Indonesia,IDN,2021-01-31,0.19
Indonesia,IDN,2021-02-01,0.21
Indonesia,IDN,2021-02-02,0.24
Indonesia,IDN,2021-02-03,0.26
Indonesia,IDN,2021-02-04,0.29
Indonesia,IDN,2021-02-05,0.32
Indonesia,IDN,2021-02-06,0.33
Indonesia,IDN,2021-02-07,0.34
Indonesia,IDN,2021-02-08,0.36
Indonesia,IDN,2021-02-09,0.39
Indonesia,IDN,2021-02-10,0.46
Indonesia,IDN,2021-02-11,0.5
Indonesia,IDN,2021-02-13,0.54
Indonesia,IDN,2021-02-14,0.55
Indonesia,IDN,2021-02-15,0.58
Indonesia,IDN,2021-02-16,0.61
Indonesia,IDN,2021-02-17,0.64
Indonesia,IDN,2021-02-18,0.65
Indonesia,IDN,2021-02-20,0.71
Indonesia,IDN,2021-02-23,0.75
Indonesia,IDN,2021-02-24,0.8
Indonesia,IDN,2021-02-25,0.85
Indonesia,IDN,2021-02-26,0.89
Indonesia,IDN,2021-02-27,0.95
Indonesia,IDN,2021-02-28,0.98
Indonesia,IDN,2021-03-02,1.1
Indonesia,IDN,2021-03-03,1.24
Indonesia,IDN,2021-03-05,1.29
Indonesia,IDN,2021-03-07,1.47
Indonesia,IDN,2021-03-10,1.77
Indonesia,IDN,2021-03-11,1.82
Indonesia,IDN,2021-03-12,1.87
Indonesia,IDN,2021-03-13,1.99
Indonesia,IDN,2021-03-14,2
Indonesia,IDN,2021-03-15,2.1
Indonesia,IDN,2021-03-16,2.26
Indonesia,IDN,2021-03-17,2.4
Indonesia,IDN,2021-03-18,2.48
Indonesia,IDN,2021-03-19,2.57
Indonesia,IDN,2021-03-20,2.68
Indonesia,IDN,2021-03-21,2.86
Indonesia,IDN,2021-03-22,2.88
Indonesia,IDN,2021-03-23,3.01
Indonesia,IDN,2021-03-24,3.17
Indonesia,IDN,2021-03-25,3.41
Indonesia,IDN,2021-03-26,3.7
Indonesia,IDN,2021-03-27,3.8
Indonesia,IDN,2021-03-28,3.83
Indonesia,IDN,2021-03-29,3.91
Indonesia,IDN,2021-03-30,4.1
Indonesia,IDN,2021-03-31,4.31
Indonesia,IDN,2021-04-01,4.46
Indonesia,IDN,2021-04-02,4.49
Indonesia,IDN,2021-04-03,4.56
Indonesia,IDN,2021-04-04,4.62
Indonesia,IDN,2021-04-05,4.77
Indonesia,IDN,2021-04-06,4.88
Indonesia,IDN,2021-04-07,5.02
Indonesia,IDN,2021-04-08,5.1
Indonesia,IDN,2021-04-09,5.38
Indonesia,IDN,2021-04-10,5.48
Indonesia,IDN,2021-04-11,5.53
Indonesia,IDN,2021-04-12,5.69
Indonesia,IDN,2021-04-13,5.77
Indonesia,IDN,2021-04-14,5.86
Indonesia,IDN,2021-04-15,5.96
Indonesia,IDN,2021-04-16,6.04
Indonesia,IDN,2021-04-17,6.1
Indonesia,IDN,2021-04-18,6.11
Indonesia,IDN,2021-04-19,6.22
Indonesia,IDN,2021-04-20,6.3
Indonesia,IDN,2021-04-21,6.43
Indonesia,IDN,2021-04-22,6.55
Indonesia,IDN,2021-04-23,6.67
Indonesia,IDN,2021-04-24,6.75
Indonesia,IDN,2021-04-25,6.78
Indonesia,IDN,2021-04-26,6.88
Indonesia,IDN,2021-04-27,7
Indonesia,IDN,2021-04-28,7.12
Indonesia,IDN,2021-04-29,7.25
Indonesia,IDN,2021-04-30,7.31
Indonesia,IDN,2021-05-01,7.35
Indonesia,IDN,2021-05-02,7.36
Indonesia,IDN,2021-05-03,7.44
Indonesia,IDN,2021-05-04,7.54
Indonesia,IDN,2021-05-05,7.67
Indonesia,IDN,2021-05-06,7.79
Indonesia,IDN,2021-05-07,7.89
Indonesia,IDN,2021-05-08,7.99
Indonesia,IDN,2021-05-09,8.03
Indonesia,IDN,2021-05-10,8.12
Indonesia,IDN,2021-05-11,8.21
Indonesia,IDN,2021-05-12,8.25
Indonesia,IDN,2021-05-13,8.26
Indonesia,IDN,2021-05-14,8.26
Indonesia,IDN,2021-05-15,8.28
Indonesia,IDN,2021-05-16,8.3
Indonesia,IDN,2021-05-17,8.35
Indonesia,IDN,2021-05-18,8.47
Indonesia,IDN,2021-05-19,8.57
Indonesia,IDN,2021-05-20,8.73
Indonesia,IDN,2021-05-21,8.88
Indonesia,IDN,2021-05-22,9
Indonesia,IDN,2021-05-23,9.05
Indonesia,IDN,2021-05-24,9.07
Indonesia,IDN,2021-05-25,9.3
Indonesia,IDN,2021-05-26,9.41
Indonesia,IDN,2021-05-27,9.52
Indonesia,IDN,2021-05-28,9.68
Indonesia,IDN,2021-05-29,9.77
Indonesia,IDN,2021-05-30,9.82
Indonesia,IDN,2021-05-31,9.88
Indonesia,IDN,2021-06-01,9.98
Indonesia,IDN,2021-06-02,10.09
Indonesia,IDN,2021-06-03,10.24
Indonesia,IDN,2021-06-04,10.35
Indonesia,IDN,2021-06-05,10.48
Indonesia,IDN,2021-06-06,10.51
Indonesia,IDN,2021-06-07,10.58
Indonesia,IDN,2021-06-08,10.82
Indonesia,IDN,2021-06-09,11.02
Indonesia,IDN,2021-06-10,11.21
Indonesia,IDN,2021-06-11,11.4
Indonesia,IDN,2021-06-12,11.54
Indonesia,IDN,2021-06-13,11.59
Indonesia,IDN,2021-06-14,11.7
Indonesia,IDN,2021-06-15,11.91
Indonesia,IDN,2021-06-16,12.15
Indonesia,IDN,2021-06-17,12.41
Indonesia,IDN,2021-06-18,12.62
Indonesia,IDN,2021-06-19,12.82
Indonesia,IDN,2021-06-20,12.89
Indonesia,IDN,2021-06-21,13
Indonesia,IDN,2021-06-22,13.26
Indonesia,IDN,2021-06-23,13.52
Indonesia,IDN,2021-06-24,13.77
Indonesia,IDN,2021-06-25,14.03
Indonesia,IDN,2021-06-26,14.26
Indonesia,IDN,2021-06-27,14.69
Indonesia,IDN,2021-06-28,14.83
Indonesia,IDN,2021-06-29,15.21
Indonesia,IDN,2021-06-30,15.61
Indonesia,IDN,2021-07-01,16
Indonesia,IDN,2021-07-02,16.31
Indonesia,IDN,2021-07-03,16.62
Indonesia,IDN,2021-07-04,16.82
Indonesia,IDN,2021-07-05,16.93
Indonesia,IDN,2021-07-06,17.33
Indonesia,IDN,2021-07-07,17.71
Indonesia,IDN,2021-07-08,18.08
Indonesia,IDN,2021-07-09,18.5
Indonesia,IDN,2021-07-10,18.69
Indonesia,IDN,2021-07-11,18.73
Indonesia,IDN,2021-07-12,18.78
Indonesia,IDN,2021-07-13,19.03
Indonesia,IDN,2021-07-14,19.92
Indonesia,IDN,2021-07-15,20.25
Indonesia,IDN,2021-07-16,20.52
Indonesia,IDN,2021-07-17,21
Indonesia,IDN,2021-07-18,21.17
Indonesia,IDN,2021-07-19,21.37
Indonesia,IDN,2021-07-20,21.48
Indonesia,IDN,2021-07-21,21.63
Indonesia,IDN,2021-07-22,21.94
Indonesia,IDN,2021-07-23,22.24
Indonesia,IDN,2021-07-24,22.5
Indonesia,IDN,2021-07-25,22.79
Indonesia,IDN,2021-07-26,22.96
Indonesia,IDN,2021-07-27,23.36
Indonesia,IDN,2021-07-28,23.68
Indonesia,IDN,2021-07-29,24.09
Indonesia,IDN,2021-07-30,24.46
Indonesia,IDN,2021-07-31,24.75
Indonesia,IDN,2021-08-01,24.9
Indonesia,IDN,2021-08-02,25.07
Indonesia,IDN,2021-08-03,25.4
Indonesia,IDN,2021-08-04,25.74
Indonesia,IDN,2021-08-05,25.95
Indonesia,IDN,2021-08-06,26.4
Indonesia,IDN,2021-08-07,26.72
Indonesia,IDN,2021-08-08,27.13
Indonesia,IDN,2021-08-09,27.34
Indonesia,IDN,2021-08-10,27.8
Indonesia,IDN,2021-08-11,28.18
Indonesia,IDN,2021-08-12,28.36
Indonesia,IDN,2021-08-13,29.38
Indonesia,IDN,2021-08-14,29.74
Indonesia,IDN,2021-08-15,29.88
Indonesia,IDN,2021-08-16,30.29
Indonesia,IDN,2021-08-17,30.74
Indonesia,IDN,2021-08-18,30.9
Indonesia,IDN,2021-08-19,31.57
Indonesia,IDN,2021-08-20,31.87
Indonesia,IDN,2021-08-21,32.22
Indonesia,IDN,2021-08-22,32.49
Indonesia,IDN,2021-08-23,32.81
Indonesia,IDN,2021-08-24,33.28
Indonesia,IDN,2021-08-25,33.65
Indonesia,IDN,2021-08-26,33.89
Indonesia,IDN,2021-08-27,34.54
Indonesia,IDN,2021-08-28,35.04
Indonesia,IDN,2021-08-29,35.26
Indonesia,IDN,2021-08-30,35.66
Indonesia,IDN,2021-08-31,36.15
Indonesia,IDN,2021-09-01,36.63
Indonesia,IDN,2021-09-02,37.11
Indonesia,IDN,2021-09-03,37.82
Indonesia,IDN,2021-09-04,38.13
Indonesia,IDN,2021-09-05,38.36
Indonesia,IDN,2021-09-06,38.58
Indonesia,IDN,2021-09-07,39.22
Indonesia,IDN,2021-09-08,39.79
Indonesia,IDN,2021-09-09,40.43
Indonesia,IDN,2021-09-10,40.93
Indonesia,IDN,2021-09-11,41.56
Indonesia,IDN,2021-09-12,41.83
Indonesia,IDN,2021-09-13,42.16
Indonesia,IDN,2021-09-14,42.67
Indonesia,IDN,2021-09-15,43.14
Indonesia,IDN,2021-09-16,43.7
Indonesia,IDN,2021-09-17,44.4
Indonesia,IDN,2021-09-18,45.02
Indonesia,IDN,2021-09-19,45.53
Indonesia,IDN,2021-09-20,45.62
Indonesia,IDN,2021-09-21,46.12
Indonesia,IDN,2021-09-22,46.98
Indonesia,IDN,2021-09-23,47.57
Indonesia,IDN,2021-09-24,48.43
Indonesia,IDN,2021-09-25,48.74
Indonesia,IDN,2021-09-26,49.31
Indonesia,IDN,2021-09-27,49.71
Indonesia,IDN,2021-09-28,50.48
Indonesia,IDN,2021-09-29,51.23
Indonesia,IDN,2021-09-30,51.94
Indonesia,IDN,2021-10-01,52.57
Indonesia,IDN,2021-10-02,53.11
Indonesia,IDN,2021-10-03,53.5
Indonesia,IDN,2021-10-04,53.78
Indonesia,IDN,2021-10-05,54.28
Indonesia,IDN,2021-10-06,54.88
Indonesia,IDN,2021-10-07,55.32
Indonesia,IDN,2021-10-08,56.35
Indonesia,IDN,2021-10-09,57.09
Indonesia,IDN,2021-10-10,57.52
Indonesia,IDN,2021-10-11,57.69
Indonesia,IDN,2021-10-12,58.36
Indonesia,IDN,2021-10-13,59.21
Indonesia,IDN,2021-10-14,60.17
Indonesia,IDN,2021-10-15,60.95
Indonesia,IDN,2021-10-16,61.67
Indonesia,IDN,2021-10-17,62.19
Indonesia,IDN,2021-10-18,62.53
Indonesia,IDN,2021-10-19,63.2
Indonesia,IDN,2021-10-20,63.71
Indonesia,IDN,2021-10-21,64.14
Indonesia,IDN,2021-10-22,64.95
Indonesia,IDN,2021-10-23,65.55
Indonesia,IDN,2021-10-24,66.1
Indonesia,IDN,2021-10-25,66.37
Indonesia,IDN,2021-10-26,67.02
Indonesia,IDN,2021-10-27,67.8
Indonesia,IDN,2021-10-28,68.57
Indonesia,IDN,2021-10-29,69.31
Indonesia,IDN,2021-10-30,70.3
Indonesia,IDN,2021-10-31,70.63
Indonesia,IDN,2021-11-01,70.92
Indonesia,IDN,2021-11-02,71.49
Indonesia,IDN,2021-11-03,72.26
Indonesia,IDN,2021-11-04,72.89
Indonesia,IDN,2021-11-05,73.61
Indonesia,IDN,2021-11-06,73.89
Indonesia,IDN,2021-11-07,74.56
Indonesia,IDN,2021-11-08,74.74
Indonesia,IDN,2021-11-09,75.44
Indonesia,IDN,2021-11-10,76.09
Indonesia,IDN,2021-11-11,76.66
Indonesia,IDN,2021-11-12,77.41
Indonesia,IDN,2021-11-13,77.85
Indonesia,IDN,2021-11-14,78.34
Indonesia,IDN,2021-11-15,78.6
Indonesia,IDN,2021-11-16,79.15
Indonesia,IDN,2021-11-17,79.74
Indonesia,IDN,2021-11-18,79.78
Indonesia,IDN,2021-11-19,80.86
Indonesia,IDN,2021-11-20,81.38
Indonesia,IDN,2021-11-21,81.69
Indonesia,IDN,2021-11-22,81.84
Indonesia,IDN,2021-11-23,82.43
Indonesia,IDN,2021-11-24,83.03
Indonesia,IDN,2021-11-25,83.65
Indonesia,IDN,2021-11-26,84.24
Indonesia,IDN,2021-11-27,84.67
Indonesia,IDN,2021-11-28,85.07
Indonesia,IDN,2021-11-29,85.36
Indonesia,IDN,2021-11-30,85.79
Indonesia,IDN,2021-12-01,86.47
Indonesia,IDN,2021-12-02,87.01
Indonesia,IDN,2021-12-03,87.51
Indonesia,IDN,2021-12-04,87.91
Indonesia,IDN,2021-12-05,88.2
Indonesia,IDN,2021-12-06,88.37
Indonesia,IDN,2021-12-07,88.81
Indonesia,IDN,2021-12-08,89.22
Indonesia,IDN,2021-12-09,89.71
Indonesia,IDN,2021-12-10,90.18
Indonesia,IDN,2021-12-11,90.72
Indonesia,IDN,2021-12-12,91.1
Indonesia,IDN,2021-12-13,91.31
Indonesia,IDN,2021-12-14,91.73
Indonesia,IDN,2021-12-15,92.37
Indonesia,IDN,2021-12-16,92.95
Indonesia,IDN,2021-12-17,93.61
Indonesia,IDN,2021-12-18,94.2
Indonesia,IDN,2021-12-19,94.42
Indonesia,IDN,2021-12-20,94.59
Indonesia,IDN,2021-12-21,95.09
Indonesia,IDN,2021-12-22,95.72
Indonesia,IDN,2021-12-23,96.35
Indonesia,IDN,2021-12-24,96.94
Indonesia,IDN,2021-12-25,97.38
Indonesia,IDN,2021-12-26,97.63
Indonesia,IDN,2021-12-27,97.83
Indonesia,IDN,2021-12-28,98.4
Indonesia,IDN,2021-12-29,99.08
Indonesia,IDN,2021-12-30,99.73
Indonesia,IDN,2021-12-31,100.36
Indonesia,IDN,2022-02-06,118.13
Indonesia,IDN,2022-02-07,118.73
Indonesia,IDN,2022-02-08,119.08
Indonesia,IDN,2022-02-09,119.74
Indonesia,IDN,2022-02-10,120.16
Indonesia,IDN,2022-02-12,120.95
Indonesia,IDN,2022-02-13,120.99
Indonesia,IDN,2022-02-14,121.47
Indonesia,IDN,2022-02-15,121.94
Indonesia,IDN,2022-02-16,122.4
Indonesia,IDN,2022-02-17,122.91
Indonesia,IDN,2022-02-18,123.4
Indonesia,IDN,2022-02-19,123.62
Indonesia,IDN,2022-02-20,123.69
Indonesia,IDN,2022-02-21,124.07
Indonesia,IDN,2022-02-22,124.52
Indonesia,IDN,2022-02-23,124.95
Indonesia,IDN,2022-02-24,125.42
Indonesia,IDN,2022-02-25,125.75
Indonesia,IDN,2022-02-26,125.76
Indonesia,IDN,2022-02-27,125.76
Indonesia,IDN,2022-02-28,126.28
Indonesia,IDN,2022-03-01,126.28
Indonesia,IDN,2022-03-02,127.36
Indonesia,IDN,2022-03-03,127.72
Indonesia,IDN,2022-03-04,128.24
Indonesia,IDN,2022-03-05,128.68
Indonesia,IDN,2022-03-07,129.2
Indonesia,IDN,2022-03-08,129.52
Indonesia,IDN,2022-03-09,130.14
Indonesia,IDN,2022-03-10,130.52
Indonesia,IDN,2022-03-11,130.9
Indonesia,IDN,2022-03-12,131.28
Indonesia,IDN,2022-03-14,131.6
Indonesia,IDN,2022-03-16,132.36
Indonesia,IDN,2022-03-17,132.93
Indonesia,IDN,2022-03-19,133.08
Indonesia,IDN,2022-03-20,133.31
Indonesia,IDN,2022-03-21,133.5
Indonesia,IDN,2022-03-22,134.48
Indonesia,IDN,2022-03-23,135.11
Indonesia,IDN,2022-03-24,135.23
Indonesia,IDN,2022-03-28,137.32
Indonesia,IDN,2022-03-29,137.76
Indonesia,IDN,2022-03-30,138.11
Indonesia,IDN,2022-03-31,138.6
Indonesia,IDN,2022-04-04,139.19
Indonesia,IDN,2022-04-05,139.96
Indonesia,IDN,2022-04-06,140.18
Indonesia,IDN,2022-04-07,140.41
Indonesia,IDN,2022-04-08,140.7
Indonesia,IDN,2022-04-09,140.98
Indonesia,IDN,2022-04-10,141.14
Indonesia,IDN,2022-04-11,141.51
Indonesia,IDN,2022-04-12,141.75
Indonesia,IDN,2022-04-13,142.22
Indonesia,IDN,2022-04-14,142.49
Indonesia,IDN,2022-04-17,143.37
Indonesia,IDN,2022-04-18,143.65
Indonesia,IDN,2022-04-19,144.19
Indonesia,IDN,2022-04-21,144.92
Indonesia,IDN,2022-04-23,145.34
Indonesia,IDN,2022-04-24,145.44
Indonesia,IDN,2022-04-25,145.66
Indonesia,IDN,2022-04-26,145.94
Indonesia,IDN,2022-04-27,146.59
Indonesia,IDN,2022-04-28,146.59
Indonesia,IDN,2022-04-29,146.59
Indonesia,IDN,2022-04-30,146.59
Indonesia,IDN,2022-05-01,146.59
Indonesia,IDN,2022-05-02,146.59
Indonesia,IDN,2022-05-03,146.59
Indonesia,IDN,2022-05-06,146.59
Indonesia,IDN,2022-05-07,146.59
Indonesia,IDN,2022-05-08,146.59
Indonesia,IDN,2022-05-09,146.59
Indonesia,IDN,2022-05-12,146.59
Indonesia,IDN,2022-05-13,146.59
Indonesia,IDN,2022-05-14,146.59
Indonesia,IDN,2022-05-15,146.59
Indonesia,IDN,2022-05-16,146.59
Indonesia,IDN,2022-05-17,146.59
Indonesia,IDN,2022-05-18,146.59
Indonesia,IDN,2022-05-19,146.59
Indonesia,IDN,2022-05-20,146.59
Indonesia,IDN,2022-05-21,146.59
Indonesia,IDN,2022-05-22,146.59
Indonesia,IDN,2022-05-23,146.59
Indonesia,IDN,2022-05-24,146.59
Indonesia,IDN,2022-05-25,146.59
Indonesia,IDN,2022-05-26,146.59
Indonesia,IDN,2022-05-27,146.59
Indonesia,IDN,2022-05-28,146.59
Indonesia,IDN,2022-05-29,146.59
Indonesia,IDN,2022-05-30,146.59
Indonesia,IDN,2022-05-31,146.59
Indonesia,IDN,2022-06-01,146.59
Indonesia,IDN,2022-06-03,146.59
Indonesia,IDN,2022-06-07,151.74
Indonesia,IDN,2022-06-15,152.52
Indonesia,IDN,2022-06-21,153.05
Indonesia,IDN,2022-07-12,154.63
Indonesia,IDN,2022-07-19,155.25
Indonesia,IDN,2022-07-26,156.01
Iran,IRN,2021-02-08,0
Iran,IRN,2021-02-09,0
Iran,IRN,2021-02-17,0.01
Iran,IRN,2021-03-19,0.14
Iran,IRN,2021-03-27,0.36
Iran,IRN,2021-04-14,0.53
Iran,IRN,2021-04-19,0.63
Iran,IRN,2021-04-20,0.71
Iran,IRN,2021-04-22,0.76
Iran,IRN,2021-04-28,1.07
Iran,IRN,2021-04-29,1.14
Iran,IRN,2021-04-30,1.21
Iran,IRN,2021-05-04,1.5
Iran,IRN,2021-05-07,1.69
Iran,IRN,2021-05-10,2.01
Iran,IRN,2021-05-17,2.65
Iran,IRN,2021-05-24,3.57
Iran,IRN,2021-06-08,5.18
Iran,IRN,2021-06-14,5.45
Iran,IRN,2021-06-21,5.65
Iran,IRN,2021-06-29,6.5
Iran,IRN,2021-07-13,7.43
Iran,IRN,2021-07-19,9.28
Iran,IRN,2021-07-26,11.57
Iran,IRN,2021-08-02,14.09
Iran,IRN,2021-08-09,18.44
Iran,IRN,2021-08-16,22.63
Iran,IRN,2021-08-24,26.32
Iran,IRN,2021-08-29,29.77
Iran,IRN,2021-08-30,30.77
Iran,IRN,2021-09-05,33.16
Iran,IRN,2021-09-12,39.86
Iran,IRN,2021-09-13,41.8
Iran,IRN,2021-09-18,47.77
Iran,IRN,2021-09-20,49.33
Iran,IRN,2021-09-27,59.09
Iran,IRN,2021-10-03,65.6
Iran,IRN,2021-10-10,73.25
Iran,IRN,2021-10-18,84.29
Iran,IRN,2021-10-21,88.31
Iran,IRN,2021-10-23,90.46
Iran,IRN,2021-10-25,92.54
Iran,IRN,2021-10-29,97.1
Iran,IRN,2021-11-02,101.51
Iran,IRN,2021-11-05,105.41
Iran,IRN,2021-11-09,109.03
Iran,IRN,2021-11-13,111.67
Iran,IRN,2021-11-21,116.18
Iran,IRN,2021-11-27,118.98
Iran,IRN,2021-11-28,119.17
Iran,IRN,2021-12-05,122.3
Iran,IRN,2021-12-12,124.89
Iran,IRN,2021-12-19,128.79
Iran,IRN,2021-12-26,132.17
Iran,IRN,2022-01-03,135.72
Iran,IRN,2022-01-09,138.93
Iran,IRN,2022-01-13,142.14
Iran,IRN,2022-01-14,142.47
Iran,IRN,2022-01-15,142.81
Iran,IRN,2022-01-16,143.28
Iran,IRN,2022-01-17,143.76
Iran,IRN,2022-01-18,144.19
Iran,IRN,2022-01-19,144.69
Iran,IRN,2022-01-20,145.23
Iran,IRN,2022-01-22,145.87
Iran,IRN,2022-01-23,146.31
Iran,IRN,2022-01-24,146.74
Iran,IRN,2022-01-26,147.76
Iran,IRN,2022-01-28,148.67
Iran,IRN,2022-01-29,149.04
Iran,IRN,2022-01-30,149.7
Iran,IRN,2022-01-31,150.36
Iran,IRN,2022-02-01,150.96
Iran,IRN,2022-02-02,151.66
Iran,IRN,2022-02-03,152.56
Iran,IRN,2022-02-04,152.92
Iran,IRN,2022-02-05,153.32
Iran,IRN,2022-02-06,153.84
Iran,IRN,2022-02-07,154.35
Iran,IRN,2022-02-08,154.77
Iran,IRN,2022-02-09,155.22
Iran,IRN,2022-02-10,155.66
Iran,IRN,2022-02-11,155.94
Iran,IRN,2022-02-12,156.2
Iran,IRN,2022-02-13,156.57
Iran,IRN,2022-02-14,156.94
Iran,IRN,2022-02-15,157.18
Iran,IRN,2022-02-16,157.36
Iran,IRN,2022-02-18,157.96
Iran,IRN,2022-02-19,158.26
Iran,IRN,2022-02-20,158.62
Iran,IRN,2022-02-21,158.98
Iran,IRN,2022-02-22,159.31
Iran,IRN,2022-02-23,159.82
Iran,IRN,2022-02-25,160.18
Iran,IRN,2022-02-26,160.37
Iran,IRN,2022-02-27,160.54
Iran,IRN,2022-02-28,160.97
Iran,IRN,2022-03-01,161.19
Iran,IRN,2022-03-02,161.32
Iran,IRN,2022-03-03,161.52
Iran,IRN,2022-03-05,162.12
Iran,IRN,2022-03-06,162.51
Iran,IRN,2022-03-07,162.91
Iran,IRN,2022-03-08,163.2
Iran,IRN,2022-03-09,163.54
Iran,IRN,2022-03-10,163.87
Iran,IRN,2022-03-12,164.4
Iran,IRN,2022-03-14,164.96
Iran,IRN,2022-03-17,165.74
Iran,IRN,2022-03-19,165.98
Iran,IRN,2022-03-20,166.11
Iran,IRN,2022-03-22,166.18
Iran,IRN,2022-03-25,166.26
Iran,IRN,2022-03-27,166.4
Iran,IRN,2022-03-28,166.8
Iran,IRN,2022-03-29,166.95
Iran,IRN,2022-03-30,167.06
Iran,IRN,2022-04-03,167.36
Iran,IRN,2022-04-04,167.46
Iran,IRN,2022-04-05,167.59
Iran,IRN,2022-04-06,167.69
Iran,IRN,2022-04-08,167.89
Iran,IRN,2022-04-09,167.96
Iran,IRN,2022-04-10,168.06
Iran,IRN,2022-04-11,168.17
Iran,IRN,2022-04-12,168.28
Iran,IRN,2022-04-13,168.34
Iran,IRN,2022-04-17,168.66
Iran,IRN,2022-04-18,168.74
Iran,IRN,2022-04-20,168.89
Iran,IRN,2022-04-22,169
Iran,IRN,2022-04-23,169.01
Iran,IRN,2022-04-24,169.05
Iran,IRN,2022-04-25,169.11
Iran,IRN,2022-04-26,169.16
Iran,IRN,2022-04-28,169.29
Iran,IRN,2022-04-30,169.36
Iran,IRN,2022-05-02,169.45
Iran,IRN,2022-05-03,169.47
Iran,IRN,2022-05-04,169.48
Iran,IRN,2022-05-06,169.53
Iran,IRN,2022-05-07,169.57
Iran,IRN,2022-05-08,169.64
Iran,IRN,2022-05-09,169.69
Iran,IRN,2022-05-10,169.77
Iran,IRN,2022-05-11,169.84
Iran,IRN,2022-05-14,169.96
Iran,IRN,2022-05-15,170.01
Iran,IRN,2022-05-18,170.14
Iran,IRN,2022-05-19,170.17
Iran,IRN,2022-05-20,170.18
Iran,IRN,2022-05-21,170.22
Iran,IRN,2022-05-22,170.26
Iran,IRN,2022-05-23,170.3
Iran,IRN,2022-05-24,170.34
Iran,IRN,2022-05-25,170.37
Iran,IRN,2022-05-28,170.42
Iran,IRN,2022-05-30,170.49
Iran,IRN,2022-06-01,170.55
Iran,IRN,2022-07-15,171.72
Iraq,IRQ,2021-03-01,0
Iraq,IRQ,2021-03-29,0.06
Iraq,IRQ,2021-04-04,0.21
Iraq,IRQ,2021-04-05,0.24
Iraq,IRQ,2021-04-12,0.35
Iraq,IRQ,2021-04-16,0.45
Iraq,IRQ,2021-04-23,0.69
Iraq,IRQ,2021-05-11,1.04
Iraq,IRQ,2021-05-21,1.2
Iraq,IRQ,2021-05-25,1.26
Iraq,IRQ,2021-05-28,1.34
Iraq,IRQ,2021-06-08,1.41
Iraq,IRQ,2021-06-14,1.62
Iraq,IRQ,2021-06-20,1.85
Iraq,IRQ,2021-07-05,2.5
Iraq,IRQ,2021-07-11,3.06
Iraq,IRQ,2021-08-06,4.83
Iraq,IRQ,2021-08-25,7.16
Iraq,IRQ,2021-08-30,7.74
Iraq,IRQ,2021-09-01,8.05
Iraq,IRQ,2021-09-06,8.62
Iraq,IRQ,2021-09-08,13.18
Iraq,IRQ,2021-09-11,15.33
Iraq,IRQ,2021-09-23,17.11
Iraq,IRQ,2021-09-26,17.48
Iraq,IRQ,2021-10-09,18.81
Iraq,IRQ,2021-10-17,19.54
Iraq,IRQ,2021-10-24,20.61
Iraq,IRQ,2021-10-30,21.53
Iraq,IRQ,2021-11-03,22.13
Iraq,IRQ,2021-11-15,24.82
Iraq,IRQ,2021-11-21,26.14
Iraq,IRQ,2021-11-24,26.91
Iraq,IRQ,2021-11-28,27.68
Iraq,IRQ,2021-11-30,28.18
Iraq,IRQ,2021-12-04,28.83
Iraq,IRQ,2021-12-08,29.66
Iraq,IRQ,2021-12-12,30.26
Iraq,IRQ,2021-12-14,30.69
Iraq,IRQ,2021-12-19,31.44
Iraq,IRQ,2021-12-22,32
Iraq,IRQ,2021-12-27,32.48
Iraq,IRQ,2022-01-04,33.14
Iraq,IRQ,2022-01-08,33.48
Iraq,IRQ,2022-01-10,33.8
Iraq,IRQ,2022-01-12,34.1
Iraq,IRQ,2022-01-16,34.54
Iraq,IRQ,2022-01-18,34.82
Iraq,IRQ,2022-01-23,35.31
Iraq,IRQ,2022-01-26,35.68
Iraq,IRQ,2022-01-29,35.89
Iraq,IRQ,2022-02-01,36.22
Iraq,IRQ,2022-02-13,37.35
Iraq,IRQ,2022-02-19,37.92
Iraq,IRQ,2022-02-26,38.56
Iraq,IRQ,2022-03-05,39.08
Iraq,IRQ,2022-03-15,39.91
Iraq,IRQ,2022-03-23,40.28
Iraq,IRQ,2022-04-03,40.84
Iraq,IRQ,2022-04-13,41.13
Iraq,IRQ,2022-04-17,41.22
Iraq,IRQ,2022-04-25,41.45
Iraq,IRQ,2022-04-26,41.49
Iraq,IRQ,2022-05-04,41.62
Iraq,IRQ,2022-05-08,41.68
Iraq,IRQ,2022-05-13,41.79
Iraq,IRQ,2022-05-21,41.99
Iraq,IRQ,2022-05-28,42.16
Iraq,IRQ,2022-06-14,42.56
Iraq,IRQ,2022-06-20,42.7
Iraq,IRQ,2022-06-27,42.81
Iraq,IRQ,2022-07-10,43.15
Iraq,IRQ,2022-07-19,43.42
Ireland,IRL,2020-12-28,0
Ireland,IRL,2020-12-29,0.01
Ireland,IRL,2020-12-30,0.03
Ireland,IRL,2020-12-31,0.05
Ireland,IRL,2021-01-01,0.06
Ireland,IRL,2021-01-02,0.09
Ireland,IRL,2021-01-03,0.09
Ireland,IRL,2021-01-04,0.11
Ireland,IRL,2021-01-05,0.18
Ireland,IRL,2021-01-06,0.32
Ireland,IRL,2021-01-07,0.55
Ireland,IRL,2021-01-08,0.81
Ireland,IRL,2021-01-09,0.97
Ireland,IRL,2021-01-10,1.06
Ireland,IRL,2021-01-11,1.23
Ireland,IRL,2021-01-12,1.41
Ireland,IRL,2021-01-13,1.61
Ireland,IRL,2021-01-14,1.77
Ireland,IRL,2021-01-15,1.92
Ireland,IRL,2021-01-16,2.03
Ireland,IRL,2021-01-17,2.05
Ireland,IRL,2021-01-18,2.23
Ireland,IRL,2021-01-19,2.4
Ireland,IRL,2021-01-20,2.58
Ireland,IRL,2021-01-21,2.78
Ireland,IRL,2021-01-22,2.94
Ireland,IRL,2021-01-23,3.03
Ireland,IRL,2021-01-24,3.06
Ireland,IRL,2021-01-25,3.12
Ireland,IRL,2021-01-26,3.21
Ireland,IRL,2021-01-27,3.39
Ireland,IRL,2021-01-28,3.64
Ireland,IRL,2021-01-29,3.9
Ireland,IRL,2021-01-30,4.07
Ireland,IRL,2021-01-31,4.16
Ireland,IRL,2021-02-01,4.34
Ireland,IRL,2021-02-02,4.46
Ireland,IRL,2021-02-03,4.63
Ireland,IRL,2021-02-04,4.87
Ireland,IRL,2021-02-05,5.11
Ireland,IRL,2021-02-06,5.21
Ireland,IRL,2021-02-07,5.24
Ireland,IRL,2021-02-08,5.28
Ireland,IRL,2021-02-09,5.38
Ireland,IRL,2021-02-10,5.56
Ireland,IRL,2021-02-11,5.7
Ireland,IRL,2021-02-12,5.8
Ireland,IRL,2021-02-13,5.86
Ireland,IRL,2021-02-14,5.91
Ireland,IRL,2021-02-15,6.11
Ireland,IRL,2021-02-16,6.39
Ireland,IRL,2021-02-17,6.75
Ireland,IRL,2021-02-18,7.09
Ireland,IRL,2021-02-19,7.41
Ireland,IRL,2021-02-20,7.6
Ireland,IRL,2021-02-21,7.64
Ireland,IRL,2021-02-22,7.75
Ireland,IRL,2021-02-23,8.03
Ireland,IRL,2021-02-24,8.42
Ireland,IRL,2021-02-25,8.81
Ireland,IRL,2021-02-26,9.19
Ireland,IRL,2021-02-27,9.39
Ireland,IRL,2021-02-28,9.44
Ireland,IRL,2021-03-01,9.57
Ireland,IRL,2021-03-02,9.84
Ireland,IRL,2021-03-03,10.13
Ireland,IRL,2021-03-04,10.54
Ireland,IRL,2021-03-05,10.96
Ireland,IRL,2021-03-06,11.17
Ireland,IRL,2021-03-07,11.2
Ireland,IRL,2021-03-08,11.37
Ireland,IRL,2021-03-09,11.71
Ireland,IRL,2021-03-10,12.06
Ireland,IRL,2021-03-11,12.47
Ireland,IRL,2021-03-12,12.85
Ireland,IRL,2021-03-13,13.02
Ireland,IRL,2021-03-14,13.03
Ireland,IRL,2021-03-15,13.1
Ireland,IRL,2021-03-16,13.36
Ireland,IRL,2021-03-17,13.5
Ireland,IRL,2021-03-18,13.83
Ireland,IRL,2021-03-19,14.16
Ireland,IRL,2021-03-20,14.33
Ireland,IRL,2021-03-21,14.4
Ireland,IRL,2021-03-22,14.6
Ireland,IRL,2021-03-23,15
Ireland,IRL,2021-03-24,15.47
Ireland,IRL,2021-03-25,16.09
Ireland,IRL,2021-03-26,16.68
Ireland,IRL,2021-03-27,17.02
Ireland,IRL,2021-03-29,17.77
Ireland,IRL,2021-03-30,18.3
Ireland,IRL,2021-03-31,18.93
Ireland,IRL,2021-04-01,19.61
Ireland,IRL,2021-04-02,19.85
Ireland,IRL,2021-04-03,19.92
Ireland,IRL,2021-04-04,20
Ireland,IRL,2021-04-05,20.4
Ireland,IRL,2021-04-06,20.98
Ireland,IRL,2021-04-07,21.6
Ireland,IRL,2021-04-08,22.2
Ireland,IRL,2021-04-09,22.5
Ireland,IRL,2021-04-10,22.57
Ireland,IRL,2021-04-11,22.78
Ireland,IRL,2021-04-12,23.18
Ireland,IRL,2021-04-13,23.73
Ireland,IRL,2021-04-14,24.49
Ireland,IRL,2021-04-15,25.24
Ireland,IRL,2021-04-16,25.65
Ireland,IRL,2021-04-17,25.68
Ireland,IRL,2021-04-18,25.87
Ireland,IRL,2021-04-19,26.31
Ireland,IRL,2021-04-20,27.05
Ireland,IRL,2021-04-21,27.93
Ireland,IRL,2021-04-22,28.85
Ireland,IRL,2021-04-23,29.46
Ireland,IRL,2021-04-24,29.67
Ireland,IRL,2021-04-25,30.04
Ireland,IRL,2021-04-26,30.72
Ireland,IRL,2021-04-27,31.41
Ireland,IRL,2021-04-28,32.27
Ireland,IRL,2021-04-29,33.27
Ireland,IRL,2021-04-30,33.74
Ireland,IRL,2021-05-01,34.01
Ireland,IRL,2021-05-02,34.31
Ireland,IRL,2021-05-03,34.98
Ireland,IRL,2021-05-04,35.9
Ireland,IRL,2021-05-05,36.94
Ireland,IRL,2021-05-06,38.05
Ireland,IRL,2021-05-07,38.71
Ireland,IRL,2021-05-08,39.12
Ireland,IRL,2021-05-09,39.8
Ireland,IRL,2021-05-10,40.78
Ireland,IRL,2021-05-11,41.83
Ireland,IRL,2021-05-12,43.07
Ireland,IRL,2021-05-13,44.4
Ireland,IRL,2021-05-14,45.23
Ireland,IRL,2021-05-15,45.71
Ireland,IRL,2021-05-16,46.51
Ireland,IRL,2021-05-17,47.54
Ireland,IRL,2021-05-18,48.64
Ireland,IRL,2021-05-19,49.82
Ireland,IRL,2021-05-20,51.1
Ireland,IRL,2021-05-21,51.91
Ireland,IRL,2021-05-22,52.39
Ireland,IRL,2021-05-23,53.18
Ireland,IRL,2021-05-24,54.18
Ireland,IRL,2021-05-25,55.16
Ireland,IRL,2021-05-26,56.23
Ireland,IRL,2021-05-27,57.44
Ireland,IRL,2021-05-28,58.09
Ireland,IRL,2021-05-29,58.62
Ireland,IRL,2021-05-30,59.29
Ireland,IRL,2021-05-31,60.14
Ireland,IRL,2021-06-01,61.02
Ireland,IRL,2021-06-02,62.01
Ireland,IRL,2021-06-03,63.06
Ireland,IRL,2021-06-04,63.71
Ireland,IRL,2021-06-05,64.19
Ireland,IRL,2021-06-06,64.68
Ireland,IRL,2021-06-07,65.58
Ireland,IRL,2021-06-08,66.64
Ireland,IRL,2021-06-09,67.76
Ireland,IRL,2021-06-10,68.95
Ireland,IRL,2021-06-11,69.59
Ireland,IRL,2021-06-12,70.14
Ireland,IRL,2021-06-13,71.09
Ireland,IRL,2021-06-14,72.22
Ireland,IRL,2021-06-15,73.47
Ireland,IRL,2021-06-16,74.77
Ireland,IRL,2021-06-17,76.02
Ireland,IRL,2021-06-18,76.82
Ireland,IRL,2021-06-19,77.52
Ireland,IRL,2021-06-20,78.49
Ireland,IRL,2021-06-21,79.68
Ireland,IRL,2021-06-22,80.89
Ireland,IRL,2021-06-23,82.18
Ireland,IRL,2021-06-24,83.5
Ireland,IRL,2021-06-25,84.31
Ireland,IRL,2021-06-26,85.1
Ireland,IRL,2021-06-27,86.09
Ireland,IRL,2021-06-28,87.29
Ireland,IRL,2021-06-29,88.49
Ireland,IRL,2021-06-30,89.78
Ireland,IRL,2021-07-01,91.02
Ireland,IRL,2021-07-02,91.82
Ireland,IRL,2021-07-03,92.51
Ireland,IRL,2021-07-04,93.61
Ireland,IRL,2021-07-05,94.93
Ireland,IRL,2021-07-06,96.31
Ireland,IRL,2021-07-07,97.7
Ireland,IRL,2021-07-08,99
Ireland,IRL,2021-07-09,99.74
Ireland,IRL,2021-07-10,100.42
Ireland,IRL,2021-07-11,101.52
Ireland,IRL,2021-07-12,102.82
Ireland,IRL,2021-07-13,104.14
Ireland,IRL,2021-07-14,105.39
Ireland,IRL,2021-07-15,106.6
Ireland,IRL,2021-07-16,107.31
Ireland,IRL,2021-07-17,108
Ireland,IRL,2021-07-18,109
Ireland,IRL,2021-07-19,110.13
Ireland,IRL,2021-07-20,111.27
Ireland,IRL,2021-07-21,112.41
Ireland,IRL,2021-07-22,113.48
Ireland,IRL,2021-07-23,114.13
Ireland,IRL,2021-07-24,114.72
Ireland,IRL,2021-07-25,115.63
Ireland,IRL,2021-07-26,116.7
Ireland,IRL,2021-07-27,117.74
Ireland,IRL,2021-07-28,118.75
Ireland,IRL,2021-07-29,119.69
Ireland,IRL,2021-07-30,120.23
Ireland,IRL,2021-07-31,120.65
Ireland,IRL,2021-08-01,121.28
Ireland,IRL,2021-08-02,122.16
Ireland,IRL,2021-08-03,122.98
Ireland,IRL,2021-08-04,123.89
Ireland,IRL,2021-08-05,124.65
Ireland,IRL,2021-08-06,124.95
Ireland,IRL,2021-08-07,125.37
Ireland,IRL,2021-08-08,125.96
Ireland,IRL,2021-08-09,126.68
Ireland,IRL,2021-08-10,127.46
Ireland,IRL,2021-08-11,128.38
Ireland,IRL,2021-08-12,129.18
Ireland,IRL,2021-08-13,129.67
Ireland,IRL,2021-08-14,130.09
Ireland,IRL,2021-08-15,130.76
Ireland,IRL,2021-08-16,131.57
Ireland,IRL,2021-08-17,132.41
Ireland,IRL,2021-08-18,133.16
Ireland,IRL,2021-08-19,133.92
Ireland,IRL,2021-08-20,134.32
Ireland,IRL,2021-08-21,134.73
Ireland,IRL,2021-08-22,135.26
Ireland,IRL,2021-08-23,135.92
Ireland,IRL,2021-08-24,136.51
Ireland,IRL,2021-08-25,137.08
Ireland,IRL,2021-08-26,137.67
Ireland,IRL,2021-08-27,138.03
Ireland,IRL,2021-08-28,138.39
Ireland,IRL,2021-08-29,138.72
Ireland,IRL,2021-08-30,139.06
Ireland,IRL,2021-08-31,139.42
Ireland,IRL,2021-09-01,139.77
Ireland,IRL,2021-09-02,140.19
Ireland,IRL,2021-09-03,140.5
Ireland,IRL,2021-09-04,140.84
Ireland,IRL,2021-09-05,141.08
Ireland,IRL,2021-09-06,141.35
Ireland,IRL,2021-09-07,141.7
Ireland,IRL,2021-09-08,142.06
Ireland,IRL,2021-09-09,142.41
Ireland,IRL,2021-09-10,142.69
Ireland,IRL,2021-09-11,142.99
Ireland,IRL,2021-09-12,143.18
Ireland,IRL,2021-09-13,143.43
Ireland,IRL,2021-09-14,143.75
Ireland,IRL,2021-09-15,144
Ireland,IRL,2021-09-16,144.34
Ireland,IRL,2021-09-17,144.62
Ireland,IRL,2021-09-18,144.82
Ireland,IRL,2021-09-19,144.96
Ireland,IRL,2021-09-20,145.12
Ireland,IRL,2021-09-21,145.33
Ireland,IRL,2021-09-22,145.54
Ireland,IRL,2021-09-23,145.72
Ireland,IRL,2021-09-24,145.91
Ireland,IRL,2021-09-25,146.08
Ireland,IRL,2021-09-26,146.19
Ireland,IRL,2021-09-27,146.33
Ireland,IRL,2021-09-28,146.45
Ireland,IRL,2021-09-29,146.59
Ireland,IRL,2021-09-30,146.79
Ireland,IRL,2021-10-01,146.93
Ireland,IRL,2021-10-02,147.04
Ireland,IRL,2021-10-03,147.17
Ireland,IRL,2021-10-04,147.43
Ireland,IRL,2021-10-05,147.75
Ireland,IRL,2021-10-06,148.07
Ireland,IRL,2021-10-07,148.39
Ireland,IRL,2021-10-08,148.59
Ireland,IRL,2021-10-09,148.72
Ireland,IRL,2021-10-10,148.89
Ireland,IRL,2021-10-11,149.14
Ireland,IRL,2021-10-12,149.45
Ireland,IRL,2021-10-13,149.78
Ireland,IRL,2021-10-14,150.06
Ireland,IRL,2021-10-15,150.3
Ireland,IRL,2021-10-16,150.43
Ireland,IRL,2021-10-17,150.57
Ireland,IRL,2021-10-18,150.83
Ireland,IRL,2021-10-19,151.13
Ireland,IRL,2021-10-20,151.43
Ireland,IRL,2021-10-21,151.66
Ireland,IRL,2021-10-22,151.76
Ireland,IRL,2021-10-23,151.87
Ireland,IRL,2021-10-24,151.92
Ireland,IRL,2021-10-25,152.06
Ireland,IRL,2021-10-26,152.27
Ireland,IRL,2021-10-27,152.5
Ireland,IRL,2021-10-28,152.71
Ireland,IRL,2021-10-29,152.82
Ireland,IRL,2021-10-30,152.9
Ireland,IRL,2021-11-01,152.97
Ireland,IRL,2021-11-02,153.18
Ireland,IRL,2021-11-03,153.44
Ireland,IRL,2021-11-04,153.74
Ireland,IRL,2021-11-05,154.09
Ireland,IRL,2021-11-06,154.38
Ireland,IRL,2021-11-07,154.64
Ireland,IRL,2021-11-08,154.95
Ireland,IRL,2021-11-09,155.47
Ireland,IRL,2021-11-10,156.07
Ireland,IRL,2021-11-11,156.73
Ireland,IRL,2021-11-12,157.3
Ireland,IRL,2021-11-13,157.76
Ireland,IRL,2021-11-14,158.01
Ireland,IRL,2021-11-15,158.35
Ireland,IRL,2021-11-16,158.96
Ireland,IRL,2021-11-17,159.69
Ireland,IRL,2021-11-18,160.54
Ireland,IRL,2021-11-19,161.23
Ireland,IRL,2021-11-20,161.75
Ireland,IRL,2021-11-21,162.1
Ireland,IRL,2021-11-22,162.46
Ireland,IRL,2021-11-23,163.2
Ireland,IRL,2021-11-24,164.01
Ireland,IRL,2021-11-25,164.87
Ireland,IRL,2021-11-26,165.64
Ireland,IRL,2021-11-27,166.19
Ireland,IRL,2021-11-28,166.6
Ireland,IRL,2021-11-29,167.06
Ireland,IRL,2021-11-30,167.91
Ireland,IRL,2021-12-01,168.75
Ireland,IRL,2021-12-02,169.61
Ireland,IRL,2021-12-03,170.38
Ireland,IRL,2021-12-04,170.91
Ireland,IRL,2021-12-05,171.28
Ireland,IRL,2021-12-06,171.77
Ireland,IRL,2021-12-07,172.38
Ireland,IRL,2021-12-08,173.17
Ireland,IRL,2021-12-09,174.14
Ireland,IRL,2021-12-10,175.01
Ireland,IRL,2021-12-11,175.62
Ireland,IRL,2021-12-12,176.19
Ireland,IRL,2021-12-13,176.87
Ireland,IRL,2021-12-14,177.98
Ireland,IRL,2021-12-15,179.17
Ireland,IRL,2021-12-16,180.56
Ireland,IRL,2021-12-17,181.95
Ireland,IRL,2021-12-18,182.93
Ireland,IRL,2021-12-19,184.06
Ireland,IRL,2021-12-20,185.95
Ireland,IRL,2021-12-21,188.62
Ireland,IRL,2021-12-22,191.33
Ireland,IRL,2021-12-23,193.43
Ireland,IRL,2021-12-24,193.66
Ireland,IRL,2021-12-25,193.66
Ireland,IRL,2021-12-26,193.66
Ireland,IRL,2021-12-27,193.94
Ireland,IRL,2021-12-28,194.43
Ireland,IRL,2021-12-29,195.55
Ireland,IRL,2021-12-30,196.82
Ireland,IRL,2021-12-31,197.25
Ireland,IRL,2022-01-01,197.43
Ireland,IRL,2022-01-02,197.73
Ireland,IRL,2022-01-03,198.16
Ireland,IRL,2022-01-04,198.84
Ireland,IRL,2022-01-05,199.72
Ireland,IRL,2022-01-06,200.63
Ireland,IRL,2022-01-07,201.38
Ireland,IRL,2022-01-08,201.89
Ireland,IRL,2022-01-09,202.25
Ireland,IRL,2022-01-10,202.69
Ireland,IRL,2022-01-11,203.29
Ireland,IRL,2022-01-12,203.97
Ireland,IRL,2022-01-13,204.65
Ireland,IRL,2022-01-14,205.33
Ireland,IRL,2022-01-15,205.76
Ireland,IRL,2022-01-16,206.06
Ireland,IRL,2022-01-17,206.36
Ireland,IRL,2022-01-18,206.7
Ireland,IRL,2022-01-19,207.02
Ireland,IRL,2022-01-20,207.33
Ireland,IRL,2022-01-21,207.6
Ireland,IRL,2022-01-22,207.82
Ireland,IRL,2022-01-23,207.97
Ireland,IRL,2022-01-24,208.09
Ireland,IRL,2022-01-25,208.27
Ireland,IRL,2022-01-26,208.44
Ireland,IRL,2022-01-27,208.61
Ireland,IRL,2022-01-28,208.83
Ireland,IRL,2022-01-29,209.03
Ireland,IRL,2022-01-30,209.25
Ireland,IRL,2022-01-31,209.34
Ireland,IRL,2022-02-01,209.51
Ireland,IRL,2022-02-02,209.7
Ireland,IRL,2022-02-03,209.88
Ireland,IRL,2022-02-04,210.15
Ireland,IRL,2022-02-05,210.37
Ireland,IRL,2022-02-06,210.6
Ireland,IRL,2022-02-07,210.68
Ireland,IRL,2022-02-08,210.79
Ireland,IRL,2022-02-09,210.95
Ireland,IRL,2022-02-10,211.12
Ireland,IRL,2022-02-11,211.32
Ireland,IRL,2022-02-12,211.57
Ireland,IRL,2022-02-13,211.77
Ireland,IRL,2022-02-14,211.84
Ireland,IRL,2022-02-15,211.94
Ireland,IRL,2022-02-16,212.07
Ireland,IRL,2022-02-17,212.2
Ireland,IRL,2022-02-18,212.34
Ireland,IRL,2022-02-19,212.52
Ireland,IRL,2022-02-20,212.67
Ireland,IRL,2022-02-21,212.72
Ireland,IRL,2022-02-22,212.81
Ireland,IRL,2022-02-23,212.92
Ireland,IRL,2022-02-24,213.02
Ireland,IRL,2022-02-25,213.14
Ireland,IRL,2022-02-26,213.27
Ireland,IRL,2022-02-27,213.39
Ireland,IRL,2022-02-28,213.43
Ireland,IRL,2022-03-01,213.49
Ireland,IRL,2022-03-02,213.58
Ireland,IRL,2022-03-03,213.69
Ireland,IRL,2022-03-04,213.8
Ireland,IRL,2022-03-05,213.96
Ireland,IRL,2022-03-06,214.1
Ireland,IRL,2022-03-07,214.13
Ireland,IRL,2022-03-08,214.19
Ireland,IRL,2022-03-09,214.26
Ireland,IRL,2022-03-10,214.36
Ireland,IRL,2022-03-11,214.49
Ireland,IRL,2022-03-12,214.61
Ireland,IRL,2022-03-13,214.73
Ireland,IRL,2022-03-14,214.77
Ireland,IRL,2022-03-15,214.85
Ireland,IRL,2022-03-16,214.95
Ireland,IRL,2022-03-18,214.96
Ireland,IRL,2022-03-19,215.07
Ireland,IRL,2022-03-20,215.2
Ireland,IRL,2022-03-21,215.23
Ireland,IRL,2022-03-22,215.3
Ireland,IRL,2022-03-23,215.38
Ireland,IRL,2022-03-24,215.49
Ireland,IRL,2022-03-25,215.62
Ireland,IRL,2022-03-26,215.74
Ireland,IRL,2022-03-28,215.95
Ireland,IRL,2022-03-29,216.04
Ireland,IRL,2022-03-30,216.14
Ireland,IRL,2022-03-31,216.23
Ireland,IRL,2022-04-01,216.34
Ireland,IRL,2022-04-02,216.47
Ireland,IRL,2022-04-03,216.5
Ireland,IRL,2022-04-04,216.56
Ireland,IRL,2022-04-05,216.63
Ireland,IRL,2022-04-06,216.73
Ireland,IRL,2022-04-07,216.82
Ireland,IRL,2022-04-08,216.93
Ireland,IRL,2022-04-09,217.04
Ireland,IRL,2022-04-10,217.07
Ireland,IRL,2022-04-11,217.14
Ireland,IRL,2022-04-12,217.21
Ireland,IRL,2022-04-13,217.29
Ireland,IRL,2022-04-14,217.4
Ireland,IRL,2022-04-15,217.41
Ireland,IRL,2022-04-17,217.41
Ireland,IRL,2022-04-18,217.46
Ireland,IRL,2022-04-19,217.52
Ireland,IRL,2022-04-20,217.59
Ireland,IRL,2022-04-21,217.66
Ireland,IRL,2022-04-22,217.71
Ireland,IRL,2022-04-23,217.75
Ireland,IRL,2022-04-24,217.77
Ireland,IRL,2022-04-25,217.83
Ireland,IRL,2022-04-26,217.87
Ireland,IRL,2022-04-27,217.91
Ireland,IRL,2022-04-28,217.97
Ireland,IRL,2022-04-29,218.02
Ireland,IRL,2022-04-30,218.06
Ireland,IRL,2022-05-01,218.06
Ireland,IRL,2022-05-02,218.1
Ireland,IRL,2022-05-03,218.16
Ireland,IRL,2022-05-04,218.21
Ireland,IRL,2022-05-05,218.25
Ireland,IRL,2022-05-06,218.33
Ireland,IRL,2022-05-07,218.37
Ireland,IRL,2022-05-08,218.39
Ireland,IRL,2022-05-09,218.44
Ireland,IRL,2022-05-10,218.5
Ireland,IRL,2022-05-11,218.56
Ireland,IRL,2022-05-12,218.62
Ireland,IRL,2022-05-13,218.67
Ireland,IRL,2022-05-14,218.71
Ireland,IRL,2022-05-15,218.73
Ireland,IRL,2022-05-16,218.77
Ireland,IRL,2022-05-17,218.83
Ireland,IRL,2022-05-18,218.88
Ireland,IRL,2022-05-19,218.93
Ireland,IRL,2022-05-20,218.99
Ireland,IRL,2022-05-21,219.04
Ireland,IRL,2022-05-22,219.06
Ireland,IRL,2022-05-23,219.1
Ireland,IRL,2022-05-24,219.15
Ireland,IRL,2022-05-25,219.2
Ireland,IRL,2022-05-26,219.25
Ireland,IRL,2022-05-27,219.29
Ireland,IRL,2022-05-28,219.34
Ireland,IRL,2022-05-29,219.35
Ireland,IRL,2022-05-30,219.39
Ireland,IRL,2022-05-31,219.43
Ireland,IRL,2022-06-01,219.46
Ireland,IRL,2022-06-02,219.5
Ireland,IRL,2022-06-03,219.55
Ireland,IRL,2022-06-04,219.57
Ireland,IRL,2022-06-05,219.58
Ireland,IRL,2022-06-06,219.59
Ireland,IRL,2022-06-07,219.62
Ireland,IRL,2022-06-08,219.64
Ireland,IRL,2022-06-09,219.68
Ireland,IRL,2022-06-10,219.72
Ireland,IRL,2022-06-11,219.74
Ireland,IRL,2022-06-12,219.76
Ireland,IRL,2022-06-13,219.78
Ireland,IRL,2022-06-14,219.81
Ireland,IRL,2022-06-15,219.84
Ireland,IRL,2022-06-16,219.87
Ireland,IRL,2022-06-17,219.9
Ireland,IRL,2022-06-18,219.93
Ireland,IRL,2022-06-19,219.94
Ireland,IRL,2022-06-20,219.97
Ireland,IRL,2022-06-21,220.01
Ireland,IRL,2022-06-22,220.03
Ireland,IRL,2022-06-23,220.07
Ireland,IRL,2022-06-24,220.1
Ireland,IRL,2022-06-25,220.14
Ireland,IRL,2022-06-26,220.15
Ireland,IRL,2022-06-27,220.17
Ireland,IRL,2022-06-28,220.21
Ireland,IRL,2022-06-29,220.24
Ireland,IRL,2022-06-30,220.26
Ireland,IRL,2022-07-01,220.29
Ireland,IRL,2022-07-02,220.32
Ireland,IRL,2022-07-03,220.33
Ireland,IRL,2022-07-04,220.36
Ireland,IRL,2022-07-05,220.39
Ireland,IRL,2022-07-06,220.42
Ireland,IRL,2022-07-07,220.45
Ireland,IRL,2022-07-08,220.47
Ireland,IRL,2022-07-09,220.49
Ireland,IRL,2022-07-10,220.5
Ireland,IRL,2022-07-11,220.53
Ireland,IRL,2022-07-12,220.55
Ireland,IRL,2022-07-13,220.57
Ireland,IRL,2022-07-14,220.6
Ireland,IRL,2022-07-15,220.62
Ireland,IRL,2022-07-16,220.64
Ireland,IRL,2022-07-17,220.64
Ireland,IRL,2022-07-18,220.66
Ireland,IRL,2022-07-19,220.68
Ireland,IRL,2022-07-20,220.69
Ireland,IRL,2022-07-21,220.71
Ireland,IRL,2022-07-22,220.73
Ireland,IRL,2022-07-23,220.75
Ireland,IRL,2022-07-24,220.75
Ireland,IRL,2022-07-25,220.76
Ireland,IRL,2022-07-26,220.78
Ireland,IRL,2022-07-27,220.79
Ireland,IRL,2022-07-28,220.8
Ireland,IRL,2022-07-29,220.81
Ireland,IRL,2022-07-30,220.81
Ireland,IRL,2022-07-31,220.82
Ireland,IRL,2022-08-01,220.82
Isle of Man,IMN,2021-01-21,4.22
Isle of Man,IMN,2021-01-22,4.33
Isle of Man,IMN,2021-01-25,5
Isle of Man,IMN,2021-01-26,5.8
Isle of Man,IMN,2021-01-29,8.14
Isle of Man,IMN,2021-02-02,9.85
Isle of Man,IMN,2021-02-03,11.35
Isle of Man,IMN,2021-02-04,12.12
Isle of Man,IMN,2021-02-05,12.13
Isle of Man,IMN,2021-02-06,12.88
Isle of Man,IMN,2021-02-07,13.35
Isle of Man,IMN,2021-02-08,13.83
Isle of Man,IMN,2021-02-09,14.27
Isle of Man,IMN,2021-02-10,14.76
Isle of Man,IMN,2021-02-13,16.02
Isle of Man,IMN,2021-02-14,16.3
Isle of Man,IMN,2021-02-16,16.94
Isle of Man,IMN,2021-02-17,17.57
Isle of Man,IMN,2021-02-18,18.15
Isle of Man,IMN,2021-02-19,20.35
Isle of Man,IMN,2021-02-20,20.39
Isle of Man,IMN,2021-02-22,21.13
Isle of Man,IMN,2021-02-23,21.41
Isle of Man,IMN,2021-02-24,21.75
Isle of Man,IMN,2021-02-25,22.31
Isle of Man,IMN,2021-02-26,23.6
Isle of Man,IMN,2021-02-27,24.72
Isle of Man,IMN,2021-02-28,25.46
Isle of Man,IMN,2021-03-01,26.11
Isle of Man,IMN,2021-03-02,27.04
Isle of Man,IMN,2021-03-03,27.8
Isle of Man,IMN,2021-03-04,27.82
Isle of Man,IMN,2021-03-05,28.34
Isle of Man,IMN,2021-03-06,28.85
Isle of Man,IMN,2021-03-07,29.43
Isle of Man,IMN,2021-03-08,29.77
Isle of Man,IMN,2021-03-09,31.06
Isle of Man,IMN,2021-03-10,32.43
Isle of Man,IMN,2021-03-11,33.74
Isle of Man,IMN,2021-03-12,35.36
Isle of Man,IMN,2021-03-13,36.82
Isle of Man,IMN,2021-03-14,38.01
Isle of Man,IMN,2021-03-15,38.86
Isle of Man,IMN,2021-03-16,39.56
Isle of Man,IMN,2021-03-18,39.56
Isle of Man,IMN,2021-03-27,56.13
Isle of Man,IMN,2021-03-30,59.09
Isle of Man,IMN,2021-03-31,59.84
Isle of Man,IMN,2021-04-01,61.24
Isle of Man,IMN,2021-04-02,62.7
Isle of Man,IMN,2021-04-03,64.17
Isle of Man,IMN,2021-04-04,64.65
Isle of Man,IMN,2021-04-05,65.18
Isle of Man,IMN,2021-04-06,66.51
Isle of Man,IMN,2021-04-07,67.92
Isle of Man,IMN,2021-04-08,69.42
Isle of Man,IMN,2021-04-09,70.92
Isle of Man,IMN,2021-04-10,72.26
Isle of Man,IMN,2021-04-11,72.74
Isle of Man,IMN,2021-04-12,73.22
Isle of Man,IMN,2021-04-13,74.65
Isle of Man,IMN,2021-04-14,75.35
Isle of Man,IMN,2021-04-15,75.57
Isle of Man,IMN,2021-04-16,76.07
Isle of Man,IMN,2021-04-17,76.52
Isle of Man,IMN,2021-04-18,77.24
Isle of Man,IMN,2021-04-19,77.94
Isle of Man,IMN,2021-04-20,78.82
Isle of Man,IMN,2021-04-21,79.61
Isle of Man,IMN,2021-04-22,80.6
Isle of Man,IMN,2021-04-23,81.22
Isle of Man,IMN,2021-04-25,82.67
Isle of Man,IMN,2021-04-26,83.37
Isle of Man,IMN,2021-04-27,84.03
Isle of Man,IMN,2021-04-28,85.09
Isle of Man,IMN,2021-04-29,86.18
Isle of Man,IMN,2021-05-01,86.19
Isle of Man,IMN,2021-05-03,86.25
Isle of Man,IMN,2021-05-04,87.19
Isle of Man,IMN,2021-05-06,89.02
Isle of Man,IMN,2021-05-08,89.05
Isle of Man,IMN,2021-05-09,89.94
Isle of Man,IMN,2021-05-11,90.67
Isle of Man,IMN,2021-05-12,91.35
Isle of Man,IMN,2021-05-18,93.06
Isle of Man,IMN,2021-05-19,94.11
Isle of Man,IMN,2021-05-20,95.36
Isle of Man,IMN,2021-05-21,96.63
Isle of Man,IMN,2021-05-22,97.14
Isle of Man,IMN,2021-05-23,98.69
Isle of Man,IMN,2021-05-24,99.49
Isle of Man,IMN,2021-05-25,102.03
Isle of Man,IMN,2021-05-26,102.9
Isle of Man,IMN,2021-05-27,103.81
Isle of Man,IMN,2021-05-28,105.71
Isle of Man,IMN,2021-05-29,106.22
Isle of Man,IMN,2021-06-03,106.48
Isle of Man,IMN,2021-06-09,106.55
Isle of Man,IMN,2021-06-14,107.61
Isle of Man,IMN,2021-06-15,107.98
Isle of Man,IMN,2021-06-16,109.06
Isle of Man,IMN,2021-06-17,110.41
Isle of Man,IMN,2021-06-19,112.3
Isle of Man,IMN,2021-06-20,113.65
Isle of Man,IMN,2021-06-22,115.57
Isle of Man,IMN,2021-06-23,116.95
Isle of Man,IMN,2021-06-24,118.49
Isle of Man,IMN,2021-06-25,119.83
Isle of Man,IMN,2021-06-28,123.72
Isle of Man,IMN,2021-06-29,124.61
Isle of Man,IMN,2021-07-01,127.38
Isle of Man,IMN,2021-07-02,128.93
Isle of Man,IMN,2021-07-03,129.39
Isle of Man,IMN,2021-07-04,129.78
Isle of Man,IMN,2021-07-05,131.21
Isle of Man,IMN,2021-07-06,132.11
Isle of Man,IMN,2021-07-07,133.02
Isle of Man,IMN,2021-07-08,133.71
Isle of Man,IMN,2021-07-09,134.11
Isle of Man,IMN,2021-07-10,134.81
Isle of Man,IMN,2021-07-11,135.52
Isle of Man,IMN,2021-07-12,136.4
Isle of Man,IMN,2021-07-13,137.15
Isle of Man,IMN,2021-07-14,138.37
Isle of Man,IMN,2021-07-15,139.65
Isle of Man,IMN,2021-07-18,140.62
Isle of Man,IMN,2021-07-19,142.44
Isle of Man,IMN,2021-07-20,142.46
Isle of Man,IMN,2021-07-21,143.63
Isle of Man,IMN,2021-07-25,143.65
Isle of Man,IMN,2021-07-26,144.57
Isle of Man,IMN,2021-07-27,145.44
Isle of Man,IMN,2021-07-28,146.27
Isle of Man,IMN,2021-07-30,146.47
Isle of Man,IMN,2021-07-31,147.1
Isle of Man,IMN,2021-08-02,147.6
Isle of Man,IMN,2021-08-03,148.12
Isle of Man,IMN,2021-08-11,149.05
Isle of Man,IMN,2021-08-16,149.06
Isle of Man,IMN,2021-08-17,149.1
Isle of Man,IMN,2021-08-20,149.12
Isle of Man,IMN,2021-08-21,149.52
Isle of Man,IMN,2021-08-23,149.53
Isle of Man,IMN,2021-08-24,150.46
Isle of Man,IMN,2021-08-29,150.64
Isle of Man,IMN,2021-08-31,151.42
Isle of Man,IMN,2021-09-01,151.61
Isle of Man,IMN,2021-09-05,151.75
Isle of Man,IMN,2021-09-06,152.27
Isle of Man,IMN,2021-09-08,152.36
Isle of Man,IMN,2021-09-09,152.52
Isle of Man,IMN,2021-09-10,152.62
Isle of Man,IMN,2021-09-13,152.74
Isle of Man,IMN,2021-09-16,152.99
Isle of Man,IMN,2021-09-21,153.44
Isle of Man,IMN,2021-09-24,153.45
Isle of Man,IMN,2021-09-28,153.47
Isle of Man,IMN,2021-10-01,153.56
Isle of Man,IMN,2021-10-02,153.57
Isle of Man,IMN,2021-10-03,153.57
Isle of Man,IMN,2021-10-04,153.66
Isle of Man,IMN,2021-10-05,153.66
Isle of Man,IMN,2021-10-06,153.66
Isle of Man,IMN,2021-10-09,153.67
Isle of Man,IMN,2021-10-10,153.68
Isle of Man,IMN,2021-10-12,153.68
Isle of Man,IMN,2021-10-13,153.7
Isle of Man,IMN,2021-10-14,153.72
Isle of Man,IMN,2021-10-19,156.1
Isle of Man,IMN,2021-10-21,156.21
Isle of Man,IMN,2021-10-25,156.38
Isle of Man,IMN,2021-10-29,156.98
Isle of Man,IMN,2021-10-30,157.02
Isle of Man,IMN,2021-11-01,157.15
Isle of Man,IMN,2021-11-02,157.16
Isle of Man,IMN,2021-11-05,157.27
Isle of Man,IMN,2021-11-06,157.67
Isle of Man,IMN,2021-11-08,157.67
Isle of Man,IMN,2021-11-12,157.67
Isle of Man,IMN,2021-11-13,157.67
Isle of Man,IMN,2021-11-16,157.68
Isle of Man,IMN,2021-11-18,157.75
Isle of Man,IMN,2021-11-23,157.81
Isle of Man,IMN,2021-11-24,157.81
Isle of Man,IMN,2021-11-25,157.92
Isle of Man,IMN,2021-11-26,157.95
Isle of Man,IMN,2021-11-29,157.98
Isle of Man,IMN,2021-11-30,157.99
Isle of Man,IMN,2021-12-01,158.02
Isle of Man,IMN,2021-12-02,158.04
Isle of Man,IMN,2021-12-03,158.07
Isle of Man,IMN,2021-12-04,158.07
Isle of Man,IMN,2021-12-06,158.12
Isle of Man,IMN,2021-12-07,158.15
Isle of Man,IMN,2021-12-08,158.17
Isle of Man,IMN,2021-12-10,158.18
Isle of Man,IMN,2021-12-13,158.52
Isle of Man,IMN,2021-12-14,158.52
Isle of Man,IMN,2021-12-16,158.52
Isle of Man,IMN,2021-12-17,158.58
Isle of Man,IMN,2021-12-20,158.6
Isle of Man,IMN,2021-12-22,207.55
Isle of Man,IMN,2021-12-23,207.55
Isle of Man,IMN,2021-12-24,207.99
Isle of Man,IMN,2021-12-27,208.76
Isle of Man,IMN,2021-12-28,210.34
Isle of Man,IMN,2021-12-30,210.81
Isle of Man,IMN,2021-12-31,211.03
Isle of Man,IMN,2022-01-04,212.37
Isle of Man,IMN,2022-01-05,213.4
Isle of Man,IMN,2022-01-06,214.97
Isle of Man,IMN,2022-01-07,215.37
Isle of Man,IMN,2022-01-09,216.18
Isle of Man,IMN,2022-01-11,216.87
Isle of Man,IMN,2022-01-12,217.03
Isle of Man,IMN,2022-01-13,217.25
Isle of Man,IMN,2022-01-18,217.95
Isle of Man,IMN,2022-01-19,218.08
Isle of Man,IMN,2022-01-20,218.26
Isle of Man,IMN,2022-01-23,218.69
Isle of Man,IMN,2022-01-25,219.19
Isle of Man,IMN,2022-01-27,219.29
Isle of Man,IMN,2022-01-28,219.38
Isle of Man,IMN,2022-02-01,219.95
Isle of Man,IMN,2022-02-02,220.18
Isle of Man,IMN,2022-02-03,220.33
Isle of Man,IMN,2022-02-04,220.41
Isle of Man,IMN,2022-02-05,220.54
Isle of Man,IMN,2022-02-08,220.59
Isle of Man,IMN,2022-02-09,220.86
Isle of Man,IMN,2022-02-10,220.99
Isle of Man,IMN,2022-02-14,221.04
Isle of Man,IMN,2022-02-15,221.14
Isle of Man,IMN,2022-02-16,221.22
Isle of Man,IMN,2022-02-17,221.31
Isle of Man,IMN,2022-02-18,221.53
Isle of Man,IMN,2022-02-21,221.66
Isle of Man,IMN,2022-02-22,221.79
Isle of Man,IMN,2022-02-23,221.84
Isle of Man,IMN,2022-02-24,222.14
Isle of Man,IMN,2022-02-26,222.36
Isle of Man,IMN,2022-02-28,222.37
Isle of Man,IMN,2022-03-01,222.54
Isle of Man,IMN,2022-03-02,222.75
Isle of Man,IMN,2022-03-05,222.83
Isle of Man,IMN,2022-03-06,222.92
Isle of Man,IMN,2022-03-07,222.93
Isle of Man,IMN,2022-03-08,223.09
Isle of Man,IMN,2022-03-09,223.29
Isle of Man,IMN,2022-03-12,223.51
Isle of Man,IMN,2022-03-15,223.69
Isle of Man,IMN,2022-03-16,223.89
Isle of Man,IMN,2022-03-17,223.95
Isle of Man,IMN,2022-03-18,224.01
Isle of Man,IMN,2022-03-21,224.23
Isle of Man,IMN,2022-03-22,224.32
Isle of Man,IMN,2022-03-23,224.55
Isle of Man,IMN,2022-03-24,224.63
Isle of Man,IMN,2022-03-25,224.8
Isle of Man,IMN,2022-03-30,224.91
Isle of Man,IMN,2022-03-31,224.92
Isle of Man,IMN,2022-04-03,224.96
Isle of Man,IMN,2022-04-04,225.05
Isle of Man,IMN,2022-04-05,225.11
Isle of Man,IMN,2022-06-22,225.48
Isle of Man,IMN,2022-06-23,225.48
Israel,ISR,2020-12-19,0
Israel,ISR,2020-12-20,0.08
Israel,ISR,2020-12-21,0.35
Israel,ISR,2020-12-22,0.83
Israel,ISR,2020-12-23,1.51
Israel,ISR,2020-12-24,2.3
Israel,ISR,2020-12-25,2.71
Israel,ISR,2020-12-26,3.06
Israel,ISR,2020-12-27,4.19
Israel,ISR,2020-12-28,5.64
Israel,ISR,2020-12-29,7.32
Israel,ISR,2020-12-30,8.97
Israel,ISR,2020-12-31,10.68
Israel,ISR,2021-01-01,11.45
Israel,ISR,2021-01-02,12.22
Israel,ISR,2021-01-03,13.83
Israel,ISR,2021-01-04,15.47
Israel,ISR,2021-01-05,16.82
Israel,ISR,2021-01-06,17.93
Israel,ISR,2021-01-07,19.18
Israel,ISR,2021-01-08,19.89
Israel,ISR,2021-01-09,20.37
Israel,ISR,2021-01-10,20.84
Israel,ISR,2021-01-11,21.28
Israel,ISR,2021-01-12,21.92
Israel,ISR,2021-01-13,23.09
Israel,ISR,2021-01-14,24.44
Israel,ISR,2021-01-15,25.16
Israel,ISR,2021-01-16,25.76
Israel,ISR,2021-01-17,27.4
Israel,ISR,2021-01-18,29.45
Israel,ISR,2021-01-19,31.72
Israel,ISR,2021-01-20,34.09
Israel,ISR,2021-01-21,36.62
Israel,ISR,2021-01-22,37.79
Israel,ISR,2021-01-23,38.8
Israel,ISR,2021-01-24,41.05
Israel,ISR,2021-01-25,43.43
Israel,ISR,2021-01-26,45.64
Israel,ISR,2021-01-27,47.82
Israel,ISR,2021-01-28,50.08
Israel,ISR,2021-01-29,51.17
Israel,ISR,2021-01-30,52
Israel,ISR,2021-01-31,53.43
Israel,ISR,2021-02-01,54.7
Israel,ISR,2021-02-02,55.79
Israel,ISR,2021-02-03,56.99
Israel,ISR,2021-02-04,58.4
Israel,ISR,2021-02-05,59.08
Israel,ISR,2021-02-06,59.55
Israel,ISR,2021-02-07,60.87
Israel,ISR,2021-02-08,62.2
Israel,ISR,2021-02-09,63.65
Israel,ISR,2021-02-10,65.18
Israel,ISR,2021-02-11,66.83
Israel,ISR,2021-02-12,67.66
Israel,ISR,2021-02-13,68.28
Israel,ISR,2021-02-14,69.83
Israel,ISR,2021-02-15,71.52
Israel,ISR,2021-02-16,73.26
Israel,ISR,2021-02-17,74.75
Israel,ISR,2021-02-18,76.35
Israel,ISR,2021-02-19,77.18
Israel,ISR,2021-02-20,77.83
Israel,ISR,2021-02-21,79.53
Israel,ISR,2021-02-22,81.32
Israel,ISR,2021-02-23,82.91
Israel,ISR,2021-02-24,84.24
Israel,ISR,2021-02-25,85.5
Israel,ISR,2021-02-26,86.12
Israel,ISR,2021-02-27,86.55
Israel,ISR,2021-02-28,87.58
Israel,ISR,2021-03-01,88.74
Israel,ISR,2021-03-02,89.88
Israel,ISR,2021-03-03,91.05
Israel,ISR,2021-03-04,92.33
Israel,ISR,2021-03-05,92.95
Israel,ISR,2021-03-06,93.34
Israel,ISR,2021-03-07,94.46
Israel,ISR,2021-03-08,95.54
Israel,ISR,2021-03-09,96.65
Israel,ISR,2021-03-10,97.54
Israel,ISR,2021-03-11,98.53
Israel,ISR,2021-03-12,99.1
Israel,ISR,2021-03-13,99.45
Israel,ISR,2021-03-14,100.48
Israel,ISR,2021-03-15,101.53
Israel,ISR,2021-03-16,102.51
Israel,ISR,2021-03-17,103.33
Israel,ISR,2021-03-18,104.13
Israel,ISR,2021-03-19,104.51
Israel,ISR,2021-03-20,104.73
Israel,ISR,2021-03-21,105.3
Israel,ISR,2021-03-22,105.89
Israel,ISR,2021-03-23,105.99
Israel,ISR,2021-03-24,106.61
Israel,ISR,2021-03-25,107.11
Israel,ISR,2021-03-26,107.29
Israel,ISR,2021-03-27,107.36
Israel,ISR,2021-03-28,107.43
Israel,ISR,2021-03-29,107.83
Israel,ISR,2021-03-30,108.16
Israel,ISR,2021-03-31,108.45
Israel,ISR,2021-04-01,108.74
Israel,ISR,2021-04-02,108.86
Israel,ISR,2021-04-03,108.91
Israel,ISR,2021-04-04,109.26
Israel,ISR,2021-04-05,109.6
Israel,ISR,2021-04-06,109.88
Israel,ISR,2021-04-07,110.14
Israel,ISR,2021-04-08,110.42
Israel,ISR,2021-04-09,110.53
Israel,ISR,2021-04-10,110.58
Israel,ISR,2021-04-11,110.83
Israel,ISR,2021-04-12,111.07
Israel,ISR,2021-04-13,111.19
Israel,ISR,2021-04-14,111.28
Israel,ISR,2021-04-15,111.3
Israel,ISR,2021-04-16,111.41
Israel,ISR,2021-04-17,111.44
Israel,ISR,2021-04-18,111.59
Israel,ISR,2021-04-19,111.74
Israel,ISR,2021-04-20,111.88
Israel,ISR,2021-04-21,112.02
Israel,ISR,2021-04-22,112.17
Israel,ISR,2021-04-23,112.24
Israel,ISR,2021-04-24,112.26
Israel,ISR,2021-04-25,112.38
Israel,ISR,2021-04-26,112.53
Israel,ISR,2021-04-27,112.65
Israel,ISR,2021-04-28,112.77
Israel,ISR,2021-04-29,112.9
Israel,ISR,2021-04-30,112.96
Israel,ISR,2021-05-01,112.97
Israel,ISR,2021-05-02,113.07
Israel,ISR,2021-05-03,113.17
Israel,ISR,2021-05-04,113.26
Israel,ISR,2021-05-05,113.34
Israel,ISR,2021-05-06,113.41
Israel,ISR,2021-05-07,113.46
Israel,ISR,2021-05-08,113.47
Israel,ISR,2021-05-09,113.55
Israel,ISR,2021-05-10,113.63
Israel,ISR,2021-05-11,113.7
Israel,ISR,2021-05-12,113.76
Israel,ISR,2021-05-13,113.82
Israel,ISR,2021-05-14,113.85
Israel,ISR,2021-05-15,113.85
Israel,ISR,2021-05-16,113.87
Israel,ISR,2021-05-17,113.88
Israel,ISR,2021-05-18,113.96
Israel,ISR,2021-05-19,114.03
Israel,ISR,2021-05-20,114.1
Israel,ISR,2021-05-21,114.13
Israel,ISR,2021-05-22,114.13
Israel,ISR,2021-05-23,114.19
Israel,ISR,2021-05-24,114.25
Israel,ISR,2021-05-25,114.3
Israel,ISR,2021-05-26,114.34
Israel,ISR,2021-05-27,114.4
Israel,ISR,2021-05-28,114.42
Israel,ISR,2021-05-29,114.43
Israel,ISR,2021-05-30,114.46
Israel,ISR,2021-05-31,114.51
Israel,ISR,2021-06-01,114.54
Israel,ISR,2021-06-02,114.57
Israel,ISR,2021-06-03,114.61
Israel,ISR,2021-06-04,114.63
Israel,ISR,2021-06-05,114.63
Israel,ISR,2021-06-06,114.69
Israel,ISR,2021-06-07,114.74
Israel,ISR,2021-06-08,114.8
Israel,ISR,2021-06-09,114.85
Israel,ISR,2021-06-10,114.9
Israel,ISR,2021-06-11,114.92
Israel,ISR,2021-06-12,114.92
Israel,ISR,2021-06-13,114.97
Israel,ISR,2021-06-14,115.02
Israel,ISR,2021-06-15,115.07
Israel,ISR,2021-06-16,115.11
Israel,ISR,2021-06-17,115.15
Israel,ISR,2021-06-18,115.17
Israel,ISR,2021-06-19,115.17
Israel,ISR,2021-06-20,115.22
Israel,ISR,2021-06-21,115.29
Israel,ISR,2021-06-22,115.38
Israel,ISR,2021-06-23,115.51
Israel,ISR,2021-06-24,115.65
Israel,ISR,2021-06-25,115.74
Israel,ISR,2021-06-26,115.77
Israel,ISR,2021-06-27,115.95
Israel,ISR,2021-06-28,116.15
Israel,ISR,2021-06-29,116.37
Israel,ISR,2021-06-30,116.58
Israel,ISR,2021-07-01,116.8
Israel,ISR,2021-07-02,116.92
Israel,ISR,2021-07-03,116.95
Israel,ISR,2021-07-04,117.18
Israel,ISR,2021-07-05,117.4
Israel,ISR,2021-07-06,117.63
Israel,ISR,2021-07-07,117.83
Israel,ISR,2021-07-08,118.04
Israel,ISR,2021-07-09,118.17
Israel,ISR,2021-07-10,118.23
Israel,ISR,2021-07-11,118.28
Israel,ISR,2021-07-12,118.34
Israel,ISR,2021-07-13,118.44
Israel,ISR,2021-07-14,118.55
Israel,ISR,2021-07-15,118.69
Israel,ISR,2021-07-16,118.77
Israel,ISR,2021-07-17,118.78
Israel,ISR,2021-07-18,118.91
Israel,ISR,2021-07-19,119.08
Israel,ISR,2021-07-20,119.24
Israel,ISR,2021-07-21,119.39
Israel,ISR,2021-07-22,119.57
Israel,ISR,2021-07-23,119.68
Israel,ISR,2021-07-24,119.71
Israel,ISR,2021-07-25,119.92
Israel,ISR,2021-07-26,120.13
Israel,ISR,2021-07-27,120.34
Israel,ISR,2021-07-28,120.52
Israel,ISR,2021-07-29,120.72
Israel,ISR,2021-07-30,120.91
Israel,ISR,2021-07-31,121.03
Israel,ISR,2021-08-01,121.44
Israel,ISR,2021-08-02,122.13
Israel,ISR,2021-08-03,123.06
Israel,ISR,2021-08-04,124
Israel,ISR,2021-08-05,125.04
Israel,ISR,2021-08-06,125.56
Israel,ISR,2021-08-07,125.88
Israel,ISR,2021-08-08,126.83
Israel,ISR,2021-08-09,127.74
Israel,ISR,2021-08-10,128.65
Israel,ISR,2021-08-11,129.41
Israel,ISR,2021-08-12,130.16
Israel,ISR,2021-08-13,130.7
Israel,ISR,2021-08-14,131.21
Israel,ISR,2021-08-15,132.39
Israel,ISR,2021-08-16,133.48
Israel,ISR,2021-08-17,134.51
Israel,ISR,2021-08-18,135.4
Israel,ISR,2021-08-19,136.28
Israel,ISR,2021-08-20,137.01
Israel,ISR,2021-08-21,137.61
Israel,ISR,2021-08-22,138.9
Israel,ISR,2021-08-23,140.07
Israel,ISR,2021-08-24,141.31
Israel,ISR,2021-08-25,142.53
Israel,ISR,2021-08-26,143.79
Israel,ISR,2021-08-27,144.47
Israel,ISR,2021-08-28,144.89
Israel,ISR,2021-08-29,145.92
Israel,ISR,2021-08-30,147.38
Israel,ISR,2021-08-31,148.81
Israel,ISR,2021-09-01,150.19
Israel,ISR,2021-09-02,151.56
Israel,ISR,2021-09-03,152.28
Israel,ISR,2021-09-04,152.65
Israel,ISR,2021-09-05,153.58
Israel,ISR,2021-09-06,153.89
Israel,ISR,2021-09-07,153.97
Israel,ISR,2021-09-08,154.07
Israel,ISR,2021-09-09,155.07
Israel,ISR,2021-09-10,155.57
Israel,ISR,2021-09-11,155.78
Israel,ISR,2021-09-12,156.52
Israel,ISR,2021-09-13,157.19
Israel,ISR,2021-09-14,157.84
Israel,ISR,2021-09-15,158.07
Israel,ISR,2021-09-16,158.1
Israel,ISR,2021-09-17,158.68
Israel,ISR,2021-09-18,158.87
Israel,ISR,2021-09-19,159.53
Israel,ISR,2021-09-20,159.79
Israel,ISR,2021-09-21,159.86
Israel,ISR,2021-09-22,160.26
Israel,ISR,2021-09-23,160.67
Israel,ISR,2021-09-24,161.05
Israel,ISR,2021-09-25,161.21
Israel,ISR,2021-09-26,161.72
Israel,ISR,2021-09-27,162.15
Israel,ISR,2021-09-28,162.24
Israel,ISR,2021-09-29,163.08
Israel,ISR,2021-09-30,164.15
Israel,ISR,2021-10-01,164.75
Israel,ISR,2021-10-02,165.05
Israel,ISR,2021-10-03,166.01
Israel,ISR,2021-10-04,166.75
Israel,ISR,2021-10-05,167.34
Israel,ISR,2021-10-06,167.83
Israel,ISR,2021-10-07,168.31
Israel,ISR,2021-10-08,168.58
Israel,ISR,2021-10-09,168.69
Israel,ISR,2021-10-10,169.01
Israel,ISR,2021-10-11,169.28
Israel,ISR,2021-10-12,169.52
Israel,ISR,2021-10-13,169.73
Israel,ISR,2021-10-14,169.98
Israel,ISR,2021-10-15,170.11
Israel,ISR,2021-10-16,170.17
Israel,ISR,2021-10-17,170.37
Israel,ISR,2021-10-18,170.52
Israel,ISR,2021-10-19,170.66
Israel,ISR,2021-10-20,170.82
Israel,ISR,2021-10-21,171.02
Israel,ISR,2021-10-22,171.11
Israel,ISR,2021-10-23,171.16
Israel,ISR,2021-10-24,171.32
Israel,ISR,2021-10-25,171.47
Israel,ISR,2021-10-26,171.61
Israel,ISR,2021-10-27,171.74
Israel,ISR,2021-10-28,171.89
Israel,ISR,2021-10-29,171.96
Israel,ISR,2021-10-30,171.99
Israel,ISR,2021-10-31,172.13
Israel,ISR,2021-11-01,172.24
Israel,ISR,2021-11-02,172.35
Israel,ISR,2021-11-03,172.45
Israel,ISR,2021-11-04,172.58
Israel,ISR,2021-11-05,172.63
Israel,ISR,2021-11-06,172.66
Israel,ISR,2021-11-07,172.76
Israel,ISR,2021-11-08,172.85
Israel,ISR,2021-11-09,172.94
Israel,ISR,2021-11-10,173.02
Israel,ISR,2021-11-11,173.12
Israel,ISR,2021-11-12,173.17
Israel,ISR,2021-11-13,173.19
Israel,ISR,2021-11-14,173.28
Israel,ISR,2021-11-15,173.36
Israel,ISR,2021-11-16,173.44
Israel,ISR,2021-11-17,173.51
Israel,ISR,2021-11-18,173.59
Israel,ISR,2021-11-19,173.64
Israel,ISR,2021-11-20,173.65
Israel,ISR,2021-11-21,173.73
Israel,ISR,2021-11-22,173.81
Israel,ISR,2021-11-23,173.97
Israel,ISR,2021-11-24,174.13
Israel,ISR,2021-11-25,174.3
Israel,ISR,2021-11-26,174.4
Israel,ISR,2021-11-27,174.47
Israel,ISR,2021-11-28,174.64
Israel,ISR,2021-11-29,174.8
Israel,ISR,2021-11-30,174.96
Israel,ISR,2021-12-01,175.12
Israel,ISR,2021-12-02,175.28
Israel,ISR,2021-12-03,175.39
Israel,ISR,2021-12-04,175.43
Israel,ISR,2021-12-05,175.58
Israel,ISR,2021-12-06,175.72
Israel,ISR,2021-12-07,175.83
Israel,ISR,2021-12-08,175.94
Israel,ISR,2021-12-09,176.07
Israel,ISR,2021-12-10,176.14
Israel,ISR,2021-12-11,176.17
Israel,ISR,2021-12-12,176.32
Israel,ISR,2021-12-13,176.45
Israel,ISR,2021-12-14,176.64
Israel,ISR,2021-12-15,176.86
Israel,ISR,2021-12-16,177.11
Israel,ISR,2021-12-17,177.26
Israel,ISR,2021-12-18,177.34
Israel,ISR,2021-12-19,177.59
Israel,ISR,2021-12-20,177.81
Israel,ISR,2021-12-21,178.08
Israel,ISR,2021-12-22,178.34
Israel,ISR,2021-12-23,178.66
Israel,ISR,2021-12-24,178.85
Israel,ISR,2021-12-25,178.93
Israel,ISR,2021-12-26,179.23
Israel,ISR,2021-12-27,179.51
Israel,ISR,2021-12-28,179.81
Israel,ISR,2021-12-29,180.07
Israel,ISR,2021-12-30,180.41
Israel,ISR,2021-12-31,180.58
Israel,ISR,2022-01-01,180.65
Israel,ISR,2022-01-02,180.97
Israel,ISR,2022-01-03,181.52
Israel,ISR,2022-01-04,182.34
Israel,ISR,2022-01-05,183.25
Israel,ISR,2022-01-06,184.28
Israel,ISR,2022-01-07,184.8
Israel,ISR,2022-01-08,185.22
Israel,ISR,2022-01-09,186.25
Israel,ISR,2022-01-10,187.24
Israel,ISR,2022-01-11,188.16
Israel,ISR,2022-01-12,188.93
Israel,ISR,2022-01-13,189.61
Israel,ISR,2022-01-14,189.88
Israel,ISR,2022-01-15,190.03
Israel,ISR,2022-01-16,190.46
Israel,ISR,2022-01-17,190.83
Israel,ISR,2022-01-18,191.15
Israel,ISR,2022-01-19,191.38
Israel,ISR,2022-01-20,191.61
Israel,ISR,2022-01-21,191.73
Israel,ISR,2022-01-22,191.77
Israel,ISR,2022-01-23,191.94
Israel,ISR,2022-01-24,192.07
Israel,ISR,2022-01-25,192.23
Israel,ISR,2022-01-26,192.33
Israel,ISR,2022-01-27,192.47
Israel,ISR,2022-01-28,192.55
Israel,ISR,2022-01-29,192.58
Israel,ISR,2022-01-30,192.75
Israel,ISR,2022-01-31,192.87
Israel,ISR,2022-02-01,192.99
Israel,ISR,2022-02-02,193.08
Israel,ISR,2022-02-03,193.19
Israel,ISR,2022-02-04,193.24
Israel,ISR,2022-02-05,193.25
Israel,ISR,2022-02-06,193.36
Israel,ISR,2022-02-07,193.45
Israel,ISR,2022-02-08,193.55
Israel,ISR,2022-02-09,193.62
Israel,ISR,2022-02-10,193.7
Israel,ISR,2022-02-11,193.74
Israel,ISR,2022-02-12,193.75
Israel,ISR,2022-02-13,193.82
Israel,ISR,2022-02-14,193.87
Israel,ISR,2022-02-15,193.94
Israel,ISR,2022-02-16,193.98
Israel,ISR,2022-02-17,194.03
Israel,ISR,2022-02-18,194.05
Israel,ISR,2022-02-19,194.06
Israel,ISR,2022-02-20,194.1
Israel,ISR,2022-02-21,194.13
Israel,ISR,2022-02-22,194.16
Israel,ISR,2022-02-23,194.18
Israel,ISR,2022-02-24,194.21
Israel,ISR,2022-02-25,194.22
Israel,ISR,2022-02-26,194.22
Israel,ISR,2022-02-27,194.24
Israel,ISR,2022-02-28,194.26
Israel,ISR,2022-03-01,194.28
Israel,ISR,2022-03-02,194.29
Israel,ISR,2022-03-03,194.31
Israel,ISR,2022-03-04,194.32
Israel,ISR,2022-03-05,194.32
Israel,ISR,2022-03-06,194.34
Israel,ISR,2022-03-07,194.35
Israel,ISR,2022-03-08,194.37
Israel,ISR,2022-03-09,194.38
Israel,ISR,2022-03-10,194.39
Israel,ISR,2022-03-11,194.4
Israel,ISR,2022-03-12,194.4
Israel,ISR,2022-03-13,194.41
Israel,ISR,2022-03-14,194.43
Israel,ISR,2022-03-15,194.44
Israel,ISR,2022-03-16,194.45
Israel,ISR,2022-03-17,194.46
Israel,ISR,2022-03-18,194.47
Israel,ISR,2022-03-19,194.47
Israel,ISR,2022-03-20,194.49
Israel,ISR,2022-03-21,194.51
Israel,ISR,2022-03-22,194.54
Israel,ISR,2022-03-23,194.57
Israel,ISR,2022-03-24,194.61
Israel,ISR,2022-03-25,194.62
Israel,ISR,2022-03-26,194.62
Israel,ISR,2022-03-27,194.67
Israel,ISR,2022-03-28,194.71
Israel,ISR,2022-03-29,194.75
Israel,ISR,2022-03-30,194.78
Israel,ISR,2022-03-31,194.82
Israel,ISR,2022-04-01,194.84
Israel,ISR,2022-04-02,194.84
Israel,ISR,2022-04-03,194.88
Israel,ISR,2022-04-04,194.91
Israel,ISR,2022-04-05,194.94
Israel,ISR,2022-04-06,194.97
Israel,ISR,2022-04-07,195.01
Israel,ISR,2022-04-08,195.02
Israel,ISR,2022-04-09,195.02
Israel,ISR,2022-04-10,195.05
Israel,ISR,2022-04-11,195.07
Israel,ISR,2022-04-12,195.09
Israel,ISR,2022-04-13,195.11
Israel,ISR,2022-04-14,195.13
Israel,ISR,2022-04-15,195.13
Israel,ISR,2022-04-16,195.13
Israel,ISR,2022-04-17,195.14
Israel,ISR,2022-04-18,195.16
Israel,ISR,2022-04-19,195.17
Israel,ISR,2022-04-20,195.18
Israel,ISR,2022-04-21,195.19
Israel,ISR,2022-04-22,195.19
Israel,ISR,2022-04-23,195.19
Israel,ISR,2022-04-24,195.21
Israel,ISR,2022-04-25,195.22
Israel,ISR,2022-04-26,195.24
Israel,ISR,2022-04-27,195.25
Israel,ISR,2022-04-28,195.26
Israel,ISR,2022-04-29,195.27
Israel,ISR,2022-04-30,195.27
Israel,ISR,2022-05-01,195.29
Israel,ISR,2022-05-02,195.3
Israel,ISR,2022-05-03,195.31
Israel,ISR,2022-05-04,195.31
Israel,ISR,2022-05-05,195.31
Israel,ISR,2022-05-06,195.31
Israel,ISR,2022-05-07,195.31
Israel,ISR,2022-05-08,195.32
Israel,ISR,2022-05-09,195.34
Israel,ISR,2022-05-10,195.35
Israel,ISR,2022-05-11,195.36
Israel,ISR,2022-05-12,195.37
Israel,ISR,2022-05-13,195.37
Israel,ISR,2022-05-14,195.37
Israel,ISR,2022-05-15,195.38
Israel,ISR,2022-05-16,195.39
Israel,ISR,2022-05-17,195.41
Israel,ISR,2022-05-18,195.41
Israel,ISR,2022-05-19,195.43
Israel,ISR,2022-05-20,195.43
Israel,ISR,2022-05-21,195.43
Israel,ISR,2022-05-22,195.44
Israel,ISR,2022-05-23,195.45
Israel,ISR,2022-05-24,195.46
Israel,ISR,2022-05-25,195.46
Israel,ISR,2022-05-26,195.47
Israel,ISR,2022-05-27,195.47
Israel,ISR,2022-05-28,195.47
Israel,ISR,2022-05-29,195.48
Israel,ISR,2022-05-30,195.49
Israel,ISR,2022-05-31,195.49
Israel,ISR,2022-06-01,195.5
Israel,ISR,2022-06-02,195.51
Israel,ISR,2022-06-03,195.51
Israel,ISR,2022-06-04,195.51
Israel,ISR,2022-06-05,195.51
Israel,ISR,2022-06-06,195.51
Israel,ISR,2022-06-07,195.52
Israel,ISR,2022-06-08,195.53
Israel,ISR,2022-06-09,195.54
Israel,ISR,2022-06-10,195.55
Israel,ISR,2022-06-11,195.55
Israel,ISR,2022-06-12,195.56
Israel,ISR,2022-06-13,195.57
Israel,ISR,2022-06-14,195.58
Israel,ISR,2022-06-15,195.6
Israel,ISR,2022-06-16,195.61
Israel,ISR,2022-06-17,195.61
Israel,ISR,2022-06-18,195.61
Israel,ISR,2022-06-19,195.63
Israel,ISR,2022-06-20,195.64
Israel,ISR,2022-06-21,195.66
Israel,ISR,2022-06-22,195.68
Israel,ISR,2022-06-23,195.7
Israel,ISR,2022-06-24,195.71
Israel,ISR,2022-06-25,195.71
Israel,ISR,2022-06-26,195.72
Israel,ISR,2022-06-27,195.74
Israel,ISR,2022-06-28,195.76
Israel,ISR,2022-06-29,195.77
Israel,ISR,2022-06-30,195.79
Israel,ISR,2022-07-01,195.79
Israel,ISR,2022-07-02,195.79
Israel,ISR,2022-07-03,195.8
Israel,ISR,2022-07-04,195.82
Israel,ISR,2022-07-05,195.83
Israel,ISR,2022-07-06,195.84
Israel,ISR,2022-07-07,195.85
Israel,ISR,2022-07-08,195.86
Israel,ISR,2022-07-10,195.87
Israel,ISR,2022-07-11,195.88
Israel,ISR,2022-07-12,195.89
Israel,ISR,2022-07-13,195.9
Israel,ISR,2022-07-14,195.91
Israel,ISR,2022-07-15,195.91
Israel,ISR,2022-07-16,195.91
Israel,ISR,2022-07-17,195.92
Israel,ISR,2022-07-18,195.93
Israel,ISR,2022-07-19,195.94
Israel,ISR,2022-07-20,195.95
Israel,ISR,2022-07-21,195.96
Israel,ISR,2022-07-22,195.96
Israel,ISR,2022-07-23,195.96
Israel,ISR,2022-07-24,195.97
Israel,ISR,2022-07-25,195.97
Israel,ISR,2022-07-26,195.98
Israel,ISR,2022-07-27,195.98
Israel,ISR,2022-07-28,195.99
Israel,ISR,2022-07-29,195.99
Israel,ISR,2022-07-31,196
Israel,ISR,2022-08-01,196
Israel,ISR,2022-08-02,196.01
Israel,ISR,2022-08-03,196.01
Italy,ITA,2020-12-27,0.01
Italy,ITA,2020-12-28,0.01
Italy,ITA,2020-12-29,0.02
Italy,ITA,2020-12-30,0.03
Italy,ITA,2020-12-31,0.07
Italy,ITA,2021-01-01,0.09
Italy,ITA,2021-01-02,0.15
Italy,ITA,2021-01-03,0.21
Italy,ITA,2021-01-04,0.33
Italy,ITA,2021-01-05,0.47
Italy,ITA,2021-01-06,0.58
Italy,ITA,2021-01-07,0.73
Italy,ITA,2021-01-08,0.9
Italy,ITA,2021-01-09,1.05
Italy,ITA,2021-01-10,1.15
Italy,ITA,2021-01-11,1.29
Italy,ITA,2021-01-12,1.43
Italy,ITA,2021-01-13,1.59
Italy,ITA,2021-01-14,1.75
Italy,ITA,2021-01-15,1.9
Italy,ITA,2021-01-16,2.02
Italy,ITA,2021-01-17,2.08
Italy,ITA,2021-01-18,2.15
Italy,ITA,2021-01-19,2.21
Italy,ITA,2021-01-20,2.26
Italy,ITA,2021-01-21,2.33
Italy,ITA,2021-01-22,2.37
Italy,ITA,2021-01-23,2.44
Italy,ITA,2021-01-24,2.5
Italy,ITA,2021-01-25,2.61
Italy,ITA,2021-01-26,2.75
Italy,ITA,2021-01-27,2.87
Italy,ITA,2021-01-28,3.03
Italy,ITA,2021-01-29,3.2
Italy,ITA,2021-01-30,3.35
Italy,ITA,2021-01-31,3.45
Italy,ITA,2021-02-01,3.6
Italy,ITA,2021-02-02,3.75
Italy,ITA,2021-02-03,3.92
Italy,ITA,2021-02-04,4.1
Italy,ITA,2021-02-05,4.28
Italy,ITA,2021-02-06,4.42
Italy,ITA,2021-02-07,4.49
Italy,ITA,2021-02-08,4.6
Italy,ITA,2021-02-09,4.71
Italy,ITA,2021-02-10,4.84
Italy,ITA,2021-02-11,4.97
Italy,ITA,2021-02-12,5.09
Italy,ITA,2021-02-13,5.18
Italy,ITA,2021-02-14,5.23
Italy,ITA,2021-02-15,5.34
Italy,ITA,2021-02-16,5.46
Italy,ITA,2021-02-17,5.59
Italy,ITA,2021-02-18,5.75
Italy,ITA,2021-02-19,5.91
Italy,ITA,2021-02-20,6.04
Italy,ITA,2021-02-21,6.12
Italy,ITA,2021-02-22,6.3
Italy,ITA,2021-02-23,6.48
Italy,ITA,2021-02-24,6.69
Italy,ITA,2021-02-25,6.91
Italy,ITA,2021-02-26,7.15
Italy,ITA,2021-02-27,7.36
Italy,ITA,2021-02-28,7.49
Italy,ITA,2021-03-01,7.72
Italy,ITA,2021-03-02,8
Italy,ITA,2021-03-03,8.31
Italy,ITA,2021-03-04,8.65
Italy,ITA,2021-03-05,9
Italy,ITA,2021-03-06,9.3
Italy,ITA,2021-03-07,9.48
Italy,ITA,2021-03-08,9.78
Italy,ITA,2021-03-09,10.11
Italy,ITA,2021-03-10,10.48
Italy,ITA,2021-03-11,10.86
Italy,ITA,2021-03-12,11.22
Italy,ITA,2021-03-13,11.52
Italy,ITA,2021-03-14,11.7
Italy,ITA,2021-03-15,12
Italy,ITA,2021-03-16,12.23
Italy,ITA,2021-03-17,12.52
Italy,ITA,2021-03-18,12.79
Italy,ITA,2021-03-19,13.09
Italy,ITA,2021-03-20,13.39
Italy,ITA,2021-03-21,13.61
Italy,ITA,2021-03-22,13.94
Italy,ITA,2021-03-23,14.33
Italy,ITA,2021-03-24,14.76
Italy,ITA,2021-03-25,15.22
Italy,ITA,2021-03-26,15.68
Italy,ITA,2021-03-27,16.09
Italy,ITA,2021-03-28,16.37
Italy,ITA,2021-03-29,16.78
Italy,ITA,2021-03-30,17.24
Italy,ITA,2021-03-31,17.76
Italy,ITA,2021-04-01,18.24
Italy,ITA,2021-04-02,18.72
Italy,ITA,2021-04-03,19.11
Italy,ITA,2021-04-04,19.28
Italy,ITA,2021-04-05,19.57
Italy,ITA,2021-04-06,20.05
Italy,ITA,2021-04-07,20.62
Italy,ITA,2021-04-08,21.19
Italy,ITA,2021-04-09,21.76
Italy,ITA,2021-04-10,22.3
Italy,ITA,2021-04-11,22.65
Italy,ITA,2021-04-12,23.1
Italy,ITA,2021-04-13,23.59
Italy,ITA,2021-04-14,24.13
Italy,ITA,2021-04-15,24.73
Italy,ITA,2021-04-16,25.38
Italy,ITA,2021-04-17,25.99
Italy,ITA,2021-04-18,26.39
Italy,ITA,2021-04-19,26.92
Italy,ITA,2021-04-20,27.49
Italy,ITA,2021-04-21,28.12
Italy,ITA,2021-04-22,28.8
Italy,ITA,2021-04-23,29.48
Italy,ITA,2021-04-24,30.14
Italy,ITA,2021-04-25,30.59
Italy,ITA,2021-04-26,31.18
Italy,ITA,2021-04-27,31.81
Italy,ITA,2021-04-28,32.5
Italy,ITA,2021-04-29,33.4
Italy,ITA,2021-04-30,34.3
Italy,ITA,2021-05-01,35.03
Italy,ITA,2021-05-02,35.65
Italy,ITA,2021-05-03,36.35
Italy,ITA,2021-05-04,37.12
Italy,ITA,2021-05-05,37.94
Italy,ITA,2021-05-06,38.82
Italy,ITA,2021-05-07,39.75
Italy,ITA,2021-05-08,40.62
Italy,ITA,2021-05-09,41.26
Italy,ITA,2021-05-10,42.01
Italy,ITA,2021-05-11,42.79
Italy,ITA,2021-05-12,43.61
Italy,ITA,2021-05-13,44.5
Italy,ITA,2021-05-14,45.44
Italy,ITA,2021-05-15,46.36
Italy,ITA,2021-05-16,47.06
Italy,ITA,2021-05-17,47.85
Italy,ITA,2021-05-18,48.64
Italy,ITA,2021-05-19,49.47
Italy,ITA,2021-05-20,50.4
Italy,ITA,2021-05-21,51.37
Italy,ITA,2021-05-22,52.26
Italy,ITA,2021-05-23,52.95
Italy,ITA,2021-05-24,53.73
Italy,ITA,2021-05-25,54.54
Italy,ITA,2021-05-26,55.44
Italy,ITA,2021-05-27,56.43
Italy,ITA,2021-05-28,57.44
Italy,ITA,2021-05-29,58.33
Italy,ITA,2021-05-30,59.01
Italy,ITA,2021-05-31,59.82
Italy,ITA,2021-06-01,60.61
Italy,ITA,2021-06-02,61.31
Italy,ITA,2021-06-03,62.32
Italy,ITA,2021-06-04,63.39
Italy,ITA,2021-06-05,64.44
Italy,ITA,2021-06-06,65.3
Italy,ITA,2021-06-07,66.27
Italy,ITA,2021-06-08,67.25
Italy,ITA,2021-06-09,68.26
Italy,ITA,2021-06-10,69.33
Italy,ITA,2021-06-11,70.38
Italy,ITA,2021-06-12,71.34
Italy,ITA,2021-06-13,72.08
Italy,ITA,2021-06-14,72.98
Italy,ITA,2021-06-15,73.88
Italy,ITA,2021-06-16,74.83
Italy,ITA,2021-06-17,75.85
Italy,ITA,2021-06-18,76.88
Italy,ITA,2021-06-19,77.83
Italy,ITA,2021-06-20,78.57
Italy,ITA,2021-06-21,79.51
Italy,ITA,2021-06-22,80.48
Italy,ITA,2021-06-23,81.44
Italy,ITA,2021-06-24,82.47
Italy,ITA,2021-06-25,83.52
Italy,ITA,2021-06-26,84.45
Italy,ITA,2021-06-27,85.18
Italy,ITA,2021-06-28,86.13
Italy,ITA,2021-06-29,87.08
Italy,ITA,2021-06-30,88.05
Italy,ITA,2021-07-01,89.01
Italy,ITA,2021-07-02,89.95
Italy,ITA,2021-07-03,90.84
Italy,ITA,2021-07-04,91.54
Italy,ITA,2021-07-05,92.46
Italy,ITA,2021-07-06,93.37
Italy,ITA,2021-07-07,94.29
Italy,ITA,2021-07-08,95.28
Italy,ITA,2021-07-09,96.3
Italy,ITA,2021-07-10,97.26
Italy,ITA,2021-07-11,97.95
Italy,ITA,2021-07-12,98.91
Italy,ITA,2021-07-13,99.88
Italy,ITA,2021-07-14,100.84
Italy,ITA,2021-07-15,101.88
Italy,ITA,2021-07-16,102.88
Italy,ITA,2021-07-17,103.79
Italy,ITA,2021-07-18,104.54
Italy,ITA,2021-07-19,105.51
Italy,ITA,2021-07-20,106.47
Italy,ITA,2021-07-21,107.46
Italy,ITA,2021-07-22,108.49
Italy,ITA,2021-07-23,109.48
Italy,ITA,2021-07-24,110.32
Italy,ITA,2021-07-25,110.93
Italy,ITA,2021-07-26,111.89
Italy,ITA,2021-07-27,112.85
Italy,ITA,2021-07-28,113.77
Italy,ITA,2021-07-29,114.68
Italy,ITA,2021-07-30,115.55
Italy,ITA,2021-07-31,116.28
Italy,ITA,2021-08-01,116.78
Italy,ITA,2021-08-02,117.59
Italy,ITA,2021-08-03,118.38
Italy,ITA,2021-08-04,119.19
Italy,ITA,2021-08-05,119.97
Italy,ITA,2021-08-06,120.71
Italy,ITA,2021-08-07,121.3
Italy,ITA,2021-08-08,121.73
Italy,ITA,2021-08-09,122.42
Italy,ITA,2021-08-10,123.06
Italy,ITA,2021-08-11,123.67
Italy,ITA,2021-08-12,124.24
Italy,ITA,2021-08-13,124.74
Italy,ITA,2021-08-14,124.96
Italy,ITA,2021-08-15,125.05
Italy,ITA,2021-08-16,125.45
Italy,ITA,2021-08-17,125.87
Italy,ITA,2021-08-18,126.31
Italy,ITA,2021-08-19,126.72
Italy,ITA,2021-08-20,127.11
Italy,ITA,2021-08-21,127.38
Italy,ITA,2021-08-22,127.57
Italy,ITA,2021-08-23,128.09
Italy,ITA,2021-08-24,128.57
Italy,ITA,2021-08-25,129.07
Italy,ITA,2021-08-26,129.54
Italy,ITA,2021-08-27,130.03
Italy,ITA,2021-08-28,130.42
Italy,ITA,2021-08-29,130.69
Italy,ITA,2021-08-30,131.28
Italy,ITA,2021-08-31,131.83
Italy,ITA,2021-09-01,132.36
Italy,ITA,2021-09-02,132.87
Italy,ITA,2021-09-03,133.37
Italy,ITA,2021-09-04,133.74
Italy,ITA,2021-09-05,133.98
Italy,ITA,2021-09-06,134.47
Italy,ITA,2021-09-07,134.95
Italy,ITA,2021-09-08,135.41
Italy,ITA,2021-09-09,135.88
Italy,ITA,2021-09-10,136.34
Italy,ITA,2021-09-11,136.69
Italy,ITA,2021-09-12,136.91
Italy,ITA,2021-09-13,137.35
Italy,ITA,2021-09-14,137.75
Italy,ITA,2021-09-15,138.13
Italy,ITA,2021-09-16,138.5
Italy,ITA,2021-09-17,138.87
Italy,ITA,2021-09-18,139.22
Italy,ITA,2021-09-19,139.44
Italy,ITA,2021-09-20,139.89
Italy,ITA,2021-09-21,140.32
Italy,ITA,2021-09-22,140.75
Italy,ITA,2021-09-23,141.14
Italy,ITA,2021-09-24,141.53
Italy,ITA,2021-09-25,141.88
Italy,ITA,2021-09-26,142.09
Italy,ITA,2021-09-27,142.47
Italy,ITA,2021-09-28,142.81
Italy,ITA,2021-09-29,143.15
Italy,ITA,2021-09-30,143.49
Italy,ITA,2021-10-01,143.79
Italy,ITA,2021-10-02,144.04
Italy,ITA,2021-10-03,144.19
Italy,ITA,2021-10-04,144.49
Italy,ITA,2021-10-05,144.77
Italy,ITA,2021-10-06,145.04
Italy,ITA,2021-10-07,145.31
Italy,ITA,2021-10-08,145.6
Italy,ITA,2021-10-09,145.85
Italy,ITA,2021-10-10,145.99
Italy,ITA,2021-10-11,146.3
Italy,ITA,2021-10-12,146.62
Italy,ITA,2021-10-13,146.97
Italy,ITA,2021-10-14,147.35
Italy,ITA,2021-10-15,147.72
Italy,ITA,2021-10-16,148.01
Italy,ITA,2021-10-17,148.19
Italy,ITA,2021-10-18,148.52
Italy,ITA,2021-10-19,148.83
Italy,ITA,2021-10-20,149.15
Italy,ITA,2021-10-21,149.48
Italy,ITA,2021-10-22,149.78
Italy,ITA,2021-10-23,150.01
Italy,ITA,2021-10-24,150.12
Italy,ITA,2021-10-25,150.41
Italy,ITA,2021-10-26,150.7
Italy,ITA,2021-10-27,151.01
Italy,ITA,2021-10-28,151.34
Italy,ITA,2021-10-29,151.65
Italy,ITA,2021-10-30,151.88
Italy,ITA,2021-10-31,151.98
Italy,ITA,2021-11-01,152.07
Italy,ITA,2021-11-02,152.35
Italy,ITA,2021-11-03,152.68
Italy,ITA,2021-11-04,153.03
Italy,ITA,2021-11-05,153.39
Italy,ITA,2021-11-06,153.65
Italy,ITA,2021-11-07,153.76
Italy,ITA,2021-11-08,154.1
Italy,ITA,2021-11-09,154.45
Italy,ITA,2021-11-10,154.82
Italy,ITA,2021-11-11,155.19
Italy,ITA,2021-11-12,155.57
Italy,ITA,2021-11-13,155.85
Italy,ITA,2021-11-14,155.98
Italy,ITA,2021-11-15,156.33
Italy,ITA,2021-11-16,156.71
Italy,ITA,2021-11-17,157.08
Italy,ITA,2021-11-18,157.5
Italy,ITA,2021-11-19,157.93
Italy,ITA,2021-11-20,158.26
Italy,ITA,2021-11-21,158.4
Italy,ITA,2021-11-22,158.83
Italy,ITA,2021-11-23,159.31
Italy,ITA,2021-11-24,159.85
Italy,ITA,2021-11-25,160.44
Italy,ITA,2021-11-26,161.07
Italy,ITA,2021-11-27,161.6
Italy,ITA,2021-11-28,161.88
Italy,ITA,2021-11-29,162.52
Italy,ITA,2021-11-30,163.23
Italy,ITA,2021-12-01,164.01
Italy,ITA,2021-12-02,164.85
Italy,ITA,2021-12-03,165.73
Italy,ITA,2021-12-04,166.53
Italy,ITA,2021-12-05,167.03
Italy,ITA,2021-12-06,167.91
Italy,ITA,2021-12-07,168.83
Italy,ITA,2021-12-08,169.31
Italy,ITA,2021-12-09,170.25
Italy,ITA,2021-12-10,171.23
Italy,ITA,2021-12-11,172.09
Italy,ITA,2021-12-12,172.64
Italy,ITA,2021-12-13,173.52
Italy,ITA,2021-12-14,174.45
Italy,ITA,2021-12-15,175.41
Italy,ITA,2021-12-16,176.41
Italy,ITA,2021-12-17,177.39
Italy,ITA,2021-12-18,178.31
Italy,ITA,2021-12-19,178.91
Italy,ITA,2021-12-20,179.83
Italy,ITA,2021-12-21,180.78
Italy,ITA,2021-12-22,181.71
Italy,ITA,2021-12-23,182.54
Italy,ITA,2021-12-24,182.95
Italy,ITA,2021-12-25,183.01
Italy,ITA,2021-12-26,183.32
Italy,ITA,2021-12-27,184.33
Italy,ITA,2021-12-28,185.43
Italy,ITA,2021-12-29,186.51
Italy,ITA,2021-12-30,187.49
Italy,ITA,2021-12-31,187.97
Italy,ITA,2022-01-01,188.09
Italy,ITA,2022-01-02,188.66
Italy,ITA,2022-01-03,189.72
Italy,ITA,2022-01-04,190.88
Italy,ITA,2022-01-05,192.01
Italy,ITA,2022-01-06,192.58
Italy,ITA,2022-01-07,193.74
Italy,ITA,2022-01-08,194.83
Italy,ITA,2022-01-09,195.54
Italy,ITA,2022-01-10,196.66
Italy,ITA,2022-01-11,197.89
Italy,ITA,2022-01-12,199.09
Italy,ITA,2022-01-13,200.29
Italy,ITA,2022-01-14,201.48
Italy,ITA,2022-01-15,202.66
Italy,ITA,2022-01-16,203.4
Italy,ITA,2022-01-17,204.41
Italy,ITA,2022-01-18,205.47
Italy,ITA,2022-01-19,206.5
Italy,ITA,2022-01-20,207.52
Italy,ITA,2022-01-21,208.51
Italy,ITA,2022-01-22,209.46
Italy,ITA,2022-01-23,210.05
Italy,ITA,2022-01-24,210.95
Italy,ITA,2022-01-25,211.88
Italy,ITA,2022-01-26,212.77
Italy,ITA,2022-01-27,213.65
Italy,ITA,2022-01-28,214.55
Italy,ITA,2022-01-29,215.44
Italy,ITA,2022-01-30,215.98
Italy,ITA,2022-01-31,216.74
Italy,ITA,2022-02-01,217.46
Italy,ITA,2022-02-02,218.11
Italy,ITA,2022-02-03,218.72
Italy,ITA,2022-02-04,219.34
Italy,ITA,2022-02-05,219.96
Italy,ITA,2022-02-06,220.28
Italy,ITA,2022-02-07,220.76
Italy,ITA,2022-02-08,221.22
Italy,ITA,2022-02-09,221.63
Italy,ITA,2022-02-10,222.04
Italy,ITA,2022-02-11,222.44
Italy,ITA,2022-02-12,222.85
Italy,ITA,2022-02-13,223.05
Italy,ITA,2022-02-14,223.35
Italy,ITA,2022-02-15,223.66
Italy,ITA,2022-02-16,223.93
Italy,ITA,2022-02-17,224.18
Italy,ITA,2022-02-18,224.46
Italy,ITA,2022-02-19,224.74
Italy,ITA,2022-02-20,224.86
Italy,ITA,2022-02-21,225.09
Italy,ITA,2022-02-22,225.3
Italy,ITA,2022-02-23,225.5
Italy,ITA,2022-02-24,225.7
Italy,ITA,2022-02-25,225.92
Italy,ITA,2022-02-26,226.15
Italy,ITA,2022-02-27,226.25
Italy,ITA,2022-02-28,226.44
Italy,ITA,2022-03-01,226.59
Italy,ITA,2022-03-02,226.72
Italy,ITA,2022-03-03,226.87
Italy,ITA,2022-03-04,227.02
Italy,ITA,2022-03-05,227.17
Italy,ITA,2022-03-06,227.22
Italy,ITA,2022-03-07,227.35
Italy,ITA,2022-03-08,227.47
Italy,ITA,2022-03-09,227.58
Italy,ITA,2022-03-10,227.7
Italy,ITA,2022-03-11,227.84
Italy,ITA,2022-03-12,227.97
Italy,ITA,2022-03-13,228.01
Italy,ITA,2022-03-14,228.12
Italy,ITA,2022-03-15,228.22
Italy,ITA,2022-03-16,228.32
Italy,ITA,2022-03-17,228.42
Italy,ITA,2022-03-18,228.53
Italy,ITA,2022-03-19,228.63
Italy,ITA,2022-03-20,228.66
Italy,ITA,2022-03-21,228.75
Italy,ITA,2022-03-22,228.83
Italy,ITA,2022-03-23,228.91
Italy,ITA,2022-03-24,228.99
Italy,ITA,2022-03-25,229.09
Italy,ITA,2022-03-26,229.18
Italy,ITA,2022-03-27,229.2
Italy,ITA,2022-03-28,229.27
Italy,ITA,2022-03-29,229.35
Italy,ITA,2022-03-30,229.41
Italy,ITA,2022-03-31,229.48
Italy,ITA,2022-04-01,229.54
Italy,ITA,2022-04-02,229.59
Italy,ITA,2022-04-03,229.6
Italy,ITA,2022-04-04,229.64
Italy,ITA,2022-04-05,229.69
Italy,ITA,2022-04-06,229.74
Italy,ITA,2022-04-07,229.79
Italy,ITA,2022-04-08,229.85
Italy,ITA,2022-04-09,229.9
Italy,ITA,2022-04-10,229.91
Italy,ITA,2022-04-11,229.96
Italy,ITA,2022-04-12,230
Italy,ITA,2022-04-13,230.05
Italy,ITA,2022-04-14,230.11
Italy,ITA,2022-04-15,230.17
Italy,ITA,2022-04-16,230.2
Italy,ITA,2022-04-17,230.2
Italy,ITA,2022-04-18,230.2
Italy,ITA,2022-04-19,230.28
Italy,ITA,2022-04-20,230.35
Italy,ITA,2022-04-21,230.43
Italy,ITA,2022-04-22,230.51
Italy,ITA,2022-04-23,230.58
Italy,ITA,2022-04-24,230.59
Italy,ITA,2022-04-25,230.6
Italy,ITA,2022-04-26,230.68
Italy,ITA,2022-04-27,230.77
Italy,ITA,2022-04-28,230.85
Italy,ITA,2022-04-29,230.93
Italy,ITA,2022-04-30,230.99
Italy,ITA,2022-05-01,231
Italy,ITA,2022-05-02,231.06
Italy,ITA,2022-05-03,231.13
Italy,ITA,2022-05-04,231.21
Italy,ITA,2022-05-05,231.28
Italy,ITA,2022-05-06,231.36
Italy,ITA,2022-05-07,231.41
Italy,ITA,2022-05-08,231.42
Italy,ITA,2022-05-09,231.48
Italy,ITA,2022-05-10,231.55
Italy,ITA,2022-05-11,231.63
Italy,ITA,2022-05-12,231.71
Italy,ITA,2022-05-13,231.78
Italy,ITA,2022-05-14,231.83
Italy,ITA,2022-05-15,231.84
Italy,ITA,2022-05-16,231.9
Italy,ITA,2022-05-17,231.96
Italy,ITA,2022-05-18,232.03
Italy,ITA,2022-05-19,232.1
Italy,ITA,2022-05-20,232.17
Italy,ITA,2022-05-21,232.21
Italy,ITA,2022-05-22,232.22
Italy,ITA,2022-05-23,232.27
Italy,ITA,2022-05-24,232.33
Italy,ITA,2022-05-25,232.39
Italy,ITA,2022-05-26,232.45
Italy,ITA,2022-05-27,232.51
Italy,ITA,2022-05-28,232.55
Italy,ITA,2022-05-29,232.56
Italy,ITA,2022-05-30,232.6
Italy,ITA,2022-05-31,232.65
Italy,ITA,2022-06-01,232.69
Italy,ITA,2022-06-02,232.7
Italy,ITA,2022-06-03,232.73
Italy,ITA,2022-06-04,232.75
Italy,ITA,2022-06-05,232.75
Italy,ITA,2022-06-06,232.78
Italy,ITA,2022-06-07,232.82
Italy,ITA,2022-06-08,232.86
Italy,ITA,2022-06-09,232.9
Italy,ITA,2022-06-10,232.94
Italy,ITA,2022-06-11,232.96
Italy,ITA,2022-06-12,232.97
Italy,ITA,2022-06-13,232.99
Italy,ITA,2022-06-14,233.03
Italy,ITA,2022-06-15,233.06
Italy,ITA,2022-06-16,233.09
Italy,ITA,2022-06-17,233.13
Italy,ITA,2022-06-18,233.15
Italy,ITA,2022-06-19,233.15
Italy,ITA,2022-06-20,233.18
Italy,ITA,2022-06-21,233.21
Italy,ITA,2022-06-22,233.24
Italy,ITA,2022-06-23,233.28
Italy,ITA,2022-06-24,233.31
Italy,ITA,2022-06-25,233.34
Italy,ITA,2022-06-26,233.34
Italy,ITA,2022-06-27,233.37
Italy,ITA,2022-06-28,233.41
Italy,ITA,2022-06-29,233.44
Italy,ITA,2022-06-30,233.48
Italy,ITA,2022-07-01,233.51
Italy,ITA,2022-07-02,233.53
Italy,ITA,2022-07-03,233.53
Italy,ITA,2022-07-04,233.56
Italy,ITA,2022-07-05,233.6
Italy,ITA,2022-07-06,233.64
Italy,ITA,2022-07-07,233.68
Italy,ITA,2022-07-08,233.73
Italy,ITA,2022-07-09,233.76
Italy,ITA,2022-07-10,233.76
Italy,ITA,2022-07-11,233.8
Italy,ITA,2022-07-12,233.87
Italy,ITA,2022-07-13,233.95
Italy,ITA,2022-07-14,234.05
Italy,ITA,2022-07-15,234.17
Italy,ITA,2022-07-16,234.24
Italy,ITA,2022-07-17,234.25
Italy,ITA,2022-07-18,234.37
Italy,ITA,2022-07-19,234.5
Italy,ITA,2022-07-20,234.64
Italy,ITA,2022-07-21,234.78
Italy,ITA,2022-07-22,234.92
Italy,ITA,2022-07-23,235
Italy,ITA,2022-07-24,235.02
Italy,ITA,2022-07-25,235.12
Italy,ITA,2022-07-26,235.24
Italy,ITA,2022-07-27,235.36
Italy,ITA,2022-07-28,235.5
Italy,ITA,2022-07-29,235.61
Italy,ITA,2022-07-30,235.68
Italy,ITA,2022-07-31,235.69
Italy,ITA,2022-08-01,235.78
Italy,ITA,2022-08-02,235.87
Italy,ITA,2022-08-03,235.95
Jamaica,JAM,2021-03-09,0
Jamaica,JAM,2021-03-14,0.43
Jamaica,JAM,2021-03-16,0.57
Jamaica,JAM,2021-03-25,1.17
Jamaica,JAM,2021-04-01,1.48
Jamaica,JAM,2021-04-06,1.55
Jamaica,JAM,2021-04-07,1.69
Jamaica,JAM,2021-04-13,4.79
Jamaica,JAM,2021-05-14,5.42
Jamaica,JAM,2021-05-21,5.82
Jamaica,JAM,2021-05-28,6.29
Jamaica,JAM,2021-06-04,6.29
Jamaica,JAM,2021-06-11,6.87
Jamaica,JAM,2021-06-25,8.84
Jamaica,JAM,2021-07-09,10.2
Jamaica,JAM,2021-07-13,10.27
Jamaica,JAM,2021-07-16,10.48
Jamaica,JAM,2021-07-23,10.64
Jamaica,JAM,2021-08-06,13.08
Jamaica,JAM,2021-08-13,13.83
Jamaica,JAM,2021-08-20,14.88
Jamaica,JAM,2021-08-24,16.54
Jamaica,JAM,2021-08-25,17.58
Jamaica,JAM,2021-08-27,17.74
Jamaica,JAM,2021-08-28,17.95
Jamaica,JAM,2021-08-29,18.12
Jamaica,JAM,2021-08-31,19.2
Jamaica,JAM,2021-09-01,19.45
Jamaica,JAM,2021-09-03,19.84
Jamaica,JAM,2021-09-06,20.39
Jamaica,JAM,2021-09-08,21.22
Jamaica,JAM,2021-09-09,21.44
Jamaica,JAM,2021-09-10,21.71
Jamaica,JAM,2021-09-13,22.91
Jamaica,JAM,2021-09-15,24.54
Jamaica,JAM,2021-09-16,24.85
Jamaica,JAM,2021-09-21,25.17
Jamaica,JAM,2021-09-24,25.32
Jamaica,JAM,2021-09-27,26.28
Jamaica,JAM,2021-09-28,26.73
Jamaica,JAM,2021-10-02,27.9
Jamaica,JAM,2021-10-06,28.35
Jamaica,JAM,2021-10-07,28.62
Jamaica,JAM,2021-10-08,28.88
Jamaica,JAM,2021-10-10,29.58
Jamaica,JAM,2021-10-12,29.74
Jamaica,JAM,2021-10-13,29.93
Jamaica,JAM,2021-10-14,30.13
Jamaica,JAM,2021-10-15,30.43
Jamaica,JAM,2021-10-19,31.12
Jamaica,JAM,2021-10-21,31.25
Jamaica,JAM,2021-10-22,31.39
Jamaica,JAM,2021-10-23,31.51
Jamaica,JAM,2021-10-24,31.6
Jamaica,JAM,2021-10-25,31.71
Jamaica,JAM,2021-10-26,31.8
Jamaica,JAM,2021-10-27,31.95
Jamaica,JAM,2021-10-28,32.09
Jamaica,JAM,2021-10-29,32.24
Jamaica,JAM,2021-10-30,32.41
Jamaica,JAM,2021-10-31,32.54
Jamaica,JAM,2021-11-01,32.68
Jamaica,JAM,2021-11-02,33.05
Jamaica,JAM,2021-11-03,33.98
Jamaica,JAM,2021-11-05,34.39
Jamaica,JAM,2021-11-06,34.73
Jamaica,JAM,2021-11-07,35.18
Jamaica,JAM,2021-11-08,35.53
Jamaica,JAM,2021-11-09,35.74
Jamaica,JAM,2021-11-10,36.02
Jamaica,JAM,2021-11-11,36.23
Jamaica,JAM,2021-11-12,36.48
Jamaica,JAM,2021-11-13,36.71
Jamaica,JAM,2021-11-15,37.16
Jamaica,JAM,2021-11-16,37.26
Jamaica,JAM,2021-11-17,37.44
Jamaica,JAM,2021-11-18,37.62
Jamaica,JAM,2021-11-19,37.75
Jamaica,JAM,2021-11-20,37.9
Jamaica,JAM,2021-11-21,38.16
Jamaica,JAM,2021-11-23,38.27
Jamaica,JAM,2021-11-24,38.44
Jamaica,JAM,2021-11-25,38.59
Jamaica,JAM,2021-11-26,38.75
Jamaica,JAM,2021-11-27,38.91
Jamaica,JAM,2021-11-29,39.1
Jamaica,JAM,2021-11-30,39.21
Jamaica,JAM,2021-12-01,39.41
Jamaica,JAM,2021-12-02,39.55
Jamaica,JAM,2021-12-03,39.73
Jamaica,JAM,2021-12-04,39.95
Jamaica,JAM,2021-12-05,40.14
Jamaica,JAM,2021-12-06,40.23
Jamaica,JAM,2021-12-07,40.35
Jamaica,JAM,2021-12-08,40.5
Jamaica,JAM,2021-12-09,40.67
Jamaica,JAM,2021-12-10,40.97
Jamaica,JAM,2021-12-12,41.07
Jamaica,JAM,2021-12-13,41.27
Jamaica,JAM,2021-12-15,41.41
Jamaica,JAM,2021-12-16,41.53
Jamaica,JAM,2021-12-17,41.68
Jamaica,JAM,2021-12-18,41.76
Jamaica,JAM,2021-12-19,41.85
Jamaica,JAM,2021-12-20,41.99
Jamaica,JAM,2021-12-22,42.24
Jamaica,JAM,2021-12-23,42.27
Jamaica,JAM,2021-12-24,42.37
Jamaica,JAM,2021-12-25,42.4
Jamaica,JAM,2021-12-26,42.4
Jamaica,JAM,2021-12-28,42.4
Jamaica,JAM,2021-12-30,42.75
Jamaica,JAM,2022-01-01,42.75
Jamaica,JAM,2022-01-04,42.97
Jamaica,JAM,2022-01-05,43.08
Jamaica,JAM,2022-01-07,43.53
Jamaica,JAM,2022-01-08,43.73
Jamaica,JAM,2022-01-10,43.8
Jamaica,JAM,2022-01-11,43.92
Jamaica,JAM,2022-01-12,44.24
Jamaica,JAM,2022-01-14,44.43
Jamaica,JAM,2022-01-15,44.55
Jamaica,JAM,2022-01-16,44.63
Jamaica,JAM,2022-01-17,44.67
Jamaica,JAM,2022-01-18,44.88
Jamaica,JAM,2022-01-19,44.95
Jamaica,JAM,2022-01-20,45.13
Jamaica,JAM,2022-01-21,45.35
Jamaica,JAM,2022-01-23,45.4
Jamaica,JAM,2022-01-25,45.69
Jamaica,JAM,2022-01-27,45.81
Jamaica,JAM,2022-01-28,45.95
Jamaica,JAM,2022-01-30,46.1
Jamaica,JAM,2022-01-31,46.11
Jamaica,JAM,2022-02-01,46.23
Jamaica,JAM,2022-02-02,46.3
Jamaica,JAM,2022-02-03,46.44
Jamaica,JAM,2022-02-04,46.55
Jamaica,JAM,2022-02-05,46.63
Jamaica,JAM,2022-02-06,46.66
Jamaica,JAM,2022-02-08,46.76
Jamaica,JAM,2022-02-09,46.86
Jamaica,JAM,2022-02-10,46.95
Jamaica,JAM,2022-02-11,47.05
Jamaica,JAM,2022-02-12,47.14
Jamaica,JAM,2022-02-13,47.18
Jamaica,JAM,2022-02-14,47.2
Jamaica,JAM,2022-02-15,47.27
Jamaica,JAM,2022-02-16,47.34
Jamaica,JAM,2022-02-17,47.44
Jamaica,JAM,2022-02-18,47.53
Jamaica,JAM,2022-02-20,47.61
Jamaica,JAM,2022-02-21,47.64
Jamaica,JAM,2022-02-22,47.73
Jamaica,JAM,2022-02-23,47.79
Jamaica,JAM,2022-02-24,47.88
Jamaica,JAM,2022-02-25,47.95
Jamaica,JAM,2022-02-26,48.02
Jamaica,JAM,2022-02-27,48.06
Jamaica,JAM,2022-02-28,48.09
Jamaica,JAM,2022-03-02,48.22
Jamaica,JAM,2022-03-03,48.23
Jamaica,JAM,2022-03-04,48.31
Jamaica,JAM,2022-03-05,48.37
Jamaica,JAM,2022-03-06,48.4
Jamaica,JAM,2022-03-07,48.41
Jamaica,JAM,2022-03-08,48.47
Jamaica,JAM,2022-03-09,48.54
Jamaica,JAM,2022-03-10,48.66
Jamaica,JAM,2022-03-12,48.72
Jamaica,JAM,2022-03-13,48.73
Jamaica,JAM,2022-03-14,48.76
Jamaica,JAM,2022-03-15,48.8
Jamaica,JAM,2022-03-16,48.87
Jamaica,JAM,2022-03-17,48.92
Jamaica,JAM,2022-03-18,48.97
Jamaica,JAM,2022-03-21,49.04
Jamaica,JAM,2022-03-22,49.07
Jamaica,JAM,2022-03-23,49.12
Jamaica,JAM,2022-03-24,49.15
Jamaica,JAM,2022-03-25,49.19
Jamaica,JAM,2022-03-26,49.24
Jamaica,JAM,2022-03-28,49.26
Jamaica,JAM,2022-03-29,49.29
Jamaica,JAM,2022-03-30,49.33
Jamaica,JAM,2022-03-31,49.37
Jamaica,JAM,2022-04-03,49.4
Jamaica,JAM,2022-04-04,49.46
Jamaica,JAM,2022-04-05,49.48
Jamaica,JAM,2022-04-06,49.53
Jamaica,JAM,2022-04-07,49.56
Jamaica,JAM,2022-04-10,49.59
Jamaica,JAM,2022-04-11,49.66
Jamaica,JAM,2022-04-12,49.69
Jamaica,JAM,2022-04-13,49.71
Jamaica,JAM,2022-04-14,49.75
Jamaica,JAM,2022-04-17,49.77
Jamaica,JAM,2022-04-18,49.79
Jamaica,JAM,2022-04-19,49.79
Jamaica,JAM,2022-04-20,49.83
Jamaica,JAM,2022-04-21,49.86
Jamaica,JAM,2022-04-22,49.9
Jamaica,JAM,2022-04-25,49.94
Jamaica,JAM,2022-04-26,49.98
Jamaica,JAM,2022-04-27,49.98
Jamaica,JAM,2022-05-02,50
Jamaica,JAM,2022-05-03,50.17
Jamaica,JAM,2022-05-05,50.24
Jamaica,JAM,2022-05-06,50.28
Jamaica,JAM,2022-05-08,50.29
Jamaica,JAM,2022-05-09,50.31
Jamaica,JAM,2022-05-11,50.38
Jamaica,JAM,2022-05-13,50.45
Jamaica,JAM,2022-05-16,50.5
Jamaica,JAM,2022-05-17,50.53
Jamaica,JAM,2022-05-19,50.59
Jamaica,JAM,2022-05-20,50.63
Jamaica,JAM,2022-05-22,50.67
Jamaica,JAM,2022-05-24,50.68
Jamaica,JAM,2022-05-25,50.71
Jamaica,JAM,2022-05-26,50.74
Jamaica,JAM,2022-05-29,50.82
Jamaica,JAM,2022-05-30,50.85
Jamaica,JAM,2022-06-01,51.03
Jamaica,JAM,2022-06-03,51.05
Jamaica,JAM,2022-06-06,51.1
Jamaica,JAM,2022-06-07,51.12
Jamaica,JAM,2022-06-08,51.16
Jamaica,JAM,2022-06-10,51.21
Jamaica,JAM,2022-06-13,51.26
Jamaica,JAM,2022-06-16,51.33
Jamaica,JAM,2022-06-17,51.36
Jamaica,JAM,2022-06-20,51.38
Jamaica,JAM,2022-06-21,51.41
Jamaica,JAM,2022-06-22,51.43
Jamaica,JAM,2022-06-23,51.45
Jamaica,JAM,2022-06-24,51.47
Jamaica,JAM,2022-06-25,51.49
Jamaica,JAM,2022-06-27,51.5
Jamaica,JAM,2022-06-28,51.53
Jamaica,JAM,2022-06-29,51.55
Jamaica,JAM,2022-06-30,51.57
Jamaica,JAM,2022-07-01,51.59
Jamaica,JAM,2022-07-04,51.61
Jamaica,JAM,2022-07-05,51.64
Jamaica,JAM,2022-07-06,51.66
Jamaica,JAM,2022-07-07,51.68
Jamaica,JAM,2022-07-08,51.71
Jamaica,JAM,2022-07-19,51.75
Jamaica,JAM,2022-07-20,51.89
Jamaica,JAM,2022-07-25,51.96
Jamaica,JAM,2022-07-26,51.98
Jamaica,JAM,2022-08-01,52.02
Japan,JPN,2021-02-17,0
Japan,JPN,2021-02-18,0
Japan,JPN,2021-02-19,0
Japan,JPN,2021-02-22,0.01
Japan,JPN,2021-02-24,0.01
Japan,JPN,2021-02-25,0.02
Japan,JPN,2021-02-26,0.02
Japan,JPN,2021-03-01,0.03
Japan,JPN,2021-03-02,0.03
Japan,JPN,2021-03-03,0.03
Japan,JPN,2021-03-04,0.03
Japan,JPN,2021-03-05,0.04
Japan,JPN,2021-03-08,0.06
Japan,JPN,2021-03-09,0.09
Japan,JPN,2021-03-10,0.12
Japan,JPN,2021-03-11,0.15
Japan,JPN,2021-03-12,0.19
Japan,JPN,2021-03-15,0.23
Japan,JPN,2021-03-16,0.29
Japan,JPN,2021-03-17,0.35
Japan,JPN,2021-03-18,0.41
Japan,JPN,2021-03-19,0.46
Japan,JPN,2021-03-22,0.52
Japan,JPN,2021-03-23,0.56
Japan,JPN,2021-03-24,0.59
Japan,JPN,2021-03-25,0.62
Japan,JPN,2021-03-26,0.66
Japan,JPN,2021-03-29,0.71
Japan,JPN,2021-03-30,0.76
Japan,JPN,2021-03-31,0.8
Japan,JPN,2021-04-01,0.84
Japan,JPN,2021-04-02,0.88
Japan,JPN,2021-04-05,0.96
Japan,JPN,2021-04-06,1.03
Japan,JPN,2021-04-07,1.12
Japan,JPN,2021-04-08,1.19
Japan,JPN,2021-04-09,1.28
Japan,JPN,2021-04-12,1.36
Japan,JPN,2021-04-13,1.41
Japan,JPN,2021-04-14,1.45
Japan,JPN,2021-04-15,1.5
Japan,JPN,2021-04-16,1.57
Japan,JPN,2021-04-17,1.57
Japan,JPN,2021-04-18,1.58
Japan,JPN,2021-04-19,1.7
Japan,JPN,2021-04-20,1.84
Japan,JPN,2021-04-21,2.01
Japan,JPN,2021-04-22,2.17
Japan,JPN,2021-04-23,2.35
Japan,JPN,2021-04-24,2.38
Japan,JPN,2021-04-25,2.4
Japan,JPN,2021-04-26,2.66
Japan,JPN,2021-04-27,2.88
Japan,JPN,2021-04-28,3.14
Japan,JPN,2021-04-29,3.15
Japan,JPN,2021-04-30,3.42
Japan,JPN,2021-05-01,3.46
Japan,JPN,2021-05-02,3.48
Japan,JPN,2021-05-03,3.48
Japan,JPN,2021-05-04,3.49
Japan,JPN,2021-05-05,3.5
Japan,JPN,2021-05-06,3.81
Japan,JPN,2021-05-07,3.97
Japan,JPN,2021-05-08,4.03
Japan,JPN,2021-05-09,4.1
Japan,JPN,2021-05-10,4.39
Japan,JPN,2021-05-11,4.66
Japan,JPN,2021-05-12,4.98
Japan,JPN,2021-05-13,5.33
Japan,JPN,2021-05-14,5.67
Japan,JPN,2021-05-15,5.81
Japan,JPN,2021-05-16,5.99
Japan,JPN,2021-05-17,6.48
Japan,JPN,2021-05-18,6.94
Japan,JPN,2021-05-19,7.46
Japan,JPN,2021-05-20,7.9
Japan,JPN,2021-05-21,8.38
Japan,JPN,2021-05-22,8.64
Japan,JPN,2021-05-23,8.93
Japan,JPN,2021-05-24,9.57
Japan,JPN,2021-05-25,10.11
Japan,JPN,2021-05-26,10.7
Japan,JPN,2021-05-27,11.31
Japan,JPN,2021-05-28,11.91
Japan,JPN,2021-05-29,12.34
Japan,JPN,2021-05-30,12.77
Japan,JPN,2021-05-31,13.5
Japan,JPN,2021-06-01,14.25
Japan,JPN,2021-06-02,15.05
Japan,JPN,2021-06-03,15.83
Japan,JPN,2021-06-04,16.59
Japan,JPN,2021-06-05,17.2
Japan,JPN,2021-06-06,17.81
Japan,JPN,2021-06-07,18.7
Japan,JPN,2021-06-08,19.61
Japan,JPN,2021-06-09,20.57
Japan,JPN,2021-06-10,21.49
Japan,JPN,2021-06-11,22.41
Japan,JPN,2021-06-12,23.17
Japan,JPN,2021-06-13,23.91
Japan,JPN,2021-06-14,24.92
Japan,JPN,2021-06-15,25.95
Japan,JPN,2021-06-16,27
Japan,JPN,2021-06-17,28.06
Japan,JPN,2021-06-18,29.08
Japan,JPN,2021-06-19,29.98
Japan,JPN,2021-06-20,30.88
Japan,JPN,2021-06-21,32.01
Japan,JPN,2021-06-22,33.18
Japan,JPN,2021-06-23,34.39
Japan,JPN,2021-06-24,35.59
Japan,JPN,2021-06-25,36.78
Japan,JPN,2021-06-26,37.87
Japan,JPN,2021-06-27,38.94
Japan,JPN,2021-06-28,40.18
Japan,JPN,2021-06-29,41.46
Japan,JPN,2021-06-30,42.76
Japan,JPN,2021-07-01,43.89
Japan,JPN,2021-07-02,45
Japan,JPN,2021-07-03,46.22
Japan,JPN,2021-07-04,47.35
Japan,JPN,2021-07-05,48.72
Japan,JPN,2021-07-06,50.12
Japan,JPN,2021-07-07,51.52
Japan,JPN,2021-07-08,52.92
Japan,JPN,2021-07-09,54.33
Japan,JPN,2021-07-10,55.7
Japan,JPN,2021-07-11,56.86
Japan,JPN,2021-07-12,58.14
Japan,JPN,2021-07-13,59.44
Japan,JPN,2021-07-14,60.73
Japan,JPN,2021-07-15,61.99
Japan,JPN,2021-07-16,63.27
Japan,JPN,2021-07-17,64.5
Japan,JPN,2021-07-18,65.57
Japan,JPN,2021-07-19,66.59
Japan,JPN,2021-07-20,67.86
Japan,JPN,2021-07-21,69.11
Japan,JPN,2021-07-22,69.65
Japan,JPN,2021-07-23,70.08
Japan,JPN,2021-07-24,71.14
Japan,JPN,2021-07-25,72.11
Japan,JPN,2021-07-26,73.36
Japan,JPN,2021-07-27,74.64
Japan,JPN,2021-07-28,75.94
Japan,JPN,2021-07-29,77.23
Japan,JPN,2021-07-30,78.58
Japan,JPN,2021-07-31,79.9
Japan,JPN,2021-08-01,80.92
Japan,JPN,2021-08-02,82.04
Japan,JPN,2021-08-03,83.21
Japan,JPN,2021-08-04,84.37
Japan,JPN,2021-08-05,85.53
Japan,JPN,2021-08-06,86.76
Japan,JPN,2021-08-07,88.04
Japan,JPN,2021-08-08,89.04
Japan,JPN,2021-08-09,89.36
Japan,JPN,2021-08-10,90.42
Japan,JPN,2021-08-11,91.42
Japan,JPN,2021-08-12,92.16
Japan,JPN,2021-08-13,92.7
Japan,JPN,2021-08-14,93.32
Japan,JPN,2021-08-15,93.92
Japan,JPN,2021-08-16,94.74
Japan,JPN,2021-08-17,95.75
Japan,JPN,2021-08-18,96.76
Japan,JPN,2021-08-19,97.74
Japan,JPN,2021-08-20,98.79
Japan,JPN,2021-08-21,99.95
Japan,JPN,2021-08-22,100.95
Japan,JPN,2021-08-23,101.92
Japan,JPN,2021-08-24,102.93
Japan,JPN,2021-08-25,103.93
Japan,JPN,2021-08-26,104.87
Japan,JPN,2021-08-27,105.92
Japan,JPN,2021-08-28,107.11
Japan,JPN,2021-08-29,108.1
Japan,JPN,2021-08-30,108.65
Japan,JPN,2021-08-31,109.6
Japan,JPN,2021-09-01,110.52
Japan,JPN,2021-09-02,111.27
Japan,JPN,2021-09-03,112.2
Japan,JPN,2021-09-04,113.33
Japan,JPN,2021-09-05,114.28
Japan,JPN,2021-09-06,115.12
Japan,JPN,2021-09-07,116.05
Japan,JPN,2021-09-08,116.98
Japan,JPN,2021-09-09,117.88
Japan,JPN,2021-09-10,118.9
Japan,JPN,2021-09-11,120.11
Japan,JPN,2021-09-12,121.09
Japan,JPN,2021-09-13,121.92
Japan,JPN,2021-09-14,122.8
Japan,JPN,2021-09-15,123.66
Japan,JPN,2021-09-16,124.51
Japan,JPN,2021-09-17,125.49
Japan,JPN,2021-09-18,126.67
Japan,JPN,2021-09-19,127.59
Japan,JPN,2021-09-20,127.84
Japan,JPN,2021-09-21,128.72
Japan,JPN,2021-09-22,129.59
Japan,JPN,2021-09-23,129.93
Japan,JPN,2021-09-24,130.9
Japan,JPN,2021-09-25,132.12
Japan,JPN,2021-09-26,133.07
Japan,JPN,2021-09-27,133.87
Japan,JPN,2021-09-28,134.69
Japan,JPN,2021-09-29,135.5
Japan,JPN,2021-09-30,136.29
Japan,JPN,2021-10-01,137.16
Japan,JPN,2021-10-02,138.27
Japan,JPN,2021-10-03,139.14
Japan,JPN,2021-10-04,139.83
Japan,JPN,2021-10-05,140.55
Japan,JPN,2021-10-06,141.26
Japan,JPN,2021-10-07,141.94
Japan,JPN,2021-10-08,142.78
Japan,JPN,2021-10-09,143.85
Japan,JPN,2021-10-10,144.64
Japan,JPN,2021-10-11,145.04
Japan,JPN,2021-10-12,145.62
Japan,JPN,2021-10-13,146.08
Japan,JPN,2021-10-14,146.5
Japan,JPN,2021-10-15,147.16
Japan,JPN,2021-10-16,148.01
Japan,JPN,2021-10-17,148.61
Japan,JPN,2021-10-18,149.06
Japan,JPN,2021-10-19,149.53
Japan,JPN,2021-10-20,150
Japan,JPN,2021-10-21,150.43
Japan,JPN,2021-10-22,150.99
Japan,JPN,2021-10-23,151.74
Japan,JPN,2021-10-24,152.28
Japan,JPN,2021-10-25,152.65
Japan,JPN,2021-10-26,153.03
Japan,JPN,2021-10-27,153.4
Japan,JPN,2021-10-28,153.75
Japan,JPN,2021-10-29,154.2
Japan,JPN,2021-10-30,154.8
Japan,JPN,2021-10-31,155.22
Japan,JPN,2021-11-01,155.49
Japan,JPN,2021-11-02,155.74
Japan,JPN,2021-11-03,155.82
Japan,JPN,2021-11-04,156.09
Japan,JPN,2021-11-05,156.42
Japan,JPN,2021-11-06,156.87
Japan,JPN,2021-11-07,157.15
Japan,JPN,2021-11-08,157.33
Japan,JPN,2021-11-09,157.52
Japan,JPN,2021-11-10,157.68
Japan,JPN,2021-11-11,157.83
Japan,JPN,2021-11-12,158.05
Japan,JPN,2021-11-13,158.34
Japan,JPN,2021-11-14,158.5
Japan,JPN,2021-11-15,158.62
Japan,JPN,2021-11-16,158.74
Japan,JPN,2021-11-17,158.85
Japan,JPN,2021-11-18,158.96
Japan,JPN,2021-11-19,159.12
Japan,JPN,2021-11-20,159.34
Japan,JPN,2021-11-21,159.47
Japan,JPN,2021-11-22,159.54
Japan,JPN,2021-11-23,159.56
Japan,JPN,2021-11-24,159.62
Japan,JPN,2021-11-25,159.69
Japan,JPN,2021-11-26,159.81
Japan,JPN,2021-11-27,159.98
Japan,JPN,2021-11-28,160.07
Japan,JPN,2021-11-29,160.13
Japan,JPN,2021-11-30,160.19
Japan,JPN,2021-12-01,160.24
Japan,JPN,2021-12-02,160.28
Japan,JPN,2021-12-03,160.35
Japan,JPN,2021-12-04,160.45
Japan,JPN,2021-12-05,160.49
Japan,JPN,2021-12-06,160.53
Japan,JPN,2021-12-07,160.57
Japan,JPN,2021-12-08,160.6
Japan,JPN,2021-12-09,160.64
Japan,JPN,2021-12-10,160.72
Japan,JPN,2021-12-11,160.78
Japan,JPN,2021-12-12,160.8
Japan,JPN,2021-12-13,160.85
Japan,JPN,2021-12-14,160.89
Japan,JPN,2021-12-15,160.96
Japan,JPN,2021-12-16,161.03
Japan,JPN,2021-12-17,161.15
Japan,JPN,2021-12-18,161.25
Japan,JPN,2021-12-19,161.28
Japan,JPN,2021-12-20,161.35
Japan,JPN,2021-12-21,161.42
Japan,JPN,2021-12-22,161.5
Japan,JPN,2021-12-23,161.59
Japan,JPN,2021-12-24,161.72
Japan,JPN,2021-12-25,161.82
Japan,JPN,2021-12-26,161.85
Japan,JPN,2021-12-27,161.92
Japan,JPN,2021-12-28,161.99
Japan,JPN,2021-12-29,162.03
Japan,JPN,2021-12-30,162.04
Japan,JPN,2021-12-31,162.04
Japan,JPN,2022-01-01,162.04
Japan,JPN,2022-01-02,162.04
Japan,JPN,2022-01-03,162.04
Japan,JPN,2022-01-04,162.06
Japan,JPN,2022-01-05,162.1
Japan,JPN,2022-01-06,162.15
Japan,JPN,2022-01-07,162.27
Japan,JPN,2022-01-08,162.42
Japan,JPN,2022-01-09,162.45
Japan,JPN,2022-01-10,162.46
Japan,JPN,2022-01-11,162.55
Japan,JPN,2022-01-12,162.67
Japan,JPN,2022-01-13,162.79
Japan,JPN,2022-01-14,163.01
Japan,JPN,2022-01-15,163.2
Japan,JPN,2022-01-16,163.25
Japan,JPN,2022-01-17,163.4
Japan,JPN,2022-01-18,163.58
Japan,JPN,2022-01-19,163.79
Japan,JPN,2022-01-20,163.99
Japan,JPN,2022-01-21,164.3
Japan,JPN,2022-01-22,164.56
Japan,JPN,2022-01-23,164.64
Japan,JPN,2022-01-24,164.87
Japan,JPN,2022-01-25,165.13
Japan,JPN,2022-01-26,165.41
Japan,JPN,2022-01-27,165.68
Japan,JPN,2022-01-28,166.07
Japan,JPN,2022-01-29,166.41
Japan,JPN,2022-01-30,166.56
Japan,JPN,2022-01-31,166.84
Japan,JPN,2022-02-01,167.38
Japan,JPN,2022-02-02,167.9
Japan,JPN,2022-02-03,168.43
Japan,JPN,2022-02-04,169.09
Japan,JPN,2022-02-05,169.71
Japan,JPN,2022-02-06,170.12
Japan,JPN,2022-02-07,170.77
Japan,JPN,2022-02-08,171.5
Japan,JPN,2022-02-09,172.22
Japan,JPN,2022-02-10,172.96
Japan,JPN,2022-02-11,173.27
Japan,JPN,2022-02-12,174.03
Japan,JPN,2022-02-13,174.54
Japan,JPN,2022-02-14,175.26
Japan,JPN,2022-02-15,176.06
Japan,JPN,2022-02-16,176.84
Japan,JPN,2022-02-17,177.6
Japan,JPN,2022-02-18,178.5
Japan,JPN,2022-02-19,179.39
Japan,JPN,2022-02-20,179.99
Japan,JPN,2022-02-21,180.76
Japan,JPN,2022-02-22,181.62
Japan,JPN,2022-02-23,181.97
Japan,JPN,2022-02-24,182.76
Japan,JPN,2022-02-25,183.69
Japan,JPN,2022-02-26,184.65
Japan,JPN,2022-02-27,185.31
Japan,JPN,2022-02-28,186.05
Japan,JPN,2022-03-01,186.85
Japan,JPN,2022-03-02,187.61
Japan,JPN,2022-03-03,188.38
Japan,JPN,2022-03-04,189.34
Japan,JPN,2022-03-05,190.32
Japan,JPN,2022-03-06,190.97
Japan,JPN,2022-03-07,191.69
Japan,JPN,2022-03-08,192.44
Japan,JPN,2022-03-09,193.16
Japan,JPN,2022-03-10,193.87
Japan,JPN,2022-03-11,194.79
Japan,JPN,2022-03-12,195.76
Japan,JPN,2022-03-13,196.34
Japan,JPN,2022-03-14,197
Japan,JPN,2022-03-15,197.69
Japan,JPN,2022-03-16,198.35
Japan,JPN,2022-03-17,198.99
Japan,JPN,2022-03-18,199.88
Japan,JPN,2022-03-19,200.83
Japan,JPN,2022-03-20,201.39
Japan,JPN,2022-03-21,201.55
Japan,JPN,2022-03-22,202.17
Japan,JPN,2022-03-23,202.74
Japan,JPN,2022-03-24,203.31
Japan,JPN,2022-03-25,204.14
Japan,JPN,2022-03-26,205.01
Japan,JPN,2022-03-27,205.47
Japan,JPN,2022-03-28,206.01
Japan,JPN,2022-03-29,206.54
Japan,JPN,2022-03-30,207.01
Japan,JPN,2022-03-31,207.41
Japan,JPN,2022-04-01,207.93
Japan,JPN,2022-04-02,208.55
Japan,JPN,2022-04-03,208.84
Japan,JPN,2022-04-04,209.2
Japan,JPN,2022-04-05,209.57
Japan,JPN,2022-04-06,209.92
Japan,JPN,2022-04-07,210.27
Japan,JPN,2022-04-08,210.87
Japan,JPN,2022-04-09,211.56
Japan,JPN,2022-04-10,211.87
Japan,JPN,2022-04-11,212.2
Japan,JPN,2022-04-12,212.54
Japan,JPN,2022-04-13,212.87
Japan,JPN,2022-04-14,213.19
Japan,JPN,2022-04-15,213.81
Japan,JPN,2022-04-16,214.51
Japan,JPN,2022-04-17,214.82
Japan,JPN,2022-04-18,215.13
Japan,JPN,2022-04-19,215.44
Japan,JPN,2022-04-20,215.75
Japan,JPN,2022-04-21,216.05
Japan,JPN,2022-04-22,216.66
Japan,JPN,2022-04-23,217.38
Japan,JPN,2022-04-24,217.68
Japan,JPN,2022-04-25,217.98
Japan,JPN,2022-04-26,218.27
Japan,JPN,2022-04-27,218.56
Japan,JPN,2022-04-28,218.95
Japan,JPN,2022-04-29,219.16
Japan,JPN,2022-04-30,219.65
Japan,JPN,2022-05-01,219.79
Japan,JPN,2022-05-02,220
Japan,JPN,2022-05-03,220.06
Japan,JPN,2022-05-04,220.1
Japan,JPN,2022-05-05,220.13
Japan,JPN,2022-05-06,220.42
Japan,JPN,2022-05-07,220.78
Japan,JPN,2022-05-08,220.91
Japan,JPN,2022-05-09,221.09
Japan,JPN,2022-05-10,221.28
Japan,JPN,2022-05-11,221.46
Japan,JPN,2022-05-12,221.64
Japan,JPN,2022-05-13,222.04
Japan,JPN,2022-05-14,222.51
Japan,JPN,2022-05-15,222.67
Japan,JPN,2022-05-16,222.84
Japan,JPN,2022-05-17,223
Japan,JPN,2022-05-18,223.15
Japan,JPN,2022-05-19,223.3
Japan,JPN,2022-05-20,223.63
Japan,JPN,2022-05-21,224.02
Japan,JPN,2022-05-22,224.14
Japan,JPN,2022-05-23,224.26
Japan,JPN,2022-05-24,224.38
Japan,JPN,2022-05-25,224.49
Japan,JPN,2022-05-26,224.61
Japan,JPN,2022-05-27,224.9
Japan,JPN,2022-05-28,225.25
Japan,JPN,2022-05-29,225.35
Japan,JPN,2022-05-30,225.46
Japan,JPN,2022-05-31,225.55
Japan,JPN,2022-06-01,225.63
Japan,JPN,2022-06-02,225.7
Japan,JPN,2022-06-03,225.89
Japan,JPN,2022-06-04,226.13
Japan,JPN,2022-06-05,226.18
Japan,JPN,2022-06-06,226.25
Japan,JPN,2022-06-07,226.32
Japan,JPN,2022-06-08,226.39
Japan,JPN,2022-06-09,226.45
Japan,JPN,2022-06-10,226.63
Japan,JPN,2022-06-11,226.84
Japan,JPN,2022-06-12,226.9
Japan,JPN,2022-06-13,226.96
Japan,JPN,2022-06-14,227.02
Japan,JPN,2022-06-15,227.09
Japan,JPN,2022-06-16,227.15
Japan,JPN,2022-06-17,227.31
Japan,JPN,2022-06-18,227.51
Japan,JPN,2022-06-19,227.55
Japan,JPN,2022-06-20,227.62
Japan,JPN,2022-06-21,227.69
Japan,JPN,2022-06-22,227.77
Japan,JPN,2022-06-23,227.84
Japan,JPN,2022-06-24,228.02
Japan,JPN,2022-06-25,228.24
Japan,JPN,2022-06-26,228.29
Japan,JPN,2022-06-27,228.39
Japan,JPN,2022-06-28,228.5
Japan,JPN,2022-06-29,228.6
Japan,JPN,2022-06-30,228.7
Japan,JPN,2022-07-01,228.93
Japan,JPN,2022-07-02,229.15
Japan,JPN,2022-07-03,229.22
Japan,JPN,2022-07-04,229.42
Japan,JPN,2022-07-05,229.64
Japan,JPN,2022-07-06,229.84
Japan,JPN,2022-07-07,230.07
Japan,JPN,2022-07-08,230.45
Japan,JPN,2022-07-09,230.81
Japan,JPN,2022-07-10,230.94
Japan,JPN,2022-07-11,231.25
Japan,JPN,2022-07-12,231.6
Japan,JPN,2022-07-13,231.93
Japan,JPN,2022-07-14,232.27
Japan,JPN,2022-07-15,232.78
Japan,JPN,2022-07-16,233.31
Japan,JPN,2022-07-17,233.55
Japan,JPN,2022-07-18,233.63
Japan,JPN,2022-07-19,234.07
Japan,JPN,2022-07-20,234.52
Japan,JPN,2022-07-21,234.95
Japan,JPN,2022-07-22,235.55
Japan,JPN,2022-07-23,236.18
Japan,JPN,2022-07-24,236.51
Japan,JPN,2022-07-25,236.95
Japan,JPN,2022-07-26,237.42
Japan,JPN,2022-07-27,237.87
Japan,JPN,2022-07-28,238.3
Japan,JPN,2022-07-29,238.85
Japan,JPN,2022-07-30,239.43
Japan,JPN,2022-07-31,239.72
Japan,JPN,2022-08-01,240.03
Japan,JPN,2022-08-02,240.32
Jersey,JEY,2021-03-14,41.74
Jersey,JEY,2021-03-21,47.68
Jersey,JEY,2021-03-28,53.94
Jersey,JEY,2021-04-04,61.81
Jersey,JEY,2021-04-11,64.64
Jersey,JEY,2021-04-18,70.41
Jersey,JEY,2021-04-25,75.48
Jersey,JEY,2021-05-02,80.65
Jersey,JEY,2021-05-12,86.28
Jersey,JEY,2021-05-16,88.82
Jersey,JEY,2021-05-19,90.99
Jersey,JEY,2021-05-23,94
Jersey,JEY,2021-05-26,96.44
Jersey,JEY,2021-05-30,99.05
Jersey,JEY,2021-06-02,101.24
Jersey,JEY,2021-06-06,103.26
Jersey,JEY,2021-06-09,104.56
Jersey,JEY,2021-06-13,106.38
Jersey,JEY,2021-06-16,107.84
Jersey,JEY,2021-06-20,109.45
Jersey,JEY,2021-06-23,110.57
Jersey,JEY,2021-06-27,112.14
Jersey,JEY,2021-07-04,115.45
Jersey,JEY,2021-07-07,117.36
Jersey,JEY,2021-07-11,119.32
Jersey,JEY,2021-07-14,121.09
Jersey,JEY,2021-07-18,123.5
Jersey,JEY,2021-07-21,125.46
Jersey,JEY,2021-07-25,127.94
Jersey,JEY,2021-07-28,129.6
Jersey,JEY,2021-08-01,130.68
Jersey,JEY,2021-08-04,131.48
Jersey,JEY,2021-08-08,132.18
Jersey,JEY,2021-08-11,132.88
Jersey,JEY,2021-08-15,133.59
Jersey,JEY,2021-08-18,133.97
Jersey,JEY,2021-08-22,134.69
Jersey,JEY,2021-08-29,135.68
Jersey,JEY,2021-09-01,136.25
Jersey,JEY,2021-09-05,136.61
Jersey,JEY,2021-09-08,136.9
Jersey,JEY,2021-09-12,137.18
Jersey,JEY,2021-09-15,137.43
Jersey,JEY,2021-09-19,137.65
Jersey,JEY,2021-09-22,137.8
Jersey,JEY,2021-09-26,139.75
Jersey,JEY,2021-09-29,141.33
Jersey,JEY,2021-10-03,143.48
Jersey,JEY,2021-10-06,145.13
Jersey,JEY,2021-10-13,148.63
Jersey,JEY,2021-10-17,150.59
Jersey,JEY,2021-10-20,152.26
Jersey,JEY,2021-10-24,154.28
Jersey,JEY,2021-10-27,155.79
Jersey,JEY,2021-10-31,157.57
Jersey,JEY,2021-11-03,158.86
Jersey,JEY,2021-11-07,160.58
Jersey,JEY,2021-11-10,161.94
Jersey,JEY,2021-11-14,163.74
Jersey,JEY,2021-11-17,165.21
Jersey,JEY,2021-11-21,167
Jersey,JEY,2021-11-24,168.67
Jersey,JEY,2021-11-28,170.8
Jersey,JEY,2021-12-01,172.9
Jersey,JEY,2021-12-05,175.21
Jersey,JEY,2021-12-08,177.23
Jersey,JEY,2021-12-12,179.59
Jersey,JEY,2021-12-15,181.98
Jersey,JEY,2021-12-19,184.95
Jersey,JEY,2021-12-26,188.82
Jersey,JEY,2021-12-29,191.52
Jersey,JEY,2022-01-02,192.88
Jersey,JEY,2022-01-05,194.76
Jersey,JEY,2022-01-09,196.35
Jersey,JEY,2022-01-12,197.48
Jersey,JEY,2022-01-16,198.51
Jersey,JEY,2022-01-19,199.08
Jersey,JEY,2022-01-23,199.69
Jersey,JEY,2022-01-26,200.11
Jersey,JEY,2022-01-30,200.56
Jersey,JEY,2022-02-06,201.27
Jersey,JEY,2022-02-13,201.82
Jersey,JEY,2022-02-24,202.47
Jersey,JEY,2022-02-27,202.86
Jersey,JEY,2022-03-06,203.25
Jersey,JEY,2022-03-13,203.61
Jersey,JEY,2022-03-20,206.25
Jersey,JEY,2022-03-27,208.05
Jersey,JEY,2022-04-03,209.03
Jersey,JEY,2022-04-10,209.98
Jersey,JEY,2022-04-17,210.89
Jersey,JEY,2022-04-24,211.97
Jersey,JEY,2022-05-01,212.53
Jersey,JEY,2022-05-08,213.04
Jersey,JEY,2022-05-15,213.45
Jersey,JEY,2022-05-22,213.8
Jersey,JEY,2022-05-29,214.08
Jersey,JEY,2022-06-05,214.36
Jersey,JEY,2022-06-12,214.6
Jersey,JEY,2022-06-19,214.87
Jersey,JEY,2022-06-26,215.32
Jersey,JEY,2022-07-03,215.88
Jersey,JEY,2022-07-10,216.22
Jersey,JEY,2022-07-17,216.51
Jersey,JEY,2022-07-24,216.81
Jordan,JOR,2021-01-12,0
Jordan,JOR,2021-01-23,0.27
Jordan,JOR,2021-01-31,0.36
Jordan,JOR,2021-02-22,0.72
Jordan,JOR,2021-02-25,1.35
Jordan,JOR,2021-03-15,1.83
Jordan,JOR,2021-03-17,2.17
Jordan,JOR,2021-03-21,2.45
Jordan,JOR,2021-03-24,2.87
Jordan,JOR,2021-03-30,3.67
Jordan,JOR,2021-04-07,4.71
Jordan,JOR,2021-04-14,5.97
Jordan,JOR,2021-04-19,6.57
Jordan,JOR,2021-04-29,8.25
Jordan,JOR,2021-05-04,9.79
Jordan,JOR,2021-05-18,12.74
Jordan,JOR,2021-05-26,15.7
Jordan,JOR,2021-05-27,16.86
Jordan,JOR,2021-05-28,17.08
Jordan,JOR,2021-06-06,20.7
Jordan,JOR,2021-06-08,22.31
Jordan,JOR,2021-06-10,22.56
Jordan,JOR,2021-06-11,22.57
Jordan,JOR,2021-06-13,23.34
Jordan,JOR,2021-06-14,24.05
Jordan,JOR,2021-06-15,24.68
Jordan,JOR,2021-06-16,25.28
Jordan,JOR,2021-06-17,25.94
Jordan,JOR,2021-06-18,25.95
Jordan,JOR,2021-06-19,26.14
Jordan,JOR,2021-06-20,27.8
Jordan,JOR,2021-06-21,28.68
Jordan,JOR,2021-06-24,29.97
Jordan,JOR,2021-06-25,30.31
Jordan,JOR,2021-06-26,30.86
Jordan,JOR,2021-06-27,31.6
Jordan,JOR,2021-06-28,32.45
Jordan,JOR,2021-06-30,35.05
Jordan,JOR,2021-07-02,35.13
Jordan,JOR,2021-07-04,35.84
Jordan,JOR,2021-07-05,36.36
Jordan,JOR,2021-07-06,36.92
Jordan,JOR,2021-07-07,37.5
Jordan,JOR,2021-07-09,38.08
Jordan,JOR,2021-07-11,38.68
Jordan,JOR,2021-07-12,39.17
Jordan,JOR,2021-07-13,39.54
Jordan,JOR,2021-07-14,39.95
Jordan,JOR,2021-07-15,40.59
Jordan,JOR,2021-07-17,41.03
Jordan,JOR,2021-07-18,41.63
Jordan,JOR,2021-07-19,41.66
Jordan,JOR,2021-07-21,41.66
Jordan,JOR,2021-07-22,41.88
Jordan,JOR,2021-07-24,42.6
Jordan,JOR,2021-07-25,43.49
Jordan,JOR,2021-07-26,44.36
Jordan,JOR,2021-07-27,45.11
Jordan,JOR,2021-07-29,46.25
Jordan,JOR,2021-07-30,46.41
Jordan,JOR,2021-07-31,46.78
Jordan,JOR,2021-08-01,47.23
Jordan,JOR,2021-08-09,50.41
Jordan,JOR,2021-08-10,50.43
Jordan,JOR,2021-08-11,50.99
Jordan,JOR,2021-08-13,51.06
Jordan,JOR,2021-08-14,51.5
Jordan,JOR,2021-08-15,51.95
Jordan,JOR,2021-08-16,52.44
Jordan,JOR,2021-08-17,52.9
Jordan,JOR,2021-08-18,53.4
Jordan,JOR,2021-08-19,53.82
Jordan,JOR,2021-08-20,53.89
Jordan,JOR,2021-08-21,54.21
Jordan,JOR,2021-08-22,54.7
Jordan,JOR,2021-08-23,55.04
Jordan,JOR,2021-08-24,55.49
Jordan,JOR,2021-08-25,55.82
Jordan,JOR,2021-08-26,56.15
Jordan,JOR,2021-08-27,56.21
Jordan,JOR,2021-08-28,56.43
Jordan,JOR,2021-08-29,57.15
Jordan,JOR,2021-08-31,57.61
Jordan,JOR,2021-09-01,57.88
Jordan,JOR,2021-09-03,57.93
Jordan,JOR,2021-09-04,58.11
Jordan,JOR,2021-09-05,58.42
Jordan,JOR,2021-09-06,58.93
Jordan,JOR,2021-09-08,59.15
Jordan,JOR,2021-09-09,59.36
Jordan,JOR,2021-09-10,59.39
Jordan,JOR,2021-09-11,59.56
Jordan,JOR,2021-09-12,59.82
Jordan,JOR,2021-09-13,60.06
Jordan,JOR,2021-09-14,60.29
Jordan,JOR,2021-09-15,60.51
Jordan,JOR,2021-09-16,60.7
Jordan,JOR,2021-09-17,60.73
Jordan,JOR,2021-09-18,60.87
Jordan,JOR,2021-09-19,61.04
Jordan,JOR,2021-09-20,61.21
Jordan,JOR,2021-09-21,61.42
Jordan,JOR,2021-09-22,61.59
Jordan,JOR,2021-09-23,61.74
Jordan,JOR,2021-09-24,61.77
Jordan,JOR,2021-09-25,61.93
Jordan,JOR,2021-09-26,62.07
Jordan,JOR,2021-09-27,62.28
Jordan,JOR,2021-09-28,62.43
Jordan,JOR,2021-09-29,62.58
Jordan,JOR,2021-09-30,62.81
Jordan,JOR,2021-10-01,62.84
Jordan,JOR,2021-10-02,62.97
Jordan,JOR,2021-10-03,63.13
Jordan,JOR,2021-10-04,63.35
Jordan,JOR,2021-10-05,63.53
Jordan,JOR,2021-10-07,63.86
Jordan,JOR,2021-10-08,63.89
Jordan,JOR,2021-10-09,64.17
Jordan,JOR,2021-10-12,64.45
Jordan,JOR,2021-10-13,64.58
Jordan,JOR,2021-10-14,64.7
Jordan,JOR,2021-10-15,64.72
Jordan,JOR,2021-10-16,64.82
Jordan,JOR,2021-10-17,64.93
Jordan,JOR,2021-10-18,65.03
Jordan,JOR,2021-10-19,65.33
Jordan,JOR,2021-10-21,65.54
Jordan,JOR,2021-10-22,65.57
Jordan,JOR,2021-10-23,65.75
Jordan,JOR,2021-10-24,65.97
Jordan,JOR,2021-10-25,66.18
Jordan,JOR,2021-10-26,66.38
Jordan,JOR,2021-10-27,66.55
Jordan,JOR,2021-10-28,66.74
Jordan,JOR,2021-10-29,66.77
Jordan,JOR,2021-10-30,66.9
Jordan,JOR,2021-10-31,67.07
Jordan,JOR,2021-11-01,67.25
Jordan,JOR,2021-11-02,67.4
Jordan,JOR,2021-11-03,67.55
Jordan,JOR,2021-11-04,67.69
Jordan,JOR,2021-11-05,67.71
Jordan,JOR,2021-11-06,67.82
Jordan,JOR,2021-11-07,67.94
Jordan,JOR,2021-11-08,68.07
Jordan,JOR,2021-11-09,68.19
Jordan,JOR,2021-11-10,68.28
Jordan,JOR,2021-11-11,68.44
Jordan,JOR,2021-11-12,68.46
Jordan,JOR,2021-11-13,68.56
Jordan,JOR,2021-11-14,68.73
Jordan,JOR,2021-11-15,68.9
Jordan,JOR,2021-11-16,69.04
Jordan,JOR,2021-11-18,69.33
Jordan,JOR,2021-11-20,69.45
Jordan,JOR,2021-11-21,69.57
Jordan,JOR,2021-11-22,69.69
Jordan,JOR,2021-11-23,69.87
Jordan,JOR,2021-11-24,70
Jordan,JOR,2021-11-25,70.17
Jordan,JOR,2021-11-27,70.3
Jordan,JOR,2021-11-28,70.45
Jordan,JOR,2021-11-29,70.59
Jordan,JOR,2021-11-30,70.73
Jordan,JOR,2021-12-01,70.83
Jordan,JOR,2021-12-02,70.95
Jordan,JOR,2021-12-03,70.98
Jordan,JOR,2021-12-04,71.12
Jordan,JOR,2021-12-05,71.32
Jordan,JOR,2021-12-06,71.52
Jordan,JOR,2021-12-07,71.67
Jordan,JOR,2021-12-08,71.81
Jordan,JOR,2021-12-09,71.93
Jordan,JOR,2021-12-10,71.96
Jordan,JOR,2021-12-11,72.06
Jordan,JOR,2021-12-12,72.21
Jordan,JOR,2021-12-13,72.48
Jordan,JOR,2021-12-15,72.6
Jordan,JOR,2021-12-16,72.73
Jordan,JOR,2021-12-17,72.75
Jordan,JOR,2021-12-18,72.85
Jordan,JOR,2021-12-19,73
Jordan,JOR,2021-12-20,73.22
Jordan,JOR,2021-12-22,73.35
Jordan,JOR,2021-12-23,73.49
Jordan,JOR,2021-12-24,73.51
Jordan,JOR,2021-12-26,73.74
Jordan,JOR,2021-12-27,73.97
Jordan,JOR,2021-12-28,74.14
Jordan,JOR,2022-01-19,81.15
Jordan,JOR,2022-01-25,82.05
Jordan,JOR,2022-02-02,83.13
Jordan,JOR,2022-02-06,83.66
Jordan,JOR,2022-02-09,84.12
Jordan,JOR,2022-02-15,84.63
Jordan,JOR,2022-02-23,85.14
Jordan,JOR,2022-03-02,86.55
Jordan,JOR,2022-03-10,87.26
Jordan,JOR,2022-03-31,88.2
Jordan,JOR,2022-04-18,88.57
Jordan,JOR,2022-04-27,88.77
Jordan,JOR,2022-05-05,88.81
Jordan,JOR,2022-05-13,89.01
Jordan,JOR,2022-05-20,89.15
Jordan,JOR,2022-05-29,89.27
Jordan,JOR,2022-06-13,89.62
Jordan,JOR,2022-06-27,89.62
Jordan,JOR,2022-06-28,89.77
Jordan,JOR,2022-07-10,89.95
Jordan,JOR,2022-07-19,89.99
Kazakhstan,KAZ,2021-01-31,0
Kazakhstan,KAZ,2021-02-11,0.07
Kazakhstan,KAZ,2021-02-24,0.12
Kazakhstan,KAZ,2021-03-15,0.46
Kazakhstan,KAZ,2021-03-18,0.57
Kazakhstan,KAZ,2021-04-10,2.01
Kazakhstan,KAZ,2021-04-12,2.31
Kazakhstan,KAZ,2021-04-18,4.46
Kazakhstan,KAZ,2021-04-21,4.65
Kazakhstan,KAZ,2021-04-22,4.98
Kazakhstan,KAZ,2021-04-24,5.22
Kazakhstan,KAZ,2021-04-27,5.91
Kazakhstan,KAZ,2021-04-28,8.13
Kazakhstan,KAZ,2021-05-04,9.22
Kazakhstan,KAZ,2021-05-05,10.55
Kazakhstan,KAZ,2021-05-07,11.25
Kazakhstan,KAZ,2021-05-11,12.79
Kazakhstan,KAZ,2021-05-14,13.09
Kazakhstan,KAZ,2021-05-15,13.36
Kazakhstan,KAZ,2021-05-16,13.5
Kazakhstan,KAZ,2021-05-17,13.56
Kazakhstan,KAZ,2021-05-18,13.81
Kazakhstan,KAZ,2021-05-19,14.07
Kazakhstan,KAZ,2021-05-20,14.35
Kazakhstan,KAZ,2021-05-21,14.63
Kazakhstan,KAZ,2021-05-22,14.96
Kazakhstan,KAZ,2021-05-23,15.12
Kazakhstan,KAZ,2021-05-24,15.18
Kazakhstan,KAZ,2021-05-25,15.44
Kazakhstan,KAZ,2021-05-26,15.68
Kazakhstan,KAZ,2021-05-27,16.14
Kazakhstan,KAZ,2021-05-29,16.36
Kazakhstan,KAZ,2021-05-31,16.51
Kazakhstan,KAZ,2021-06-01,16.7
Kazakhstan,KAZ,2021-06-02,16.89
Kazakhstan,KAZ,2021-06-03,17.07
Kazakhstan,KAZ,2021-06-04,17.31
Kazakhstan,KAZ,2021-06-05,17.58
Kazakhstan,KAZ,2021-06-06,17.76
Kazakhstan,KAZ,2021-06-07,17.9
Kazakhstan,KAZ,2021-06-08,18.23
Kazakhstan,KAZ,2021-06-09,18.58
Kazakhstan,KAZ,2021-06-10,18.94
Kazakhstan,KAZ,2021-06-11,19.35
Kazakhstan,KAZ,2021-06-12,19.83
Kazakhstan,KAZ,2021-06-13,20.12
Kazakhstan,KAZ,2021-06-14,20.27
Kazakhstan,KAZ,2021-06-15,20.75
Kazakhstan,KAZ,2021-06-16,21.19
Kazakhstan,KAZ,2021-06-17,21.66
Kazakhstan,KAZ,2021-06-18,22.17
Kazakhstan,KAZ,2021-06-19,22.64
Kazakhstan,KAZ,2021-06-20,22.91
Kazakhstan,KAZ,2021-06-21,23.07
Kazakhstan,KAZ,2021-06-22,23.57
Kazakhstan,KAZ,2021-06-23,24.02
Kazakhstan,KAZ,2021-06-24,24.56
Kazakhstan,KAZ,2021-06-25,25.14
Kazakhstan,KAZ,2021-06-26,25.79
Kazakhstan,KAZ,2021-06-27,26.16
Kazakhstan,KAZ,2021-06-28,26.41
Kazakhstan,KAZ,2021-06-29,27.09
Kazakhstan,KAZ,2021-06-30,27.8
Kazakhstan,KAZ,2021-07-01,28.41
Kazakhstan,KAZ,2021-07-02,29.11
Kazakhstan,KAZ,2021-07-03,29.94
Kazakhstan,KAZ,2021-07-04,30.69
Kazakhstan,KAZ,2021-07-05,31.06
Kazakhstan,KAZ,2021-07-06,31.56
Kazakhstan,KAZ,2021-07-07,32
Kazakhstan,KAZ,2021-07-08,32.84
Kazakhstan,KAZ,2021-07-09,33.7
Kazakhstan,KAZ,2021-07-10,34.55
Kazakhstan,KAZ,2021-07-11,35.12
Kazakhstan,KAZ,2021-07-12,35.5
Kazakhstan,KAZ,2021-07-13,36.35
Kazakhstan,KAZ,2021-07-14,37.21
Kazakhstan,KAZ,2021-07-15,38.04
Kazakhstan,KAZ,2021-07-17,39.42
Kazakhstan,KAZ,2021-07-18,39.83
Kazakhstan,KAZ,2021-07-19,40.08
Kazakhstan,KAZ,2021-07-20,40.73
Kazakhstan,KAZ,2021-07-21,41.01
Kazakhstan,KAZ,2021-07-22,41.68
Kazakhstan,KAZ,2021-07-23,42.36
Kazakhstan,KAZ,2021-07-24,43.08
Kazakhstan,KAZ,2021-07-25,43.54
Kazakhstan,KAZ,2021-07-26,43.81
Kazakhstan,KAZ,2021-07-27,44.51
Kazakhstan,KAZ,2021-07-28,45.15
Kazakhstan,KAZ,2021-07-29,45.9
Kazakhstan,KAZ,2021-07-30,46.64
Kazakhstan,KAZ,2021-07-31,47.41
Kazakhstan,KAZ,2021-08-01,47.97
Kazakhstan,KAZ,2021-08-02,48.27
Kazakhstan,KAZ,2021-08-03,49.08
Kazakhstan,KAZ,2021-08-04,49.9
Kazakhstan,KAZ,2021-08-05,50.7
Kazakhstan,KAZ,2021-08-06,51.4
Kazakhstan,KAZ,2021-08-07,52.11
Kazakhstan,KAZ,2021-08-08,52.53
Kazakhstan,KAZ,2021-08-09,52.79
Kazakhstan,KAZ,2021-08-10,53.41
Kazakhstan,KAZ,2021-08-11,54.1
Kazakhstan,KAZ,2021-08-12,54.72
Kazakhstan,KAZ,2021-08-13,55.26
Kazakhstan,KAZ,2021-08-14,55.8
Kazakhstan,KAZ,2021-08-15,56.13
Kazakhstan,KAZ,2021-08-16,56.32
Kazakhstan,KAZ,2021-08-17,56.83
Kazakhstan,KAZ,2021-08-18,57.32
Kazakhstan,KAZ,2021-08-19,57.81
Kazakhstan,KAZ,2021-08-20,58.29
Kazakhstan,KAZ,2021-08-21,58.79
Kazakhstan,KAZ,2021-08-22,59.11
Kazakhstan,KAZ,2021-08-23,59.29
Kazakhstan,KAZ,2021-08-24,59.82
Kazakhstan,KAZ,2021-08-25,60.28
Kazakhstan,KAZ,2021-08-26,60.53
Kazakhstan,KAZ,2021-08-27,61.22
Kazakhstan,KAZ,2021-08-28,61.72
Kazakhstan,KAZ,2021-08-29,62.04
Kazakhstan,KAZ,2021-08-30,62.25
Kazakhstan,KAZ,2021-08-31,62.49
Kazakhstan,KAZ,2021-09-01,63.08
Kazakhstan,KAZ,2021-09-02,63.62
Kazakhstan,KAZ,2021-09-03,64.12
Kazakhstan,KAZ,2021-09-04,64.61
Kazakhstan,KAZ,2021-09-05,64.94
Kazakhstan,KAZ,2021-09-06,65.13
Kazakhstan,KAZ,2021-09-07,65.6
Kazakhstan,KAZ,2021-09-08,66.08
Kazakhstan,KAZ,2021-09-09,66.5
Kazakhstan,KAZ,2021-09-10,66.91
Kazakhstan,KAZ,2021-09-11,67.28
Kazakhstan,KAZ,2021-09-12,67.54
Kazakhstan,KAZ,2021-09-13,67.69
Kazakhstan,KAZ,2021-09-14,68.09
Kazakhstan,KAZ,2021-09-15,68.46
Kazakhstan,KAZ,2021-09-16,68.84
Kazakhstan,KAZ,2021-09-17,69.22
Kazakhstan,KAZ,2021-09-18,69.64
Kazakhstan,KAZ,2021-09-19,69.95
Kazakhstan,KAZ,2021-09-20,70.12
Kazakhstan,KAZ,2021-09-21,70.51
Kazakhstan,KAZ,2021-09-22,70.95
Kazakhstan,KAZ,2021-09-23,71.36
Kazakhstan,KAZ,2021-09-24,71.76
Kazakhstan,KAZ,2021-09-25,72.16
Kazakhstan,KAZ,2021-09-26,72.42
Kazakhstan,KAZ,2021-09-27,72.58
Kazakhstan,KAZ,2021-09-28,73
Kazakhstan,KAZ,2021-09-29,73.43
Kazakhstan,KAZ,2021-09-30,73.81
Kazakhstan,KAZ,2021-10-01,74.22
Kazakhstan,KAZ,2021-10-02,74.59
Kazakhstan,KAZ,2021-10-03,74.82
Kazakhstan,KAZ,2021-10-04,74.95
Kazakhstan,KAZ,2021-10-05,75.31
Kazakhstan,KAZ,2021-10-06,75.65
Kazakhstan,KAZ,2021-10-07,75.8
Kazakhstan,KAZ,2021-10-08,76.26
Kazakhstan,KAZ,2021-10-09,76.56
Kazakhstan,KAZ,2021-10-10,76.76
Kazakhstan,KAZ,2021-10-11,76.89
Kazakhstan,KAZ,2021-10-12,77.24
Kazakhstan,KAZ,2021-10-13,77.61
Kazakhstan,KAZ,2021-10-14,77.98
Kazakhstan,KAZ,2021-10-15,78.33
Kazakhstan,KAZ,2021-10-16,78.67
Kazakhstan,KAZ,2021-10-17,78.86
Kazakhstan,KAZ,2021-10-18,78.96
Kazakhstan,KAZ,2021-10-19,79.29
Kazakhstan,KAZ,2021-10-20,79.61
Kazakhstan,KAZ,2021-10-21,79.9
Kazakhstan,KAZ,2021-10-22,80.19
Kazakhstan,KAZ,2021-10-23,80.46
Kazakhstan,KAZ,2021-10-24,80.63
Kazakhstan,KAZ,2021-10-25,80.73
Kazakhstan,KAZ,2021-10-26,81.01
Kazakhstan,KAZ,2021-10-27,81.29
Kazakhstan,KAZ,2021-10-28,81.56
Kazakhstan,KAZ,2021-10-29,81.82
Kazakhstan,KAZ,2021-10-30,82.05
Kazakhstan,KAZ,2021-10-31,82.22
Kazakhstan,KAZ,2021-11-01,82.31
Kazakhstan,KAZ,2021-11-02,82.55
Kazakhstan,KAZ,2021-11-03,82.82
Kazakhstan,KAZ,2021-11-04,83.06
Kazakhstan,KAZ,2021-11-05,83.31
Kazakhstan,KAZ,2021-11-06,83.56
Kazakhstan,KAZ,2021-11-07,83.71
Kazakhstan,KAZ,2021-11-08,83.79
Kazakhstan,KAZ,2021-11-09,84.05
Kazakhstan,KAZ,2021-11-10,84.3
Kazakhstan,KAZ,2021-11-11,84.56
Kazakhstan,KAZ,2021-11-12,84.8
Kazakhstan,KAZ,2021-11-13,85.02
Kazakhstan,KAZ,2021-11-14,85.15
Kazakhstan,KAZ,2021-11-15,85.21
Kazakhstan,KAZ,2021-11-16,85.42
Kazakhstan,KAZ,2021-11-17,85.63
Kazakhstan,KAZ,2021-11-18,85.82
Kazakhstan,KAZ,2021-11-19,86.02
Kazakhstan,KAZ,2021-11-20,86.22
Kazakhstan,KAZ,2021-11-21,86.32
Kazakhstan,KAZ,2021-11-22,86.39
Kazakhstan,KAZ,2021-11-24,86.58
Kazakhstan,KAZ,2021-11-25,86.92
Kazakhstan,KAZ,2021-11-26,87.07
Kazakhstan,KAZ,2021-11-27,87.24
Kazakhstan,KAZ,2021-11-28,87.34
Kazakhstan,KAZ,2021-11-29,87.4
Kazakhstan,KAZ,2021-11-30,87.45
Kazakhstan,KAZ,2021-12-01,87.77
Kazakhstan,KAZ,2021-12-02,87.84
Kazakhstan,KAZ,2021-12-03,88.04
Kazakhstan,KAZ,2021-12-04,88.23
Kazakhstan,KAZ,2021-12-05,88.33
Kazakhstan,KAZ,2021-12-06,88.38
Kazakhstan,KAZ,2021-12-07,88.55
Kazakhstan,KAZ,2021-12-08,88.72
Kazakhstan,KAZ,2021-12-09,88.9
Kazakhstan,KAZ,2021-12-10,89.05
Kazakhstan,KAZ,2021-12-11,89.2
Kazakhstan,KAZ,2021-12-12,89.28
Kazakhstan,KAZ,2021-12-13,89.32
Kazakhstan,KAZ,2021-12-14,89.72
Kazakhstan,KAZ,2021-12-17,89.78
Kazakhstan,KAZ,2021-12-18,89.83
Kazakhstan,KAZ,2021-12-19,89.89
Kazakhstan,KAZ,2021-12-20,89.93
Kazakhstan,KAZ,2021-12-21,90.07
Kazakhstan,KAZ,2021-12-22,90.2
Kazakhstan,KAZ,2021-12-23,90.32
Kazakhstan,KAZ,2021-12-24,90.45
Kazakhstan,KAZ,2021-12-25,90.57
Kazakhstan,KAZ,2021-12-26,90.64
Kazakhstan,KAZ,2021-12-27,90.68
Kazakhstan,KAZ,2021-12-28,90.79
Kazakhstan,KAZ,2021-12-29,90.92
Kazakhstan,KAZ,2021-12-30,91.05
Kazakhstan,KAZ,2021-12-31,91.17
Kazakhstan,KAZ,2022-01-01,91.23
Kazakhstan,KAZ,2022-01-02,91.27
Kazakhstan,KAZ,2022-01-03,91.29
Kazakhstan,KAZ,2022-01-04,91.33
Kazakhstan,KAZ,2022-01-05,91.51
Kazakhstan,KAZ,2022-01-11,91.55
Kazakhstan,KAZ,2022-01-12,91.65
Kazakhstan,KAZ,2022-01-13,91.8
Kazakhstan,KAZ,2022-01-14,91.91
Kazakhstan,KAZ,2022-01-15,92.01
Kazakhstan,KAZ,2022-01-16,92.08
Kazakhstan,KAZ,2022-01-17,92.12
Kazakhstan,KAZ,2022-01-18,92.22
Kazakhstan,KAZ,2022-01-19,92.34
Kazakhstan,KAZ,2022-01-20,92.46
Kazakhstan,KAZ,2022-01-21,92.58
Kazakhstan,KAZ,2022-01-22,92.7
Kazakhstan,KAZ,2022-01-23,92.77
Kazakhstan,KAZ,2022-01-24,92.81
Kazakhstan,KAZ,2022-01-25,92.93
Kazakhstan,KAZ,2022-01-26,93.04
Kazakhstan,KAZ,2022-01-27,93.16
Kazakhstan,KAZ,2022-01-28,93.26
Kazakhstan,KAZ,2022-01-30,93.42
Kazakhstan,KAZ,2022-01-31,93.46
Kazakhstan,KAZ,2022-02-01,93.57
Kazakhstan,KAZ,2022-02-02,93.66
Kazakhstan,KAZ,2022-02-03,93.76
Kazakhstan,KAZ,2022-02-04,93.95
Kazakhstan,KAZ,2022-02-06,94
Kazakhstan,KAZ,2022-02-07,94.05
Kazakhstan,KAZ,2022-02-08,94.15
Kazakhstan,KAZ,2022-02-09,94.26
Kazakhstan,KAZ,2022-02-10,94.37
Kazakhstan,KAZ,2022-02-11,94.47
Kazakhstan,KAZ,2022-02-12,94.57
Kazakhstan,KAZ,2022-02-13,105.61
Kazakhstan,KAZ,2022-02-14,105.73
Kazakhstan,KAZ,2022-02-15,106.06
Kazakhstan,KAZ,2022-02-16,106.4
Kazakhstan,KAZ,2022-02-17,106.65
Kazakhstan,KAZ,2022-02-18,107.05
Kazakhstan,KAZ,2022-02-19,107.38
Kazakhstan,KAZ,2022-02-21,107.69
Kazakhstan,KAZ,2022-02-22,107.98
Kazakhstan,KAZ,2022-02-23,108.29
Kazakhstan,KAZ,2022-02-24,108.58
Kazakhstan,KAZ,2022-02-25,108.67
Kazakhstan,KAZ,2022-02-26,108.74
Kazakhstan,KAZ,2022-02-27,108.75
Kazakhstan,KAZ,2022-02-28,108.79
Kazakhstan,KAZ,2022-03-01,108.83
Kazakhstan,KAZ,2022-03-02,108.91
Kazakhstan,KAZ,2022-03-03,108.97
Kenya,KEN,2021-03-04,0
Kenya,KEN,2021-03-10,0.01
Kenya,KEN,2021-03-14,0.02
Kenya,KEN,2021-03-17,0.04
Kenya,KEN,2021-03-24,0.12
Kenya,KEN,2021-03-26,0.17
Kenya,KEN,2021-03-31,0.31
Kenya,KEN,2021-04-03,0.37
Kenya,KEN,2021-04-07,0.64
Kenya,KEN,2021-04-08,0.8
Kenya,KEN,2021-04-14,1.07
Kenya,KEN,2021-04-16,1.23
Kenya,KEN,2021-04-21,1.42
Kenya,KEN,2021-04-28,1.61
Kenya,KEN,2021-05-13,1.76
Kenya,KEN,2021-05-14,1.76
Kenya,KEN,2021-05-19,1.78
Kenya,KEN,2021-05-20,1.79
Kenya,KEN,2021-05-21,1.79
Kenya,KEN,2021-05-23,1.8
Kenya,KEN,2021-05-24,1.8
Kenya,KEN,2021-05-25,1.81
Kenya,KEN,2021-05-26,1.81
Kenya,KEN,2021-05-27,1.82
Kenya,KEN,2021-05-28,1.82
Kenya,KEN,2021-05-29,1.83
Kenya,KEN,2021-05-31,1.83
Kenya,KEN,2021-06-02,1.83
Kenya,KEN,2021-06-03,1.84
Kenya,KEN,2021-06-04,1.84
Kenya,KEN,2021-06-05,1.85
Kenya,KEN,2021-06-06,1.86
Kenya,KEN,2021-06-07,1.87
Kenya,KEN,2021-06-08,1.9
Kenya,KEN,2021-06-09,1.94
Kenya,KEN,2021-06-10,2
Kenya,KEN,2021-06-11,2.07
Kenya,KEN,2021-06-13,2.1
Kenya,KEN,2021-06-14,2.11
Kenya,KEN,2021-06-15,2.15
Kenya,KEN,2021-06-16,2.18
Kenya,KEN,2021-06-17,2.2
Kenya,KEN,2021-06-18,2.21
Kenya,KEN,2021-06-19,2.23
Kenya,KEN,2021-06-20,2.23
Kenya,KEN,2021-06-21,2.24
Kenya,KEN,2021-06-22,2.25
Kenya,KEN,2021-06-23,2.27
Kenya,KEN,2021-06-24,2.3
Kenya,KEN,2021-06-26,2.41
Kenya,KEN,2021-06-27,2.43
Kenya,KEN,2021-06-28,2.44
Kenya,KEN,2021-06-29,2.52
Kenya,KEN,2021-06-30,2.6
Kenya,KEN,2021-07-01,2.67
Kenya,KEN,2021-07-02,2.73
Kenya,KEN,2021-07-03,2.77
Kenya,KEN,2021-07-04,2.78
Kenya,KEN,2021-07-05,2.79
Kenya,KEN,2021-07-06,2.82
Kenya,KEN,2021-07-07,2.85
Kenya,KEN,2021-07-08,2.88
Kenya,KEN,2021-07-09,2.89
Kenya,KEN,2021-07-11,2.9
Kenya,KEN,2021-07-12,2.92
Kenya,KEN,2021-07-13,2.92
Kenya,KEN,2021-07-14,2.95
Kenya,KEN,2021-07-15,3.03
Kenya,KEN,2021-07-17,3.05
Kenya,KEN,2021-07-18,3.06
Kenya,KEN,2021-07-20,3.09
Kenya,KEN,2021-07-21,3.09
Kenya,KEN,2021-07-22,3.11
Kenya,KEN,2021-07-23,3.13
Kenya,KEN,2021-07-24,3.15
Kenya,KEN,2021-07-25,3.16
Kenya,KEN,2021-07-26,3.16
Kenya,KEN,2021-07-27,3.17
Kenya,KEN,2021-07-28,3.19
Kenya,KEN,2021-07-29,3.22
Kenya,KEN,2021-07-30,3.23
Kenya,KEN,2021-08-01,3.26
Kenya,KEN,2021-08-02,3.26
Kenya,KEN,2021-08-03,3.27
Kenya,KEN,2021-08-04,3.29
Kenya,KEN,2021-08-05,3.3
Kenya,KEN,2021-08-06,3.34
Kenya,KEN,2021-08-07,3.38
Kenya,KEN,2021-08-09,3.4
Kenya,KEN,2021-08-10,3.48
Kenya,KEN,2021-08-11,3.55
Kenya,KEN,2021-08-12,3.63
Kenya,KEN,2021-08-13,3.72
Kenya,KEN,2021-08-14,3.79
Kenya,KEN,2021-08-15,3.84
Kenya,KEN,2021-08-16,3.87
Kenya,KEN,2021-08-18,4.07
Kenya,KEN,2021-08-19,4.19
Kenya,KEN,2021-08-20,4.32
Kenya,KEN,2021-08-21,4.48
Kenya,KEN,2021-08-22,4.52
Kenya,KEN,2021-08-23,4.55
Kenya,KEN,2021-08-24,4.72
Kenya,KEN,2021-08-25,4.88
Kenya,KEN,2021-08-26,5
Kenya,KEN,2021-08-27,5.08
Kenya,KEN,2021-08-28,5.14
Kenya,KEN,2021-08-29,5.17
Kenya,KEN,2021-08-30,5.19
Kenya,KEN,2021-08-31,5.23
Kenya,KEN,2021-09-01,5.27
Kenya,KEN,2021-09-02,5.3
Kenya,KEN,2021-09-03,5.3
Kenya,KEN,2021-09-04,5.39
Kenya,KEN,2021-09-05,5.4
Kenya,KEN,2021-09-06,5.42
Kenya,KEN,2021-09-07,5.42
Kenya,KEN,2021-09-08,5.54
Kenya,KEN,2021-09-10,5.72
Kenya,KEN,2021-09-12,5.83
Kenya,KEN,2021-09-13,5.85
Kenya,KEN,2021-09-15,6.02
Kenya,KEN,2021-09-16,6.12
Kenya,KEN,2021-09-17,6.21
Kenya,KEN,2021-09-18,6.3
Kenya,KEN,2021-09-20,6.35
Kenya,KEN,2021-09-21,6.43
Kenya,KEN,2021-09-22,6.53
Kenya,KEN,2021-09-23,6.62
Kenya,KEN,2021-09-24,6.71
Kenya,KEN,2021-09-25,6.79
Kenya,KEN,2021-09-26,6.82
Kenya,KEN,2021-09-27,6.82
Kenya,KEN,2021-09-28,6.91
Kenya,KEN,2021-09-29,7
Kenya,KEN,2021-09-30,7.1
Kenya,KEN,2021-10-01,7.19
Kenya,KEN,2021-10-02,7.28
Kenya,KEN,2021-10-03,7.31
Kenya,KEN,2021-10-04,7.33
Kenya,KEN,2021-10-05,7.43
Kenya,KEN,2021-10-06,7.53
Kenya,KEN,2021-10-07,7.76
Kenya,KEN,2021-10-09,7.89
Kenya,KEN,2021-10-12,7.94
Kenya,KEN,2021-10-15,8.46
Kenya,KEN,2021-10-16,8.49
Kenya,KEN,2021-10-17,8.53
Kenya,KEN,2021-10-18,8.66
Kenya,KEN,2021-10-19,8.82
Kenya,KEN,2021-10-20,8.93
Kenya,KEN,2021-10-22,9.25
Kenya,KEN,2021-10-23,9.3
Kenya,KEN,2021-10-24,9.33
Kenya,KEN,2021-10-25,9.49
Kenya,KEN,2021-10-26,9.59
Kenya,KEN,2021-10-27,9.72
Kenya,KEN,2021-10-28,9.86
Kenya,KEN,2021-10-29,9.98
Kenya,KEN,2021-10-30,10.01
Kenya,KEN,2021-10-31,10.04
Kenya,KEN,2021-11-01,10.15
Kenya,KEN,2021-11-03,10.34
Kenya,KEN,2021-11-04,10.46
Kenya,KEN,2021-11-05,10.59
Kenya,KEN,2021-11-06,10.61
Kenya,KEN,2021-11-08,10.74
Kenya,KEN,2021-11-09,10.85
Kenya,KEN,2021-11-11,11.12
Kenya,KEN,2021-11-14,11.32
Kenya,KEN,2021-11-15,11.48
Kenya,KEN,2021-11-17,11.78
Kenya,KEN,2021-11-18,11.91
Kenya,KEN,2021-11-20,12.05
Kenya,KEN,2021-11-23,12.45
Kenya,KEN,2021-11-24,12.64
Kenya,KEN,2021-11-25,12.85
Kenya,KEN,2021-11-26,13.05
Kenya,KEN,2021-11-28,13.13
Kenya,KEN,2021-11-29,13.33
Kenya,KEN,2021-11-30,13.54
Kenya,KEN,2021-12-02,13.99
Kenya,KEN,2021-12-03,14.2
Kenya,KEN,2021-12-05,14.31
Kenya,KEN,2021-12-06,14.49
Kenya,KEN,2021-12-07,14.69
Kenya,KEN,2021-12-08,14.91
Kenya,KEN,2021-12-09,15.14
Kenya,KEN,2021-12-10,15.36
Kenya,KEN,2021-12-11,15.43
Kenya,KEN,2021-12-12,15.47
Kenya,KEN,2021-12-14,15.8
Kenya,KEN,2021-12-16,16.37
Kenya,KEN,2021-12-19,16.82
Kenya,KEN,2021-12-22,17.71
Kenya,KEN,2021-12-23,17.82
Kenya,KEN,2021-12-25,18.05
Kenya,KEN,2021-12-26,18.1
Kenya,KEN,2021-12-27,18.17
Kenya,KEN,2021-12-28,18.37
Kenya,KEN,2021-12-29,18.61
Kenya,KEN,2021-12-30,18.87
Kenya,KEN,2022-01-01,19.09
Kenya,KEN,2022-01-02,19.12
Kenya,KEN,2022-01-03,19.28
Kenya,KEN,2022-01-04,19.45
Kenya,KEN,2022-01-05,19.54
Kenya,KEN,2022-01-06,19.76
Kenya,KEN,2022-01-07,19.95
Kenya,KEN,2022-01-08,19.99
Kenya,KEN,2022-01-09,20.02
Kenya,KEN,2022-01-10,20.18
Kenya,KEN,2022-01-11,20.34
Kenya,KEN,2022-01-12,20.52
Kenya,KEN,2022-01-18,21.08
Kenya,KEN,2022-01-20,21.4
Kenya,KEN,2022-01-21,21.58
Kenya,KEN,2022-01-22,21.74
Kenya,KEN,2022-01-23,21.78
Kenya,KEN,2022-01-24,21.8
Kenya,KEN,2022-01-25,21.93
Kenya,KEN,2022-01-26,22.09
Kenya,KEN,2022-01-27,22.23
Kenya,KEN,2022-01-28,22.37
Kenya,KEN,2022-01-29,22.61
Kenya,KEN,2022-01-30,22.84
Kenya,KEN,2022-01-31,23.12
Kenya,KEN,2022-02-01,23.49
Kenya,KEN,2022-02-02,23.87
Kenya,KEN,2022-02-03,24.31
Kenya,KEN,2022-02-04,24.78
Kenya,KEN,2022-02-05,25.28
Kenya,KEN,2022-02-06,25.66
Kenya,KEN,2022-02-07,26
Kenya,KEN,2022-02-08,26.36
Kenya,KEN,2022-02-09,26.78
Kenya,KEN,2022-02-10,27.29
Kenya,KEN,2022-02-11,27.82
Kenya,KEN,2022-02-12,28.36
Kenya,KEN,2022-02-13,28.75
Kenya,KEN,2022-02-16,30.02
Kenya,KEN,2022-02-17,30.22
Kenya,KEN,2022-02-19,30.43
Kenya,KEN,2022-02-20,30.48
Kenya,KEN,2022-02-21,30.6
Kenya,KEN,2022-02-22,30.75
Kenya,KEN,2022-02-24,31.05
Kenya,KEN,2022-02-25,31.19
Kenya,KEN,2022-02-26,31.27
Kenya,KEN,2022-02-27,31.35
Kenya,KEN,2022-02-28,31.49
Kenya,KEN,2022-03-01,31.58
Kenya,KEN,2022-03-02,31.67
Kenya,KEN,2022-03-03,31.75
Kenya,KEN,2022-03-04,31.82
Kenya,KEN,2022-03-05,31.84
Kenya,KEN,2022-03-06,31.85
Kenya,KEN,2022-03-07,31.92
Kenya,KEN,2022-03-10,32.18
Kenya,KEN,2022-03-11,32.27
Kenya,KEN,2022-03-12,32.3
Kenya,KEN,2022-03-13,32.32
Kenya,KEN,2022-03-14,32.4
Kenya,KEN,2022-03-17,32.6
Kenya,KEN,2022-03-18,32.66
Kenya,KEN,2022-03-19,32.69
Kenya,KEN,2022-03-24,32.9
Kenya,KEN,2022-04-07,33.46
Kenya,KEN,2022-04-26,33.68
Kenya,KEN,2022-05-01,33.72
Kenya,KEN,2022-05-08,33.82
Kenya,KEN,2022-05-15,33.94
Kenya,KEN,2022-05-22,34.42
Kenya,KEN,2022-05-29,34.59
Kenya,KEN,2022-06-05,34.65
Kenya,KEN,2022-06-19,34.97
Kiribati,KIR,2021-06-01,0
Kiribati,KIR,2021-08-09,10.84
Kiribati,KIR,2021-09-07,16.2
Kiribati,KIR,2021-09-14,24.31
Kiribati,KIR,2021-09-28,28.19
Kiribati,KIR,2021-10-05,35.23
Kiribati,KIR,2021-10-12,39.91
Kiribati,KIR,2021-10-25,50.65
Kiribati,KIR,2021-11-15,56.58
Kiribati,KIR,2021-11-30,63.76
Kiribati,KIR,2022-01-04,81.13
Kiribati,KIR,2022-01-11,86.66
Kiribati,KIR,2022-02-07,93.58
Kiribati,KIR,2022-03-07,98.48
Kiribati,KIR,2022-03-21,103.94
Kiribati,KIR,2022-04-04,106.12
Kiribati,KIR,2022-05-02,111.9
Kiribati,KIR,2022-05-23,114.45
Kosovo,OWID_KOS,2021-03-28,0
Kosovo,OWID_KOS,2021-04-03,0.04
Kosovo,OWID_KOS,2021-04-04,0.14
Kosovo,OWID_KOS,2021-04-14,0.6
Kosovo,OWID_KOS,2021-04-18,0.91
Kosovo,OWID_KOS,2021-04-23,1.24
Kosovo,OWID_KOS,2021-05-17,2.59
Kosovo,OWID_KOS,2021-05-20,3.1
Kosovo,OWID_KOS,2021-06-02,3.91
Kosovo,OWID_KOS,2021-06-06,4.5
Kosovo,OWID_KOS,2021-06-13,5.51
Kosovo,OWID_KOS,2021-06-20,7.51
Kosovo,OWID_KOS,2021-06-30,10.05
Kosovo,OWID_KOS,2021-07-08,13.66
Kosovo,OWID_KOS,2021-07-09,14.07
Kosovo,OWID_KOS,2021-07-10,14.19
Kosovo,OWID_KOS,2021-07-11,14.24
Kosovo,OWID_KOS,2021-07-12,14.64
Kosovo,OWID_KOS,2021-07-13,15.19
Kosovo,OWID_KOS,2021-07-14,15.83
Kosovo,OWID_KOS,2021-07-15,16.48
Kosovo,OWID_KOS,2021-07-16,17.17
Kosovo,OWID_KOS,2021-07-17,17.42
Kosovo,OWID_KOS,2021-07-20,18.19
Kosovo,OWID_KOS,2021-07-22,18.73
Kosovo,OWID_KOS,2021-07-23,19.27
Kosovo,OWID_KOS,2021-07-26,20.09
Kosovo,OWID_KOS,2021-07-27,21
Kosovo,OWID_KOS,2021-07-28,21.78
Kosovo,OWID_KOS,2021-07-29,22.46
Kosovo,OWID_KOS,2021-07-30,23.18
Kosovo,OWID_KOS,2021-07-31,24.06
Kosovo,OWID_KOS,2021-08-03,25.01
Kosovo,OWID_KOS,2021-08-04,25.83
Kosovo,OWID_KOS,2021-08-05,26.37
Kosovo,OWID_KOS,2021-08-06,26.83
Kosovo,OWID_KOS,2021-08-07,27.37
Kosovo,OWID_KOS,2021-08-10,28.33
Kosovo,OWID_KOS,2021-08-11,29.28
Kosovo,OWID_KOS,2021-08-14,31.37
Kosovo,OWID_KOS,2021-08-17,33.76
Kosovo,OWID_KOS,2021-08-18,34.91
Kosovo,OWID_KOS,2021-08-19,36.15
Kosovo,OWID_KOS,2021-08-20,37.4
Kosovo,OWID_KOS,2021-08-21,38.58
Kosovo,OWID_KOS,2021-08-22,39.72
Kosovo,OWID_KOS,2021-08-24,40.94
Kosovo,OWID_KOS,2021-08-25,41.97
Kosovo,OWID_KOS,2021-08-26,42.91
Kosovo,OWID_KOS,2021-08-27,43.8
Kosovo,OWID_KOS,2021-08-28,44.6
Kosovo,OWID_KOS,2021-08-29,45.34
Kosovo,OWID_KOS,2021-08-31,46.34
Kosovo,OWID_KOS,2021-09-01,47.22
Kosovo,OWID_KOS,2021-09-02,48.38
Kosovo,OWID_KOS,2021-09-03,49.53
Kosovo,OWID_KOS,2021-09-04,50.56
Kosovo,OWID_KOS,2021-09-05,51.77
Kosovo,OWID_KOS,2021-09-07,52.66
Kosovo,OWID_KOS,2021-09-08,53.63
Kosovo,OWID_KOS,2021-09-09,54.73
Kosovo,OWID_KOS,2021-09-10,55.88
Kosovo,OWID_KOS,2021-09-11,57
Kosovo,OWID_KOS,2021-09-12,58.02
Kosovo,OWID_KOS,2021-09-13,58.74
Kosovo,OWID_KOS,2021-09-14,59.87
Kosovo,OWID_KOS,2021-09-15,61.14
Kosovo,OWID_KOS,2021-09-16,62.3
Kosovo,OWID_KOS,2021-09-17,63.37
Kosovo,OWID_KOS,2021-09-18,64.41
Kosovo,OWID_KOS,2021-09-19,65.48
Kosovo,OWID_KOS,2021-09-20,66
Kosovo,OWID_KOS,2021-09-21,66.99
Kosovo,OWID_KOS,2021-09-22,67.9
Kosovo,OWID_KOS,2021-09-23,68.8
Kosovo,OWID_KOS,2021-09-24,69.69
Kosovo,OWID_KOS,2021-09-25,70.57
Kosovo,OWID_KOS,2021-09-26,71.5
Kosovo,OWID_KOS,2021-09-27,72.04
Kosovo,OWID_KOS,2021-09-28,72.92
Kosovo,OWID_KOS,2021-09-29,73.67
Kosovo,OWID_KOS,2021-09-30,74.56
Kosovo,OWID_KOS,2021-10-01,75.4
Kosovo,OWID_KOS,2021-10-02,76.19
Kosovo,OWID_KOS,2021-10-03,77.17
Kosovo,OWID_KOS,2021-10-04,77.42
Kosovo,OWID_KOS,2021-10-05,77.92
Kosovo,OWID_KOS,2021-10-06,78.4
Kosovo,OWID_KOS,2021-10-07,79.01
Kosovo,OWID_KOS,2021-10-08,79.68
Kosovo,OWID_KOS,2021-10-09,80.36
Kosovo,OWID_KOS,2021-10-10,81.2
Kosovo,OWID_KOS,2021-10-11,81.75
Kosovo,OWID_KOS,2021-10-12,82.38
Kosovo,OWID_KOS,2021-10-13,82.83
Kosovo,OWID_KOS,2021-10-14,83.23
Kosovo,OWID_KOS,2021-10-15,83.59
Kosovo,OWID_KOS,2021-10-16,84.02
Kosovo,OWID_KOS,2021-10-19,84.6
Kosovo,OWID_KOS,2021-10-20,84.98
Kosovo,OWID_KOS,2021-10-21,85.29
Kosovo,OWID_KOS,2021-10-22,85.59
Kosovo,OWID_KOS,2021-10-23,86
Kosovo,OWID_KOS,2021-10-26,86.58
Kosovo,OWID_KOS,2021-10-27,86.93
Kosovo,OWID_KOS,2021-10-28,87.19
Kosovo,OWID_KOS,2021-10-29,87.45
Kosovo,OWID_KOS,2021-10-30,87.89
Kosovo,OWID_KOS,2021-11-02,88.04
Kosovo,OWID_KOS,2021-11-03,88.24
Kosovo,OWID_KOS,2021-11-04,88.4
Kosovo,OWID_KOS,2021-11-05,88.55
Kosovo,OWID_KOS,2021-11-06,88.73
Kosovo,OWID_KOS,2021-11-09,88.94
Kosovo,OWID_KOS,2021-11-10,89.08
Kosovo,OWID_KOS,2021-11-11,89.21
Kosovo,OWID_KOS,2021-11-12,89.33
Kosovo,OWID_KOS,2021-11-13,89.47
Kosovo,OWID_KOS,2021-11-16,89.63
Kosovo,OWID_KOS,2021-11-17,89.75
Kosovo,OWID_KOS,2021-11-18,89.84
Kosovo,OWID_KOS,2021-11-19,89.94
Kosovo,OWID_KOS,2021-11-20,90.06
Kosovo,OWID_KOS,2021-11-23,90.2
Kosovo,OWID_KOS,2021-11-24,90.3
Kosovo,OWID_KOS,2021-11-25,90.4
Kosovo,OWID_KOS,2021-11-26,90.47
Kosovo,OWID_KOS,2021-11-27,90.58
Kosovo,OWID_KOS,2021-11-30,90.64
Kosovo,OWID_KOS,2021-12-01,90.76
Kosovo,OWID_KOS,2021-12-02,90.89
Kosovo,OWID_KOS,2021-12-03,91
Kosovo,OWID_KOS,2021-12-04,91.16
Kosovo,OWID_KOS,2021-12-06,91.24
Kosovo,OWID_KOS,2021-12-07,91.47
Kosovo,OWID_KOS,2021-12-08,91.65
Kosovo,OWID_KOS,2021-12-09,91.93
Kosovo,OWID_KOS,2021-12-10,92.05
Kosovo,OWID_KOS,2021-12-11,92.22
Kosovo,OWID_KOS,2021-12-12,92.27
Kosovo,OWID_KOS,2021-12-13,92.29
Kosovo,OWID_KOS,2021-12-14,92.46
Kosovo,OWID_KOS,2021-12-15,92.6
Kosovo,OWID_KOS,2021-12-17,92.69
Kosovo,OWID_KOS,2021-12-18,92.8
Kosovo,OWID_KOS,2021-12-19,92.84
Kosovo,OWID_KOS,2021-12-20,92.86
Kosovo,OWID_KOS,2021-12-21,92.98
Kosovo,OWID_KOS,2021-12-22,93.09
Kosovo,OWID_KOS,2021-12-23,93.21
Kosovo,OWID_KOS,2021-12-24,93.29
Kosovo,OWID_KOS,2021-12-25,93.37
Kosovo,OWID_KOS,2021-12-27,93.44
Kosovo,OWID_KOS,2021-12-28,93.49
Kosovo,OWID_KOS,2021-12-29,93.67
Kosovo,OWID_KOS,2021-12-30,93.8
Kosovo,OWID_KOS,2021-12-31,93.91
Kosovo,OWID_KOS,2022-01-01,93.96
Kosovo,OWID_KOS,2022-01-03,93.98
Kosovo,OWID_KOS,2022-01-04,94.1
Kosovo,OWID_KOS,2022-01-05,94.25
Kosovo,OWID_KOS,2022-01-06,94.48
Kosovo,OWID_KOS,2022-01-07,94.71
Kosovo,OWID_KOS,2022-01-08,94.87
Kosovo,OWID_KOS,2022-01-09,94.99
Kosovo,OWID_KOS,2022-01-10,95.04
Kosovo,OWID_KOS,2022-01-11,95.27
Kosovo,OWID_KOS,2022-01-13,95.65
Kosovo,OWID_KOS,2022-01-14,95.87
Kosovo,OWID_KOS,2022-01-15,96.13
Kosovo,OWID_KOS,2022-01-16,96.3
Kosovo,OWID_KOS,2022-01-17,96.37
Kosovo,OWID_KOS,2022-01-18,96.68
Kosovo,OWID_KOS,2022-01-19,96.98
Kosovo,OWID_KOS,2022-01-20,97.24
Kosovo,OWID_KOS,2022-01-21,97.49
Kosovo,OWID_KOS,2022-01-22,97.75
Kosovo,OWID_KOS,2022-01-23,97.97
Kosovo,OWID_KOS,2022-01-24,98.08
Kosovo,OWID_KOS,2022-01-25,98.44
Kosovo,OWID_KOS,2022-01-26,98.75
Kosovo,OWID_KOS,2022-01-27,99.01
Kosovo,OWID_KOS,2022-01-28,99.27
Kosovo,OWID_KOS,2022-01-29,99.52
Kosovo,OWID_KOS,2022-01-30,99.66
Kosovo,OWID_KOS,2022-01-31,99.72
Kosovo,OWID_KOS,2022-02-01,99.94
Kosovo,OWID_KOS,2022-02-02,100.09
Kosovo,OWID_KOS,2022-02-03,100.26
Kosovo,OWID_KOS,2022-02-04,100.39
Kosovo,OWID_KOS,2022-02-05,100.53
Kosovo,OWID_KOS,2022-02-06,100.6
Kosovo,OWID_KOS,2022-02-07,100.63
Kosovo,OWID_KOS,2022-02-08,100.72
Kosovo,OWID_KOS,2022-02-09,100.8
Kosovo,OWID_KOS,2022-02-11,100.95
Kosovo,OWID_KOS,2022-02-13,101.07
Kosovo,OWID_KOS,2022-02-14,101.09
Kosovo,OWID_KOS,2022-02-15,101.17
Kosovo,OWID_KOS,2022-02-16,101.24
Kosovo,OWID_KOS,2022-02-19,101.38
Kosovo,OWID_KOS,2022-02-20,101.41
Kosovo,OWID_KOS,2022-02-21,101.43
Kosovo,OWID_KOS,2022-02-22,101.49
Kosovo,OWID_KOS,2022-02-23,101.55
Kosovo,OWID_KOS,2022-02-24,101.6
Kosovo,OWID_KOS,2022-02-25,101.65
Kosovo,OWID_KOS,2022-02-26,101.69
Kosovo,OWID_KOS,2022-02-27,101.71
Kosovo,OWID_KOS,2022-03-02,101.83
Kosovo,OWID_KOS,2022-03-03,101.85
Kosovo,OWID_KOS,2022-03-04,101.88
Kosovo,OWID_KOS,2022-03-05,101.89
Kosovo,OWID_KOS,2022-03-06,101.89
Kosovo,OWID_KOS,2022-03-07,101.92
Kosovo,OWID_KOS,2022-03-08,101.94
Kosovo,OWID_KOS,2022-03-09,101.95
Kosovo,OWID_KOS,2022-03-10,101.99
Kosovo,OWID_KOS,2022-03-11,101.99
Kosovo,OWID_KOS,2022-03-12,102
Kosovo,OWID_KOS,2022-03-13,102
Kosovo,OWID_KOS,2022-03-14,102.02
Kosovo,OWID_KOS,2022-03-15,102.04
Kosovo,OWID_KOS,2022-03-16,102.06
Kosovo,OWID_KOS,2022-03-17,102.08
Kosovo,OWID_KOS,2022-03-18,102.1
Kosovo,OWID_KOS,2022-03-19,102.1
Kosovo,OWID_KOS,2022-03-20,102.11
Kosovo,OWID_KOS,2022-03-21,102.13
Kosovo,OWID_KOS,2022-03-22,102.15
Kosovo,OWID_KOS,2022-03-23,102.18
Kosovo,OWID_KOS,2022-03-24,102.18
Kosovo,OWID_KOS,2022-03-25,102.19
Kosovo,OWID_KOS,2022-03-26,102.2
Kosovo,OWID_KOS,2022-03-27,102.2
Kosovo,OWID_KOS,2022-03-28,102.21
Kosovo,OWID_KOS,2022-03-29,102.23
Kosovo,OWID_KOS,2022-03-30,102.26
Kosovo,OWID_KOS,2022-03-31,102.26
Kosovo,OWID_KOS,2022-04-03,102.28
Kosovo,OWID_KOS,2022-04-04,102.29
Kosovo,OWID_KOS,2022-04-05,102.31
Kosovo,OWID_KOS,2022-04-06,102.31
Kosovo,OWID_KOS,2022-04-07,102.32
Kosovo,OWID_KOS,2022-04-08,102.33
Kosovo,OWID_KOS,2022-04-09,102.33
Kosovo,OWID_KOS,2022-04-10,102.33
Kosovo,OWID_KOS,2022-04-11,102.35
Kosovo,OWID_KOS,2022-04-12,102.35
Kosovo,OWID_KOS,2022-04-13,102.36
Kosovo,OWID_KOS,2022-04-14,102.37
Kosovo,OWID_KOS,2022-04-17,102.38
Kosovo,OWID_KOS,2022-04-18,102.4
Kosovo,OWID_KOS,2022-04-19,102.4
Kosovo,OWID_KOS,2022-04-20,102.41
Kosovo,OWID_KOS,2022-04-21,102.42
Kosovo,OWID_KOS,2022-04-22,102.43
Kosovo,OWID_KOS,2022-04-25,102.43
Kosovo,OWID_KOS,2022-04-26,102.45
Kosovo,OWID_KOS,2022-04-27,102.45
Kosovo,OWID_KOS,2022-04-28,102.47
Kosovo,OWID_KOS,2022-04-29,102.47
Kosovo,OWID_KOS,2022-04-30,102.48
Kosovo,OWID_KOS,2022-05-01,102.48
Kosovo,OWID_KOS,2022-05-03,102.48
Kosovo,OWID_KOS,2022-05-04,102.5
Kosovo,OWID_KOS,2022-05-05,102.51
Kosovo,OWID_KOS,2022-05-06,102.52
Kosovo,OWID_KOS,2022-05-07,102.52
Kosovo,OWID_KOS,2022-05-08,102.52
Kosovo,OWID_KOS,2022-05-09,102.53
Kosovo,OWID_KOS,2022-05-10,102.54
Kosovo,OWID_KOS,2022-05-11,102.55
Kosovo,OWID_KOS,2022-05-12,102.56
Kosovo,OWID_KOS,2022-05-13,102.56
Kosovo,OWID_KOS,2022-05-14,102.56
Kosovo,OWID_KOS,2022-05-15,102.57
Kosovo,OWID_KOS,2022-05-16,102.57
Kosovo,OWID_KOS,2022-05-17,102.58
Kosovo,OWID_KOS,2022-05-18,102.59
Kosovo,OWID_KOS,2022-05-19,102.59
Kosovo,OWID_KOS,2022-05-20,102.6
Kosovo,OWID_KOS,2022-05-21,102.6
Kosovo,OWID_KOS,2022-05-22,102.6
Kosovo,OWID_KOS,2022-05-23,102.61
Kosovo,OWID_KOS,2022-05-24,102.62
Kosovo,OWID_KOS,2022-05-25,102.62
Kosovo,OWID_KOS,2022-05-26,102.62
Kosovo,OWID_KOS,2022-05-27,102.63
Kosovo,OWID_KOS,2022-05-28,102.63
Kosovo,OWID_KOS,2022-05-29,102.63
Kosovo,OWID_KOS,2022-05-30,102.64
Kosovo,OWID_KOS,2022-05-31,102.64
Kosovo,OWID_KOS,2022-06-01,102.65
Kosovo,OWID_KOS,2022-06-02,102.65
Kosovo,OWID_KOS,2022-06-03,102.65
Kosovo,OWID_KOS,2022-06-04,102.65
Kosovo,OWID_KOS,2022-06-05,102.66
Kosovo,OWID_KOS,2022-06-06,102.66
Kosovo,OWID_KOS,2022-06-07,102.67
Kosovo,OWID_KOS,2022-06-08,102.67
Kosovo,OWID_KOS,2022-06-09,102.67
Kosovo,OWID_KOS,2022-06-10,102.68
Kosovo,OWID_KOS,2022-06-13,102.68
Kosovo,OWID_KOS,2022-06-14,102.69
Kosovo,OWID_KOS,2022-06-15,102.69
Kosovo,OWID_KOS,2022-06-16,102.69
Kosovo,OWID_KOS,2022-06-17,102.7
Kosovo,OWID_KOS,2022-06-18,102.7
Kosovo,OWID_KOS,2022-06-19,102.7
Kosovo,OWID_KOS,2022-06-20,102.7
Kosovo,OWID_KOS,2022-06-21,102.7
Kosovo,OWID_KOS,2022-06-22,102.7
Kosovo,OWID_KOS,2022-06-23,102.71
Kosovo,OWID_KOS,2022-06-24,102.71
Kosovo,OWID_KOS,2022-06-25,102.71
Kosovo,OWID_KOS,2022-06-26,102.71
Kosovo,OWID_KOS,2022-06-27,102.71
Kosovo,OWID_KOS,2022-06-28,102.72
Kosovo,OWID_KOS,2022-06-29,102.72
Kosovo,OWID_KOS,2022-06-30,102.72
Kosovo,OWID_KOS,2022-07-01,102.73
Kosovo,OWID_KOS,2022-07-03,102.73
Kosovo,OWID_KOS,2022-07-04,102.73
Kosovo,OWID_KOS,2022-07-05,102.74
Kosovo,OWID_KOS,2022-07-06,102.74
Kosovo,OWID_KOS,2022-07-07,102.74
Kosovo,OWID_KOS,2022-07-09,102.75
Kosovo,OWID_KOS,2022-07-10,102.75
Kosovo,OWID_KOS,2022-07-11,102.75
Kosovo,OWID_KOS,2022-07-12,102.77
Kosovo,OWID_KOS,2022-07-13,102.78
Kosovo,OWID_KOS,2022-07-14,102.8
Kosovo,OWID_KOS,2022-07-15,102.81
Kosovo,OWID_KOS,2022-07-17,102.82
Kosovo,OWID_KOS,2022-07-18,102.84
Kosovo,OWID_KOS,2022-07-19,102.86
Kosovo,OWID_KOS,2022-07-20,102.87
Kosovo,OWID_KOS,2022-07-21,102.88
Kosovo,OWID_KOS,2022-07-22,102.89
Kosovo,OWID_KOS,2022-07-23,102.89
Kosovo,OWID_KOS,2022-07-24,102.89
Kosovo,OWID_KOS,2022-07-25,102.9
Kosovo,OWID_KOS,2022-07-26,102.91
Kosovo,OWID_KOS,2022-07-27,102.91
Kosovo,OWID_KOS,2022-07-28,102.92
Kosovo,OWID_KOS,2022-07-29,102.93
Kosovo,OWID_KOS,2022-07-30,102.93
Kosovo,OWID_KOS,2022-07-31,102.93
Kosovo,OWID_KOS,2022-08-01,102.93
Kosovo,OWID_KOS,2022-08-02,102.94
Kosovo,OWID_KOS,2022-08-03,102.94
Kuwait,KWT,2020-12-28,0.06
Kuwait,KWT,2021-01-26,0.82
Kuwait,KWT,2021-02-15,4.12
Kuwait,KWT,2021-03-08,8.47
Kuwait,KWT,2021-03-22,12.66
Kuwait,KWT,2021-03-29,14.23
Kuwait,KWT,2021-04-18,20.23
Kuwait,KWT,2021-04-25,23.53
Kuwait,KWT,2021-05-04,32.16
Kuwait,KWT,2021-05-06,33.88
Kuwait,KWT,2021-05-16,42.82
Kuwait,KWT,2021-07-03,55.89
Kuwait,KWT,2021-08-14,62.78
Kuwait,KWT,2021-11-30,154.79
Kuwait,KWT,2021-12-05,155.09
Kuwait,KWT,2021-12-09,156.14
Kuwait,KWT,2021-12-13,157.11
Kuwait,KWT,2021-12-15,158.09
Kuwait,KWT,2021-12-20,159.77
Kuwait,KWT,2021-12-23,161.25
Kuwait,KWT,2021-12-27,163.07
Kuwait,KWT,2021-12-28,163.35
Kuwait,KWT,2022-01-05,166.17
Kuwait,KWT,2022-01-09,167.07
Kuwait,KWT,2022-01-10,167.52
Kuwait,KWT,2022-01-13,168.61
Kuwait,KWT,2022-01-17,169.36
Kuwait,KWT,2022-01-19,169.75
Kuwait,KWT,2022-01-23,170.44
Kuwait,KWT,2022-01-25,171.79
Kuwait,KWT,2022-01-27,172.03
Kuwait,KWT,2022-01-31,172.53
Kuwait,KWT,2022-02-02,172.84
Kuwait,KWT,2022-02-07,173.45
Kuwait,KWT,2022-02-20,176.52
Kuwait,KWT,2022-02-27,178.05
Kuwait,KWT,2022-03-06,178.64
Kuwait,KWT,2022-03-17,182.41
Kuwait,KWT,2022-03-24,183.87
Kuwait,KWT,2022-04-04,185.39
Kuwait,KWT,2022-04-12,186.29
Kuwait,KWT,2022-04-18,186.8
Kuwait,KWT,2022-04-26,187.39
Kuwait,KWT,2022-04-27,187.5
Kuwait,KWT,2022-05-05,187.68
Kuwait,KWT,2022-05-08,187.77
Kuwait,KWT,2022-05-10,188
Kuwait,KWT,2022-05-15,188.29
Kuwait,KWT,2022-05-23,188.77
Kuwait,KWT,2022-06-01,189.26
Kuwait,KWT,2022-06-15,190.1
Kuwait,KWT,2022-06-21,190.55
Kuwait,KWT,2022-06-27,190.87
Kuwait,KWT,2022-06-30,191.07
Kuwait,KWT,2022-07-10,191.56
Kuwait,KWT,2022-07-19,192.09
Kyrgyzstan,KGZ,2021-03-28,0
Kyrgyzstan,KGZ,2021-04-06,0.01
Kyrgyzstan,KGZ,2021-04-07,0.01
Kyrgyzstan,KGZ,2021-04-12,0.03
Kyrgyzstan,KGZ,2021-04-28,0.43
Kyrgyzstan,KGZ,2021-05-11,0.66
Kyrgyzstan,KGZ,2021-05-18,0.83
Kyrgyzstan,KGZ,2021-06-09,2.08
Kyrgyzstan,KGZ,2021-06-23,2.66
Kyrgyzstan,KGZ,2021-07-27,7.75
Kyrgyzstan,KGZ,2021-07-28,7.94
Kyrgyzstan,KGZ,2021-07-29,8.26
Kyrgyzstan,KGZ,2021-07-30,8.62
Kyrgyzstan,KGZ,2021-07-31,8.74
Kyrgyzstan,KGZ,2021-08-01,8.88
Kyrgyzstan,KGZ,2021-08-02,9.2
Kyrgyzstan,KGZ,2021-08-03,9.73
Kyrgyzstan,KGZ,2021-08-04,9.89
Kyrgyzstan,KGZ,2021-08-05,10.29
Kyrgyzstan,KGZ,2021-08-06,10.67
Kyrgyzstan,KGZ,2021-08-07,10.88
Kyrgyzstan,KGZ,2021-08-08,11.06
Kyrgyzstan,KGZ,2021-08-09,11.47
Kyrgyzstan,KGZ,2021-08-10,11.9
Kyrgyzstan,KGZ,2021-08-11,12.35
Kyrgyzstan,KGZ,2021-08-12,12.56
Kyrgyzstan,KGZ,2021-08-13,12.88
Kyrgyzstan,KGZ,2021-08-14,12.99
Kyrgyzstan,KGZ,2021-08-15,13.26
Kyrgyzstan,KGZ,2021-08-16,13.6
Kyrgyzstan,KGZ,2021-08-17,13.97
Kyrgyzstan,KGZ,2021-08-18,14.29
Kyrgyzstan,KGZ,2021-08-19,14.76
Kyrgyzstan,KGZ,2021-08-20,15.04
Kyrgyzstan,KGZ,2021-08-21,15.16
Kyrgyzstan,KGZ,2021-08-22,15.32
Kyrgyzstan,KGZ,2021-08-23,15.66
Kyrgyzstan,KGZ,2021-08-25,16.3
Kyrgyzstan,KGZ,2021-08-26,16.7
Kyrgyzstan,KGZ,2021-08-27,16.95
Kyrgyzstan,KGZ,2021-08-28,17.01
Kyrgyzstan,KGZ,2021-08-29,17.22
Kyrgyzstan,KGZ,2021-08-30,17.25
Kyrgyzstan,KGZ,2021-08-31,17.49
Kyrgyzstan,KGZ,2021-09-01,17.68
Kyrgyzstan,KGZ,2021-09-02,17.91
Kyrgyzstan,KGZ,2021-09-03,18.02
Kyrgyzstan,KGZ,2021-09-04,18.08
Kyrgyzstan,KGZ,2021-09-05,18.2
Kyrgyzstan,KGZ,2021-09-06,18.45
Kyrgyzstan,KGZ,2021-09-07,18.56
Kyrgyzstan,KGZ,2021-09-09,19.13
Kyrgyzstan,KGZ,2021-09-10,19.24
Kyrgyzstan,KGZ,2021-09-11,19.26
Kyrgyzstan,KGZ,2021-09-12,19.46
Kyrgyzstan,KGZ,2021-09-13,19.57
Kyrgyzstan,KGZ,2021-09-14,19.82
Kyrgyzstan,KGZ,2021-09-15,20.08
Kyrgyzstan,KGZ,2021-09-16,20.15
Kyrgyzstan,KGZ,2021-09-17,20.33
Kyrgyzstan,KGZ,2021-09-18,20.39
Kyrgyzstan,KGZ,2021-09-19,20.51
Kyrgyzstan,KGZ,2021-09-20,20.69
Kyrgyzstan,KGZ,2021-09-21,20.86
Kyrgyzstan,KGZ,2021-09-22,21.08
Kyrgyzstan,KGZ,2021-09-23,21.33
Kyrgyzstan,KGZ,2021-09-24,21.43
Kyrgyzstan,KGZ,2021-09-25,21.46
Kyrgyzstan,KGZ,2021-09-26,21.63
Kyrgyzstan,KGZ,2021-09-27,21.8
Kyrgyzstan,KGZ,2021-09-28,22.01
Kyrgyzstan,KGZ,2021-09-29,22.19
Kyrgyzstan,KGZ,2021-09-30,22.36
Kyrgyzstan,KGZ,2021-10-01,22.46
Kyrgyzstan,KGZ,2021-10-02,22.49
Kyrgyzstan,KGZ,2021-10-03,22.55
Kyrgyzstan,KGZ,2021-10-04,22.7
Kyrgyzstan,KGZ,2021-10-05,22.87
Kyrgyzstan,KGZ,2021-10-06,23.01
Kyrgyzstan,KGZ,2021-10-07,23.19
Kyrgyzstan,KGZ,2021-10-08,23.35
Kyrgyzstan,KGZ,2021-10-09,23.4
Kyrgyzstan,KGZ,2021-10-10,23.51
Kyrgyzstan,KGZ,2021-10-11,23.67
Kyrgyzstan,KGZ,2021-10-12,23.85
Kyrgyzstan,KGZ,2021-10-13,23.98
Kyrgyzstan,KGZ,2021-10-14,24.18
Kyrgyzstan,KGZ,2021-10-15,24.35
Kyrgyzstan,KGZ,2021-10-16,24.4
Kyrgyzstan,KGZ,2021-10-17,24.48
Kyrgyzstan,KGZ,2021-10-18,24.7
Kyrgyzstan,KGZ,2021-10-19,24.98
Kyrgyzstan,KGZ,2021-10-20,25.08
Kyrgyzstan,KGZ,2021-10-21,25.25
Kyrgyzstan,KGZ,2021-10-22,25.37
Kyrgyzstan,KGZ,2021-10-23,25.45
Kyrgyzstan,KGZ,2021-10-24,25.54
Kyrgyzstan,KGZ,2021-10-25,25.7
Kyrgyzstan,KGZ,2021-10-26,25.87
Kyrgyzstan,KGZ,2021-10-27,26.06
Kyrgyzstan,KGZ,2021-10-28,26.28
Kyrgyzstan,KGZ,2021-10-29,26.45
Kyrgyzstan,KGZ,2021-10-30,26.49
Kyrgyzstan,KGZ,2021-10-31,26.67
Kyrgyzstan,KGZ,2021-11-01,26.78
Kyrgyzstan,KGZ,2021-11-02,27.01
Kyrgyzstan,KGZ,2021-11-03,27.17
Kyrgyzstan,KGZ,2021-11-04,27.32
Kyrgyzstan,KGZ,2021-11-05,27.52
Kyrgyzstan,KGZ,2021-11-06,27.57
Kyrgyzstan,KGZ,2021-11-07,27.61
Kyrgyzstan,KGZ,2021-11-08,27.66
Kyrgyzstan,KGZ,2021-11-09,27.79
Kyrgyzstan,KGZ,2021-11-10,27.94
Kyrgyzstan,KGZ,2021-11-11,28.24
Kyrgyzstan,KGZ,2021-11-12,28.4
Kyrgyzstan,KGZ,2021-11-13,28.42
Kyrgyzstan,KGZ,2021-11-14,28.55
Kyrgyzstan,KGZ,2021-11-15,28.74
Kyrgyzstan,KGZ,2021-11-16,28.93
Kyrgyzstan,KGZ,2021-11-17,29.11
Kyrgyzstan,KGZ,2021-11-18,29.22
Kyrgyzstan,KGZ,2021-11-19,29.43
Kyrgyzstan,KGZ,2021-11-20,29.46
Kyrgyzstan,KGZ,2021-11-21,29.63
Kyrgyzstan,KGZ,2021-11-22,29.81
Kyrgyzstan,KGZ,2021-11-23,30.01
Kyrgyzstan,KGZ,2021-11-24,30.12
Kyrgyzstan,KGZ,2021-11-25,30.36
Kyrgyzstan,KGZ,2021-11-26,30.44
Kyrgyzstan,KGZ,2021-11-27,30.51
Kyrgyzstan,KGZ,2021-11-29,30.82
Kyrgyzstan,KGZ,2021-11-30,30.97
Kyrgyzstan,KGZ,2021-12-01,31.15
Kyrgyzstan,KGZ,2021-12-02,31.31
Kyrgyzstan,KGZ,2021-12-03,31.43
Kyrgyzstan,KGZ,2021-12-05,31.5
Kyrgyzstan,KGZ,2021-12-06,31.65
Kyrgyzstan,KGZ,2021-12-07,31.79
Kyrgyzstan,KGZ,2021-12-08,31.97
Kyrgyzstan,KGZ,2021-12-09,32.06
Kyrgyzstan,KGZ,2021-12-10,32.23
Kyrgyzstan,KGZ,2021-12-11,32.26
Kyrgyzstan,KGZ,2021-12-12,32.36
Kyrgyzstan,KGZ,2021-12-13,32.56
Kyrgyzstan,KGZ,2021-12-14,32.71
Kyrgyzstan,KGZ,2021-12-21,33.53
Kyrgyzstan,KGZ,2021-12-22,33.67
Kyrgyzstan,KGZ,2021-12-23,33.83
Kyrgyzstan,KGZ,2021-12-24,34
Kyrgyzstan,KGZ,2021-12-25,34
Kyrgyzstan,KGZ,2021-12-26,34.07
Kyrgyzstan,KGZ,2021-12-27,34.21
Kyrgyzstan,KGZ,2021-12-28,34.36
Kyrgyzstan,KGZ,2021-12-29,34.39
Kyrgyzstan,KGZ,2021-12-30,34.54
Kyrgyzstan,KGZ,2021-12-31,34.55
Kyrgyzstan,KGZ,2022-01-01,34.56
Kyrgyzstan,KGZ,2022-01-02,34.63
Kyrgyzstan,KGZ,2022-01-03,34.7
Kyrgyzstan,KGZ,2022-01-04,34.81
Kyrgyzstan,KGZ,2022-01-05,34.92
Kyrgyzstan,KGZ,2022-01-06,34.96
Kyrgyzstan,KGZ,2022-01-07,35
Kyrgyzstan,KGZ,2022-01-08,35.03
Kyrgyzstan,KGZ,2022-01-09,35.13
Kyrgyzstan,KGZ,2022-01-10,35.29
Kyrgyzstan,KGZ,2022-01-11,35.41
Kyrgyzstan,KGZ,2022-01-12,35.61
Kyrgyzstan,KGZ,2022-01-13,35.74
Kyrgyzstan,KGZ,2022-01-14,35.88
Kyrgyzstan,KGZ,2022-01-15,35.91
Kyrgyzstan,KGZ,2022-01-16,36.04
Kyrgyzstan,KGZ,2022-01-18,36.36
Kyrgyzstan,KGZ,2022-01-19,36.56
Kyrgyzstan,KGZ,2022-01-20,36.84
Kyrgyzstan,KGZ,2022-01-21,36.97
Kyrgyzstan,KGZ,2022-01-22,37
Kyrgyzstan,KGZ,2022-01-23,37.07
Kyrgyzstan,KGZ,2022-01-24,37.19
Kyrgyzstan,KGZ,2022-01-25,37.41
Kyrgyzstan,KGZ,2022-01-26,37.58
Kyrgyzstan,KGZ,2022-01-27,37.76
Kyrgyzstan,KGZ,2022-01-28,37.93
Kyrgyzstan,KGZ,2022-01-29,38
Kyrgyzstan,KGZ,2022-01-30,38.13
Kyrgyzstan,KGZ,2022-01-31,38.28
Kyrgyzstan,KGZ,2022-02-01,38.45
Kyrgyzstan,KGZ,2022-02-02,38.57
Kyrgyzstan,KGZ,2022-02-03,38.71
Kyrgyzstan,KGZ,2022-02-04,38.82
Kyrgyzstan,KGZ,2022-02-05,38.85
Kyrgyzstan,KGZ,2022-02-06,38.89
Kyrgyzstan,KGZ,2022-02-07,39.06
Kyrgyzstan,KGZ,2022-02-08,39.23
Kyrgyzstan,KGZ,2022-02-09,39.36
Kyrgyzstan,KGZ,2022-02-10,39.54
Kyrgyzstan,KGZ,2022-02-11,39.7
Kyrgyzstan,KGZ,2022-02-12,39.76
Kyrgyzstan,KGZ,2022-02-13,39.83
Kyrgyzstan,KGZ,2022-02-14,40.01
Kyrgyzstan,KGZ,2022-02-15,40.14
Kyrgyzstan,KGZ,2022-02-16,40.36
Kyrgyzstan,KGZ,2022-02-17,40.6
Kyrgyzstan,KGZ,2022-02-18,40.82
Kyrgyzstan,KGZ,2022-02-19,40.85
Kyrgyzstan,KGZ,2022-02-20,40.95
Kyrgyzstan,KGZ,2022-02-21,41.12
Kyrgyzstan,KGZ,2022-02-22,41.19
Kyrgyzstan,KGZ,2022-02-23,41.28
Kyrgyzstan,KGZ,2022-02-24,41.46
Kyrgyzstan,KGZ,2022-02-25,41.64
Kyrgyzstan,KGZ,2022-02-26,41.67
Kyrgyzstan,KGZ,2022-02-27,41.77
Kyrgyzstan,KGZ,2022-02-28,41.96
Kyrgyzstan,KGZ,2022-03-01,42.11
Kyrgyzstan,KGZ,2022-03-02,42.29
Kyrgyzstan,KGZ,2022-03-03,42.44
Kyrgyzstan,KGZ,2022-03-04,42.53
Kyrgyzstan,KGZ,2022-03-05,42.54
Kyrgyzstan,KGZ,2022-03-06,42.61
Kyrgyzstan,KGZ,2022-03-07,42.63
Kyrgyzstan,KGZ,2022-03-08,42.73
Kyrgyzstan,KGZ,2022-03-09,42.85
Kyrgyzstan,KGZ,2022-03-10,43.02
Kyrgyzstan,KGZ,2022-03-11,43.09
Kyrgyzstan,KGZ,2022-03-12,43.1
Kyrgyzstan,KGZ,2022-03-14,43.3
Kyrgyzstan,KGZ,2022-03-15,43.43
Kyrgyzstan,KGZ,2022-03-16,43.52
Kyrgyzstan,KGZ,2022-03-17,43.64
Kyrgyzstan,KGZ,2022-03-18,43.73
Kyrgyzstan,KGZ,2022-03-19,43.75
Kyrgyzstan,KGZ,2022-03-20,43.75
Kyrgyzstan,KGZ,2022-03-21,43.83
Kyrgyzstan,KGZ,2022-03-22,43.94
Kyrgyzstan,KGZ,2022-03-23,44.07
Kyrgyzstan,KGZ,2022-03-24,44.15
Kyrgyzstan,KGZ,2022-03-25,44.22
Kyrgyzstan,KGZ,2022-03-26,44.23
Kyrgyzstan,KGZ,2022-03-27,44.3
Kyrgyzstan,KGZ,2022-03-28,44.34
Kyrgyzstan,KGZ,2022-03-29,44.47
Kyrgyzstan,KGZ,2022-03-30,44.59
Kyrgyzstan,KGZ,2022-03-31,44.64
Kyrgyzstan,KGZ,2022-04-03,44.77
Kyrgyzstan,KGZ,2022-04-04,44.83
Kyrgyzstan,KGZ,2022-04-05,44.94
Kyrgyzstan,KGZ,2022-04-06,44.94
Kyrgyzstan,KGZ,2022-04-07,44.99
Kyrgyzstan,KGZ,2022-04-08,45.05
Kyrgyzstan,KGZ,2022-04-09,45.06
Kyrgyzstan,KGZ,2022-04-10,45.12
Kyrgyzstan,KGZ,2022-04-11,45.23
Kyrgyzstan,KGZ,2022-04-12,45.28
Kyrgyzstan,KGZ,2022-04-13,45.39
Kyrgyzstan,KGZ,2022-04-14,45.45
Kyrgyzstan,KGZ,2022-04-17,45.55
Kyrgyzstan,KGZ,2022-04-18,45.64
Kyrgyzstan,KGZ,2022-04-19,45.67
Kyrgyzstan,KGZ,2022-04-20,45.73
Kyrgyzstan,KGZ,2022-04-21,45.8
Kyrgyzstan,KGZ,2022-04-23,45.87
Kyrgyzstan,KGZ,2022-04-24,45.9
Kyrgyzstan,KGZ,2022-04-25,45.98
Kyrgyzstan,KGZ,2022-04-26,46.04
Kyrgyzstan,KGZ,2022-04-27,46.11
Kyrgyzstan,KGZ,2022-04-28,46.19
Kyrgyzstan,KGZ,2022-04-29,46.24
Kyrgyzstan,KGZ,2022-04-30,46.25
Kyrgyzstan,KGZ,2022-05-01,46.26
Kyrgyzstan,KGZ,2022-05-02,46.26
Kyrgyzstan,KGZ,2022-05-03,46.3
Kyrgyzstan,KGZ,2022-05-04,46.34
Kyrgyzstan,KGZ,2022-05-05,46.38
Kyrgyzstan,KGZ,2022-05-06,46.44
Kyrgyzstan,KGZ,2022-05-07,46.45
Kyrgyzstan,KGZ,2022-05-08,46.46
Kyrgyzstan,KGZ,2022-05-09,46.49
Kyrgyzstan,KGZ,2022-05-10,46.57
Kyrgyzstan,KGZ,2022-05-11,46.63
Kyrgyzstan,KGZ,2022-05-14,46.7
Kyrgyzstan,KGZ,2022-05-15,46.75
Kyrgyzstan,KGZ,2022-05-16,46.87
Kyrgyzstan,KGZ,2022-05-17,46.9
Kyrgyzstan,KGZ,2022-05-18,46.97
Kyrgyzstan,KGZ,2022-05-19,47.04
Kyrgyzstan,KGZ,2022-05-20,47.1
Kyrgyzstan,KGZ,2022-05-21,47.12
Kyrgyzstan,KGZ,2022-05-22,47.14
Kyrgyzstan,KGZ,2022-05-23,47.21
Kyrgyzstan,KGZ,2022-05-24,47.27
Kyrgyzstan,KGZ,2022-05-25,47.32
Kyrgyzstan,KGZ,2022-05-26,47.38
Kyrgyzstan,KGZ,2022-05-27,47.42
Kyrgyzstan,KGZ,2022-05-28,47.43
Kyrgyzstan,KGZ,2022-05-29,47.45
Kyrgyzstan,KGZ,2022-05-30,47.5
Kyrgyzstan,KGZ,2022-05-31,47.55
Kyrgyzstan,KGZ,2022-06-01,47.59
Kyrgyzstan,KGZ,2022-06-02,47.63
Kyrgyzstan,KGZ,2022-06-03,47.67
Kyrgyzstan,KGZ,2022-06-04,47.68
Kyrgyzstan,KGZ,2022-06-05,47.71
Kyrgyzstan,KGZ,2022-06-06,47.75
Kyrgyzstan,KGZ,2022-06-07,47.8
Kyrgyzstan,KGZ,2022-06-08,47.83
Kyrgyzstan,KGZ,2022-06-09,47.86
Kyrgyzstan,KGZ,2022-06-10,47.89
Kyrgyzstan,KGZ,2022-06-11,47.89
Kyrgyzstan,KGZ,2022-06-12,47.91
Kyrgyzstan,KGZ,2022-06-13,47.94
Kyrgyzstan,KGZ,2022-06-14,47.97
Kyrgyzstan,KGZ,2022-06-15,48
Kyrgyzstan,KGZ,2022-06-16,48.03
Kyrgyzstan,KGZ,2022-06-17,48.06
Kyrgyzstan,KGZ,2022-06-18,48.06
Kyrgyzstan,KGZ,2022-06-19,48.08
Kyrgyzstan,KGZ,2022-06-20,48.1
Kyrgyzstan,KGZ,2022-06-21,48.13
Kyrgyzstan,KGZ,2022-06-22,48.16
Kyrgyzstan,KGZ,2022-06-23,48.19
Kyrgyzstan,KGZ,2022-06-24,48.22
Kyrgyzstan,KGZ,2022-06-25,48.22
Kyrgyzstan,KGZ,2022-06-26,48.23
Kyrgyzstan,KGZ,2022-06-27,48.25
Kyrgyzstan,KGZ,2022-06-28,48.27
Kyrgyzstan,KGZ,2022-06-29,48.29
Kyrgyzstan,KGZ,2022-06-30,48.3
Kyrgyzstan,KGZ,2022-07-01,48.31
Kyrgyzstan,KGZ,2022-07-02,48.32
Kyrgyzstan,KGZ,2022-07-03,48.32
Kyrgyzstan,KGZ,2022-07-04,48.34
Kyrgyzstan,KGZ,2022-07-05,48.35
Kyrgyzstan,KGZ,2022-07-06,48.36
Kyrgyzstan,KGZ,2022-07-07,48.37
Kyrgyzstan,KGZ,2022-07-09,48.38
Kyrgyzstan,KGZ,2022-07-10,48.39
Kyrgyzstan,KGZ,2022-07-11,48.4
Kyrgyzstan,KGZ,2022-07-12,48.42
Kyrgyzstan,KGZ,2022-07-13,48.44
Kyrgyzstan,KGZ,2022-07-14,48.45
Kyrgyzstan,KGZ,2022-07-15,48.48
Kyrgyzstan,KGZ,2022-07-16,48.48
Kyrgyzstan,KGZ,2022-07-17,48.49
Kyrgyzstan,KGZ,2022-07-18,48.51
Kyrgyzstan,KGZ,2022-07-19,48.52
Kyrgyzstan,KGZ,2022-07-20,48.53
Kyrgyzstan,KGZ,2022-07-21,48.54
Kyrgyzstan,KGZ,2022-07-22,48.55
Kyrgyzstan,KGZ,2022-07-23,48.56
Kyrgyzstan,KGZ,2022-07-24,48.56
Kyrgyzstan,KGZ,2022-07-25,48.57
Kyrgyzstan,KGZ,2022-07-26,48.57
Kyrgyzstan,KGZ,2022-07-28,48.57
Kyrgyzstan,KGZ,2022-07-29,48.58
Kyrgyzstan,KGZ,2022-07-30,48.58
Kyrgyzstan,KGZ,2022-08-02,48.58
Laos,LAO,2021-03-17,0.55
Laos,LAO,2021-04-14,1.83
Laos,LAO,2021-04-19,1.85
Laos,LAO,2021-04-21,2.04
Laos,LAO,2021-04-22,2.11
Laos,LAO,2021-04-24,2.42
Laos,LAO,2021-04-25,2.47
Laos,LAO,2021-04-26,2.48
Laos,LAO,2021-05-10,6.58
Laos,LAO,2021-05-14,7.59
Laos,LAO,2021-05-15,7.85
Laos,LAO,2021-05-17,8.4
Laos,LAO,2021-05-18,8.55
Laos,LAO,2021-05-19,8.74
Laos,LAO,2021-05-20,9.01
Laos,LAO,2021-05-21,9.3
Laos,LAO,2021-05-22,9.82
Laos,LAO,2021-05-23,9.82
Laos,LAO,2021-05-26,10.11
Laos,LAO,2021-05-31,11.66
Laos,LAO,2021-06-01,12.15
Laos,LAO,2021-06-02,12.31
Laos,LAO,2021-06-03,12.57
Laos,LAO,2021-06-04,12.9
Laos,LAO,2021-06-05,13.23
Laos,LAO,2021-06-06,13.38
Laos,LAO,2021-06-07,13.47
Laos,LAO,2021-06-08,13.71
Laos,LAO,2021-06-09,13.93
Laos,LAO,2021-06-10,14.2
Laos,LAO,2021-06-11,14.54
Laos,LAO,2021-06-12,14.8
Laos,LAO,2021-06-13,14.93
Laos,LAO,2021-06-14,14.96
Laos,LAO,2021-06-15,15.11
Laos,LAO,2021-06-16,15.28
Laos,LAO,2021-06-17,15.28
Laos,LAO,2021-06-18,15.93
Laos,LAO,2021-06-19,16.28
Laos,LAO,2021-06-21,16.73
Laos,LAO,2021-06-22,17.09
Laos,LAO,2021-06-24,18.16
Laos,LAO,2021-06-25,18.61
Laos,LAO,2021-06-26,18.97
Laos,LAO,2021-06-28,19.07
Laos,LAO,2021-07-04,20.61
Laos,LAO,2021-07-05,20.71
Laos,LAO,2021-07-06,20.9
Laos,LAO,2021-07-09,22.2
Laos,LAO,2021-07-11,22.45
Laos,LAO,2021-07-14,23.02
Laos,LAO,2021-07-17,23.93
Laos,LAO,2021-07-31,27.62
Laos,LAO,2021-08-20,41.01
Laos,LAO,2021-08-21,49.93
Laos,LAO,2021-08-22,50.83
Laos,LAO,2021-08-23,51.17
Laos,LAO,2021-08-24,52.18
Laos,LAO,2021-08-25,53.03
Laos,LAO,2021-08-26,53.89
Laos,LAO,2021-08-28,55.69
Laos,LAO,2021-08-29,56.33
Laos,LAO,2021-08-30,56.63
Laos,LAO,2021-08-31,57.08
Laos,LAO,2021-09-01,57.63
Laos,LAO,2021-09-02,58.17
Laos,LAO,2021-09-03,58.64
Laos,LAO,2021-09-04,58.84
Laos,LAO,2021-09-05,59.03
Laos,LAO,2021-09-07,59.3
Laos,LAO,2021-11-23,78.52
Laos,LAO,2022-01-18,105.17
Laos,LAO,2022-02-13,121.99
Laos,LAO,2022-02-16,122.25
Laos,LAO,2022-02-21,122.72
Laos,LAO,2022-02-22,122.77
Laos,LAO,2022-02-23,122.87
Laos,LAO,2022-02-25,123.21
Laos,LAO,2022-02-28,124.11
Laos,LAO,2022-03-02,125.15
Laos,LAO,2022-03-07,127.34
Laos,LAO,2022-03-10,128.37
Laos,LAO,2022-03-11,129.03
Laos,LAO,2022-03-14,130.36
Laos,LAO,2022-03-16,131.54
Laos,LAO,2022-03-18,132.78
Laos,LAO,2022-03-22,134.02
Laos,LAO,2022-03-23,134.52
Laos,LAO,2022-03-25,135
Laos,LAO,2022-03-28,135.34
Laos,LAO,2022-03-30,135.77
Laos,LAO,2022-04-04,137.19
Laos,LAO,2022-04-05,137.43
Laos,LAO,2022-04-06,137.83
Laos,LAO,2022-04-07,138.5
Laos,LAO,2022-04-11,140.2
Laos,LAO,2022-04-13,140.87
Laos,LAO,2022-04-15,141
Laos,LAO,2022-04-18,141.02
Laos,LAO,2022-04-25,142.25
Laos,LAO,2022-04-26,142.68
Laos,LAO,2022-05-03,144.01
Laos,LAO,2022-05-04,144.16
Laos,LAO,2022-05-09,144.73
Laos,LAO,2022-05-12,145.03
Laos,LAO,2022-05-20,145.51
Laos,LAO,2022-05-24,145.85
Laos,LAO,2022-05-26,146.11
Laos,LAO,2022-05-28,146.26
Laos,LAO,2022-05-30,146.29
Laos,LAO,2022-06-03,146.55
Laos,LAO,2022-06-09,146.73
Latvia,LVA,2020-12-04,0
Latvia,LVA,2020-12-07,0
Latvia,LVA,2020-12-09,0
Latvia,LVA,2020-12-15,0
Latvia,LVA,2020-12-16,0
Latvia,LVA,2020-12-17,0
Latvia,LVA,2020-12-18,0
Latvia,LVA,2020-12-20,0
Latvia,LVA,2020-12-21,0
Latvia,LVA,2020-12-22,0
Latvia,LVA,2020-12-23,0
Latvia,LVA,2020-12-24,0
Latvia,LVA,2020-12-26,0
Latvia,LVA,2020-12-27,0
Latvia,LVA,2020-12-28,0.03
Latvia,LVA,2020-12-29,0.08
Latvia,LVA,2020-12-30,0.12
Latvia,LVA,2020-12-31,0.12
Latvia,LVA,2021-01-01,0.13
Latvia,LVA,2021-01-02,0.13
Latvia,LVA,2021-01-03,0.13
Latvia,LVA,2021-01-04,0.16
Latvia,LVA,2021-01-05,0.21
Latvia,LVA,2021-01-06,0.25
Latvia,LVA,2021-01-07,0.3
Latvia,LVA,2021-01-08,0.35
Latvia,LVA,2021-01-09,0.36
Latvia,LVA,2021-01-10,0.38
Latvia,LVA,2021-01-11,0.45
Latvia,LVA,2021-01-12,0.54
Latvia,LVA,2021-01-13,0.62
Latvia,LVA,2021-01-14,0.72
Latvia,LVA,2021-01-15,0.82
Latvia,LVA,2021-01-16,0.86
Latvia,LVA,2021-01-17,0.86
Latvia,LVA,2021-01-18,0.91
Latvia,LVA,2021-01-19,0.96
Latvia,LVA,2021-01-20,1
Latvia,LVA,2021-01-21,1.02
Latvia,LVA,2021-01-22,1.03
Latvia,LVA,2021-01-23,1.04
Latvia,LVA,2021-01-24,1.04
Latvia,LVA,2021-01-25,1.07
Latvia,LVA,2021-01-26,1.12
Latvia,LVA,2021-01-27,1.16
Latvia,LVA,2021-01-28,1.21
Latvia,LVA,2021-01-29,1.26
Latvia,LVA,2021-01-30,1.27
Latvia,LVA,2021-01-31,1.29
Latvia,LVA,2021-02-01,1.36
Latvia,LVA,2021-02-02,1.45
Latvia,LVA,2021-02-03,1.54
Latvia,LVA,2021-02-04,1.62
Latvia,LVA,2021-02-05,1.71
Latvia,LVA,2021-02-06,1.74
Latvia,LVA,2021-02-07,1.75
Latvia,LVA,2021-02-08,1.77
Latvia,LVA,2021-02-09,1.78
Latvia,LVA,2021-02-10,1.82
Latvia,LVA,2021-02-11,1.91
Latvia,LVA,2021-02-12,2.01
Latvia,LVA,2021-02-13,2.03
Latvia,LVA,2021-02-14,2.03
Latvia,LVA,2021-02-15,2.08
Latvia,LVA,2021-02-16,2.16
Latvia,LVA,2021-02-17,2.26
Latvia,LVA,2021-02-18,2.35
Latvia,LVA,2021-02-19,2.42
Latvia,LVA,2021-02-20,2.46
Latvia,LVA,2021-02-21,2.51
Latvia,LVA,2021-02-22,2.6
Latvia,LVA,2021-02-23,2.73
Latvia,LVA,2021-02-24,2.97
Latvia,LVA,2021-02-25,3.19
Latvia,LVA,2021-02-26,3.37
Latvia,LVA,2021-02-27,3.41
Latvia,LVA,2021-02-28,3.41
Latvia,LVA,2021-03-01,3.51
Latvia,LVA,2021-03-02,3.62
Latvia,LVA,2021-03-03,3.85
Latvia,LVA,2021-03-04,4.17
Latvia,LVA,2021-03-05,4.43
Latvia,LVA,2021-03-06,4.47
Latvia,LVA,2021-03-07,4.48
Latvia,LVA,2021-03-08,4.57
Latvia,LVA,2021-03-09,4.69
Latvia,LVA,2021-03-10,4.83
Latvia,LVA,2021-03-11,4.97
Latvia,LVA,2021-03-12,5.24
Latvia,LVA,2021-03-13,5.29
Latvia,LVA,2021-03-14,5.29
Latvia,LVA,2021-03-15,5.5
Latvia,LVA,2021-03-16,5.51
Latvia,LVA,2021-03-17,5.52
Latvia,LVA,2021-03-18,5.54
Latvia,LVA,2021-03-19,5.58
Latvia,LVA,2021-03-20,5.6
Latvia,LVA,2021-03-21,5.61
Latvia,LVA,2021-03-22,5.75
Latvia,LVA,2021-03-23,6.05
Latvia,LVA,2021-03-24,6.38
Latvia,LVA,2021-03-25,6.67
Latvia,LVA,2021-03-26,6.89
Latvia,LVA,2021-03-27,6.92
Latvia,LVA,2021-03-28,6.92
Latvia,LVA,2021-03-29,7.03
Latvia,LVA,2021-03-30,7.3
Latvia,LVA,2021-03-31,7.62
Latvia,LVA,2021-04-01,7.84
Latvia,LVA,2021-04-02,7.87
Latvia,LVA,2021-04-03,8.05
Latvia,LVA,2021-04-04,8.14
Latvia,LVA,2021-04-05,8.3
Latvia,LVA,2021-04-06,8.59
Latvia,LVA,2021-04-07,9.08
Latvia,LVA,2021-04-08,9.46
Latvia,LVA,2021-04-09,9.73
Latvia,LVA,2021-04-10,9.82
Latvia,LVA,2021-04-11,9.82
Latvia,LVA,2021-04-12,9.95
Latvia,LVA,2021-04-13,10.15
Latvia,LVA,2021-04-14,10.49
Latvia,LVA,2021-04-15,10.81
Latvia,LVA,2021-04-16,11.3
Latvia,LVA,2021-04-17,11.64
Latvia,LVA,2021-04-18,11.69
Latvia,LVA,2021-04-19,11.9
Latvia,LVA,2021-04-20,12.3
Latvia,LVA,2021-04-21,12.85
Latvia,LVA,2021-04-22,13.38
Latvia,LVA,2021-04-23,13.95
Latvia,LVA,2021-04-24,14.29
Latvia,LVA,2021-04-25,14.36
Latvia,LVA,2021-04-26,14.61
Latvia,LVA,2021-04-27,15.01
Latvia,LVA,2021-04-28,15.8
Latvia,LVA,2021-04-29,16.57
Latvia,LVA,2021-04-30,17.19
Latvia,LVA,2021-05-01,17.55
Latvia,LVA,2021-05-02,17.64
Latvia,LVA,2021-05-03,17.8
Latvia,LVA,2021-05-04,18.27
Latvia,LVA,2021-05-05,19.17
Latvia,LVA,2021-05-06,20.33
Latvia,LVA,2021-05-07,21.4
Latvia,LVA,2021-05-08,22.06
Latvia,LVA,2021-05-09,22.15
Latvia,LVA,2021-05-10,22.65
Latvia,LVA,2021-05-11,23.62
Latvia,LVA,2021-05-12,24.83
Latvia,LVA,2021-05-13,26
Latvia,LVA,2021-05-14,27.14
Latvia,LVA,2021-05-15,27.86
Latvia,LVA,2021-05-16,28.13
Latvia,LVA,2021-05-17,28.75
Latvia,LVA,2021-05-18,29.65
Latvia,LVA,2021-05-19,30.86
Latvia,LVA,2021-05-20,31.97
Latvia,LVA,2021-05-21,33.05
Latvia,LVA,2021-05-22,33.71
Latvia,LVA,2021-05-23,33.86
Latvia,LVA,2021-05-24,34.49
Latvia,LVA,2021-05-25,35.59
Latvia,LVA,2021-05-26,36.76
Latvia,LVA,2021-05-27,37.94
Latvia,LVA,2021-05-28,39.26
Latvia,LVA,2021-05-29,39.9
Latvia,LVA,2021-05-30,40.12
Latvia,LVA,2021-05-31,40.81
Latvia,LVA,2021-06-01,41.95
Latvia,LVA,2021-06-02,43.12
Latvia,LVA,2021-06-03,44.29
Latvia,LVA,2021-06-04,45.36
Latvia,LVA,2021-06-05,45.96
Latvia,LVA,2021-06-06,46.24
Latvia,LVA,2021-06-07,47.04
Latvia,LVA,2021-06-08,48
Latvia,LVA,2021-06-09,48.99
Latvia,LVA,2021-06-10,49.89
Latvia,LVA,2021-06-11,50.82
Latvia,LVA,2021-06-12,51.26
Latvia,LVA,2021-06-13,51.35
Latvia,LVA,2021-06-14,51.91
Latvia,LVA,2021-06-15,52.6
Latvia,LVA,2021-06-16,53.45
Latvia,LVA,2021-06-17,54.16
Latvia,LVA,2021-06-18,55.08
Latvia,LVA,2021-06-19,55.53
Latvia,LVA,2021-06-20,55.72
Latvia,LVA,2021-06-21,56.38
Latvia,LVA,2021-06-22,56.93
Latvia,LVA,2021-06-23,56.95
Latvia,LVA,2021-06-24,56.96
Latvia,LVA,2021-06-25,57.12
Latvia,LVA,2021-06-26,57.29
Latvia,LVA,2021-06-27,57.41
Latvia,LVA,2021-06-28,58.24
Latvia,LVA,2021-06-29,59.01
Latvia,LVA,2021-06-30,59.8
Latvia,LVA,2021-07-01,60.43
Latvia,LVA,2021-07-02,61.09
Latvia,LVA,2021-07-03,61.56
Latvia,LVA,2021-07-04,61.67
Latvia,LVA,2021-07-05,62.09
Latvia,LVA,2021-07-06,62.57
Latvia,LVA,2021-07-07,63.11
Latvia,LVA,2021-07-08,63.58
Latvia,LVA,2021-07-09,64.18
Latvia,LVA,2021-07-10,64.61
Latvia,LVA,2021-07-11,64.72
Latvia,LVA,2021-07-12,65.07
Latvia,LVA,2021-07-13,65.42
Latvia,LVA,2021-07-14,65.74
Latvia,LVA,2021-07-15,66
Latvia,LVA,2021-07-16,66.3
Latvia,LVA,2021-07-17,66.5
Latvia,LVA,2021-07-18,66.57
Latvia,LVA,2021-07-19,66.84
Latvia,LVA,2021-07-20,67.2
Latvia,LVA,2021-07-21,67.6
Latvia,LVA,2021-07-22,67.95
Latvia,LVA,2021-07-23,68.29
Latvia,LVA,2021-07-24,68.54
Latvia,LVA,2021-07-25,68.61
Latvia,LVA,2021-07-26,68.92
Latvia,LVA,2021-07-27,69.26
Latvia,LVA,2021-07-28,69.63
Latvia,LVA,2021-07-29,69.93
Latvia,LVA,2021-07-30,70.3
Latvia,LVA,2021-07-31,70.5
Latvia,LVA,2021-08-01,70.58
Latvia,LVA,2021-08-02,70.84
Latvia,LVA,2021-08-03,71.18
Latvia,LVA,2021-08-04,71.53
Latvia,LVA,2021-08-05,71.81
Latvia,LVA,2021-08-06,72.16
Latvia,LVA,2021-08-07,72.38
Latvia,LVA,2021-08-08,72.44
Latvia,LVA,2021-08-09,72.7
Latvia,LVA,2021-08-10,73.02
Latvia,LVA,2021-08-11,73.42
Latvia,LVA,2021-08-12,73.7
Latvia,LVA,2021-08-13,74.05
Latvia,LVA,2021-08-14,74.26
Latvia,LVA,2021-08-15,74.33
Latvia,LVA,2021-08-16,74.59
Latvia,LVA,2021-08-17,74.91
Latvia,LVA,2021-08-18,75.3
Latvia,LVA,2021-08-19,75.61
Latvia,LVA,2021-08-20,75.98
Latvia,LVA,2021-08-21,76.19
Latvia,LVA,2021-08-22,76.25
Latvia,LVA,2021-08-23,76.54
Latvia,LVA,2021-08-24,76.86
Latvia,LVA,2021-08-25,77.23
Latvia,LVA,2021-08-26,77.52
Latvia,LVA,2021-08-27,77.91
Latvia,LVA,2021-08-28,78.1
Latvia,LVA,2021-08-29,78.16
Latvia,LVA,2021-08-30,78.47
Latvia,LVA,2021-08-31,78.8
Latvia,LVA,2021-09-01,79.11
Latvia,LVA,2021-09-02,79.4
Latvia,LVA,2021-09-03,79.75
Latvia,LVA,2021-09-04,79.94
Latvia,LVA,2021-09-05,79.99
Latvia,LVA,2021-09-06,80.23
Latvia,LVA,2021-09-07,80.5
Latvia,LVA,2021-09-08,80.87
Latvia,LVA,2021-09-09,81.18
Latvia,LVA,2021-09-10,81.54
Latvia,LVA,2021-09-11,81.69
Latvia,LVA,2021-09-12,81.75
Latvia,LVA,2021-09-13,82
Latvia,LVA,2021-09-14,82.27
Latvia,LVA,2021-09-15,82.6
Latvia,LVA,2021-09-16,82.91
Latvia,LVA,2021-09-17,83.3
Latvia,LVA,2021-09-18,83.53
Latvia,LVA,2021-09-19,83.59
Latvia,LVA,2021-09-20,83.86
Latvia,LVA,2021-09-21,84.2
Latvia,LVA,2021-09-22,84.55
Latvia,LVA,2021-09-23,84.92
Latvia,LVA,2021-09-24,85.4
Latvia,LVA,2021-09-25,85.72
Latvia,LVA,2021-09-26,85.81
Latvia,LVA,2021-09-27,86.16
Latvia,LVA,2021-09-28,86.51
Latvia,LVA,2021-09-29,86.94
Latvia,LVA,2021-09-30,87.38
Latvia,LVA,2021-10-01,87.85
Latvia,LVA,2021-10-02,88.1
Latvia,LVA,2021-10-03,88.21
Latvia,LVA,2021-10-04,88.51
Latvia,LVA,2021-10-05,88.9
Latvia,LVA,2021-10-06,89.34
Latvia,LVA,2021-10-07,89.75
Latvia,LVA,2021-10-08,90.33
Latvia,LVA,2021-10-09,90.76
Latvia,LVA,2021-10-10,90.94
Latvia,LVA,2021-10-11,91.43
Latvia,LVA,2021-10-12,92.06
Latvia,LVA,2021-10-13,92.83
Latvia,LVA,2021-10-14,93.58
Latvia,LVA,2021-10-15,94.53
Latvia,LVA,2021-10-16,95.2
Latvia,LVA,2021-10-17,95.47
Latvia,LVA,2021-10-18,96.17
Latvia,LVA,2021-10-19,96.93
Latvia,LVA,2021-10-20,97.73
Latvia,LVA,2021-10-21,98.58
Latvia,LVA,2021-10-22,99.49
Latvia,LVA,2021-10-23,100.04
Latvia,LVA,2021-10-24,100.21
Latvia,LVA,2021-10-25,100.84
Latvia,LVA,2021-10-26,101.53
Latvia,LVA,2021-10-27,102.3
Latvia,LVA,2021-10-28,103.06
Latvia,LVA,2021-10-29,103.92
Latvia,LVA,2021-10-30,104.41
Latvia,LVA,2021-10-31,104.56
Latvia,LVA,2021-11-01,105.17
Latvia,LVA,2021-11-02,105.92
Latvia,LVA,2021-11-03,106.75
Latvia,LVA,2021-11-04,107.54
Latvia,LVA,2021-11-05,108.42
Latvia,LVA,2021-11-06,108.97
Latvia,LVA,2021-11-07,109.16
Latvia,LVA,2021-11-08,109.87
Latvia,LVA,2021-11-09,110.65
Latvia,LVA,2021-11-10,111.47
Latvia,LVA,2021-11-11,112.28
Latvia,LVA,2021-11-12,113.06
Latvia,LVA,2021-11-13,113.61
Latvia,LVA,2021-11-14,113.77
Latvia,LVA,2021-11-15,114.33
Latvia,LVA,2021-11-16,114.95
Latvia,LVA,2021-11-17,115.68
Latvia,LVA,2021-11-18,115.75
Latvia,LVA,2021-11-19,116.08
Latvia,LVA,2021-11-20,116.41
Latvia,LVA,2021-11-21,116.51
Latvia,LVA,2021-11-22,117.09
Latvia,LVA,2021-11-23,117.71
Latvia,LVA,2021-11-24,118.37
Latvia,LVA,2021-11-25,119.01
Latvia,LVA,2021-11-26,119.75
Latvia,LVA,2021-11-27,120.1
Latvia,LVA,2021-11-28,120.22
Latvia,LVA,2021-11-29,120.75
Latvia,LVA,2021-11-30,121.36
Latvia,LVA,2021-12-01,122.05
Latvia,LVA,2021-12-02,122.72
Latvia,LVA,2021-12-03,123.46
Latvia,LVA,2021-12-04,123.84
Latvia,LVA,2021-12-05,123.95
Latvia,LVA,2021-12-06,124.47
Latvia,LVA,2021-12-07,125.18
Latvia,LVA,2021-12-08,125.9
Latvia,LVA,2021-12-09,126.59
Latvia,LVA,2021-12-10,127.35
Latvia,LVA,2021-12-11,127.71
Latvia,LVA,2021-12-12,127.82
Latvia,LVA,2021-12-13,128.32
Latvia,LVA,2021-12-14,129.03
Latvia,LVA,2021-12-15,129.8
Latvia,LVA,2021-12-16,130.49
Latvia,LVA,2021-12-17,131.22
Latvia,LVA,2021-12-18,131.52
Latvia,LVA,2021-12-19,131.61
Latvia,LVA,2021-12-20,132.16
Latvia,LVA,2021-12-21,132.85
Latvia,LVA,2021-12-22,133.57
Latvia,LVA,2021-12-23,134.03
Latvia,LVA,2021-12-24,134.04
Latvia,LVA,2021-12-25,134.07
Latvia,LVA,2021-12-26,134.09
Latvia,LVA,2021-12-27,134.66
Latvia,LVA,2021-12-28,135.33
Latvia,LVA,2021-12-29,135.98
Latvia,LVA,2021-12-30,136.37
Latvia,LVA,2021-12-31,136.37
Latvia,LVA,2022-01-01,136.38
Latvia,LVA,2022-01-02,136.45
Latvia,LVA,2022-01-03,136.89
Latvia,LVA,2022-01-04,137.53
Latvia,LVA,2022-01-05,138.23
Latvia,LVA,2022-01-06,138.95
Latvia,LVA,2022-01-07,139.78
Latvia,LVA,2022-01-08,140.2
Latvia,LVA,2022-01-09,140.3
Latvia,LVA,2022-01-10,140.8
Latvia,LVA,2022-01-11,141.45
Latvia,LVA,2022-01-12,142.09
Latvia,LVA,2022-01-13,142.69
Latvia,LVA,2022-01-14,143.4
Latvia,LVA,2022-01-15,143.67
Latvia,LVA,2022-01-16,143.76
Latvia,LVA,2022-01-17,144.15
Latvia,LVA,2022-01-18,144.66
Latvia,LVA,2022-01-19,145.2
Latvia,LVA,2022-01-20,145.7
Latvia,LVA,2022-01-21,146.23
Latvia,LVA,2022-01-22,146.45
Latvia,LVA,2022-01-23,146.52
Latvia,LVA,2022-01-24,146.81
Latvia,LVA,2022-01-25,147.18
Latvia,LVA,2022-01-26,147.57
Latvia,LVA,2022-01-27,147.92
Latvia,LVA,2022-01-28,148.35
Latvia,LVA,2022-01-29,148.54
Latvia,LVA,2022-01-30,148.59
Latvia,LVA,2022-01-31,148.77
Latvia,LVA,2022-02-01,149.01
Latvia,LVA,2022-02-02,149.26
Latvia,LVA,2022-02-03,149.5
Latvia,LVA,2022-02-04,149.79
Latvia,LVA,2022-02-05,149.91
Latvia,LVA,2022-02-06,149.93
Latvia,LVA,2022-02-07,150.07
Latvia,LVA,2022-02-08,150.26
Latvia,LVA,2022-02-09,150.44
Latvia,LVA,2022-02-10,150.64
Latvia,LVA,2022-02-11,150.88
Latvia,LVA,2022-02-12,150.98
Latvia,LVA,2022-02-13,151
Latvia,LVA,2022-02-14,151.1
Latvia,LVA,2022-02-15,151.22
Latvia,LVA,2022-02-16,151.34
Latvia,LVA,2022-02-17,151.45
Latvia,LVA,2022-02-18,151.58
Latvia,LVA,2022-02-19,151.64
Latvia,LVA,2022-02-20,151.65
Latvia,LVA,2022-02-21,151.72
Latvia,LVA,2022-02-22,151.81
Latvia,LVA,2022-02-23,151.91
Latvia,LVA,2022-02-24,152
Latvia,LVA,2022-02-25,152.13
Latvia,LVA,2022-02-26,152.18
Latvia,LVA,2022-02-27,152.19
Latvia,LVA,2022-02-28,152.25
Latvia,LVA,2022-03-01,152.32
Latvia,LVA,2022-03-02,152.39
Latvia,LVA,2022-03-03,152.45
Latvia,LVA,2022-03-04,152.54
Latvia,LVA,2022-03-05,152.57
Latvia,LVA,2022-03-06,152.58
Latvia,LVA,2022-03-07,152.62
Latvia,LVA,2022-03-08,152.66
Latvia,LVA,2022-03-09,152.72
Latvia,LVA,2022-03-10,152.77
Latvia,LVA,2022-03-11,152.85
Latvia,LVA,2022-03-12,152.87
Latvia,LVA,2022-03-13,152.87
Latvia,LVA,2022-03-14,152.9
Latvia,LVA,2022-03-15,152.95
Latvia,LVA,2022-03-16,153.01
Latvia,LVA,2022-03-17,153.05
Latvia,LVA,2022-03-18,153.12
Latvia,LVA,2022-03-19,153.13
Latvia,LVA,2022-03-20,153.13
Latvia,LVA,2022-03-21,153.16
Latvia,LVA,2022-03-22,153.2
Latvia,LVA,2022-03-23,153.25
Latvia,LVA,2022-03-24,153.28
Latvia,LVA,2022-03-25,153.34
Latvia,LVA,2022-03-26,153.35
Latvia,LVA,2022-03-27,153.35
Latvia,LVA,2022-03-28,153.38
Latvia,LVA,2022-03-29,153.41
Latvia,LVA,2022-03-30,153.45
Latvia,LVA,2022-03-31,153.48
Latvia,LVA,2022-04-01,153.52
Latvia,LVA,2022-04-02,153.52
Latvia,LVA,2022-04-03,153.52
Latvia,LVA,2022-04-04,153.54
Latvia,LVA,2022-04-05,153.56
Latvia,LVA,2022-04-06,153.59
Latvia,LVA,2022-04-07,153.61
Latvia,LVA,2022-04-08,153.65
Latvia,LVA,2022-04-09,153.66
Latvia,LVA,2022-04-10,153.66
Latvia,LVA,2022-04-11,153.68
Latvia,LVA,2022-04-12,153.7
Latvia,LVA,2022-04-13,153.74
Latvia,LVA,2022-04-14,153.76
Latvia,LVA,2022-04-15,153.76
Latvia,LVA,2022-04-16,153.76
Latvia,LVA,2022-04-17,153.77
Latvia,LVA,2022-04-18,153.77
Latvia,LVA,2022-04-19,153.78
Latvia,LVA,2022-04-20,153.81
Latvia,LVA,2022-04-21,153.83
Latvia,LVA,2022-04-22,153.86
Latvia,LVA,2022-04-23,153.87
Latvia,LVA,2022-04-24,153.87
Latvia,LVA,2022-04-25,153.88
Latvia,LVA,2022-04-26,153.9
Latvia,LVA,2022-04-27,153.93
Latvia,LVA,2022-04-28,153.95
Latvia,LVA,2022-04-29,153.97
Latvia,LVA,2022-04-30,153.97
Latvia,LVA,2022-05-01,153.97
Latvia,LVA,2022-05-02,153.99
Latvia,LVA,2022-05-03,154
Latvia,LVA,2022-05-04,154
Latvia,LVA,2022-05-05,154.03
Latvia,LVA,2022-05-06,154.05
Latvia,LVA,2022-05-07,154.05
Latvia,LVA,2022-05-08,154.05
Latvia,LVA,2022-05-09,154.06
Latvia,LVA,2022-05-10,154.07
Latvia,LVA,2022-05-11,154.1
Latvia,LVA,2022-05-12,154.11
Latvia,LVA,2022-05-13,154.12
Latvia,LVA,2022-05-14,154.13
Latvia,LVA,2022-05-15,154.13
Latvia,LVA,2022-05-16,154.14
Latvia,LVA,2022-05-17,154.15
Latvia,LVA,2022-05-18,154.17
Latvia,LVA,2022-05-19,154.18
Latvia,LVA,2022-05-20,154.2
Latvia,LVA,2022-05-21,154.2
Latvia,LVA,2022-05-22,154.2
Latvia,LVA,2022-05-23,154.21
Latvia,LVA,2022-05-24,154.22
Latvia,LVA,2022-05-25,154.24
Latvia,LVA,2022-05-26,154.25
Latvia,LVA,2022-05-27,154.27
Latvia,LVA,2022-05-28,154.27
Latvia,LVA,2022-05-29,154.27
Latvia,LVA,2022-05-30,154.28
Latvia,LVA,2022-05-31,154.28
Latvia,LVA,2022-06-01,154.29
Latvia,LVA,2022-06-02,154.3
Latvia,LVA,2022-06-03,154.31
Latvia,LVA,2022-06-04,154.32
Latvia,LVA,2022-06-05,154.32
Latvia,LVA,2022-06-06,154.32
Latvia,LVA,2022-06-07,154.33
Latvia,LVA,2022-06-08,154.34
Latvia,LVA,2022-06-09,154.35
Latvia,LVA,2022-06-10,154.36
Latvia,LVA,2022-06-11,154.36
Latvia,LVA,2022-06-12,154.36
Latvia,LVA,2022-06-13,154.37
Latvia,LVA,2022-06-14,154.38
Latvia,LVA,2022-06-15,154.39
Latvia,LVA,2022-06-16,154.39
Latvia,LVA,2022-06-17,154.41
Latvia,LVA,2022-06-18,154.41
Latvia,LVA,2022-06-19,154.41
Latvia,LVA,2022-06-20,154.42
Latvia,LVA,2022-06-21,154.43
Latvia,LVA,2022-06-22,154.43
Latvia,LVA,2022-06-24,154.43
Latvia,LVA,2022-06-25,154.43
Latvia,LVA,2022-06-26,154.43
Latvia,LVA,2022-06-27,154.44
Latvia,LVA,2022-06-28,154.45
Latvia,LVA,2022-06-29,154.46
Latvia,LVA,2022-06-30,154.47
Latvia,LVA,2022-07-01,154.48
Latvia,LVA,2022-07-02,154.48
Latvia,LVA,2022-07-03,154.48
Latvia,LVA,2022-07-04,154.48
Latvia,LVA,2022-07-05,154.49
Latvia,LVA,2022-07-06,154.5
Latvia,LVA,2022-07-07,154.51
Latvia,LVA,2022-07-08,154.52
Latvia,LVA,2022-07-09,154.52
Latvia,LVA,2022-07-10,154.52
Latvia,LVA,2022-07-11,154.53
Lebanon,LBN,2021-02-13,0
Lebanon,LBN,2021-02-14,0
Lebanon,LBN,2021-02-15,0.02
Lebanon,LBN,2021-02-16,0.06
Lebanon,LBN,2021-02-17,0.11
Lebanon,LBN,2021-02-18,0.17
Lebanon,LBN,2021-02-19,0.24
Lebanon,LBN,2021-02-22,0.32
Lebanon,LBN,2021-02-23,0.39
Lebanon,LBN,2021-02-24,0.45
Lebanon,LBN,2021-02-25,0.53
Lebanon,LBN,2021-02-26,0.63
Lebanon,LBN,2021-02-28,0.73
Lebanon,LBN,2021-03-01,0.82
Lebanon,LBN,2021-03-02,0.85
Lebanon,LBN,2021-03-03,0.98
Lebanon,LBN,2021-03-04,1.03
Lebanon,LBN,2021-03-05,1.08
Lebanon,LBN,2021-03-06,1.09
Lebanon,LBN,2021-03-07,1.1
Lebanon,LBN,2021-03-08,1.14
Lebanon,LBN,2021-03-09,1.16
Lebanon,LBN,2021-03-10,1.56
Lebanon,LBN,2021-03-11,1.64
Lebanon,LBN,2021-03-12,1.71
Lebanon,LBN,2021-03-15,1.87
Lebanon,LBN,2021-03-16,2.06
Lebanon,LBN,2021-03-17,2.16
Lebanon,LBN,2021-03-18,2.32
Lebanon,LBN,2021-03-19,2.42
Lebanon,LBN,2021-03-20,2.42
Lebanon,LBN,2021-03-21,2.48
Lebanon,LBN,2021-03-22,2.65
Lebanon,LBN,2021-03-23,2.83
Lebanon,LBN,2021-03-24,2.97
Lebanon,LBN,2021-03-25,3.11
Lebanon,LBN,2021-03-26,3.22
Lebanon,LBN,2021-03-27,3.24
Lebanon,LBN,2021-03-28,3.34
Lebanon,LBN,2021-03-29,3.47
Lebanon,LBN,2021-03-30,3.71
Lebanon,LBN,2021-03-31,3.87
Lebanon,LBN,2021-04-01,3.98
Lebanon,LBN,2021-04-02,4.04
Lebanon,LBN,2021-04-03,4.04
Lebanon,LBN,2021-04-04,4.08
Lebanon,LBN,2021-04-05,4.21
Lebanon,LBN,2021-04-06,4.38
Lebanon,LBN,2021-04-07,4.63
Lebanon,LBN,2021-04-08,4.8
Lebanon,LBN,2021-04-09,4.87
Lebanon,LBN,2021-04-10,4.89
Lebanon,LBN,2021-04-12,5.11
Lebanon,LBN,2021-04-13,5.3
Lebanon,LBN,2021-04-14,5.3
Lebanon,LBN,2021-04-15,5.73
Lebanon,LBN,2021-04-16,5.77
Lebanon,LBN,2021-04-17,5.77
Lebanon,LBN,2021-04-18,5.89
Lebanon,LBN,2021-04-19,6.14
Lebanon,LBN,2021-04-20,6.29
Lebanon,LBN,2021-04-24,7.3
Lebanon,LBN,2021-04-25,7.43
Lebanon,LBN,2021-04-26,7.54
Lebanon,LBN,2021-04-27,7.84
Lebanon,LBN,2021-04-28,8.14
Lebanon,LBN,2021-04-29,8.25
Lebanon,LBN,2021-04-30,8.26
Lebanon,LBN,2021-05-01,8.26
Lebanon,LBN,2021-05-02,8.33
Lebanon,LBN,2021-05-03,8.47
Lebanon,LBN,2021-05-04,8.73
Lebanon,LBN,2021-05-05,8.96
Lebanon,LBN,2021-05-06,9.11
Lebanon,LBN,2021-05-14,10.39
Lebanon,LBN,2021-05-15,10.4
Lebanon,LBN,2021-05-16,10.49
Lebanon,LBN,2021-05-17,10.85
Lebanon,LBN,2021-05-18,11.06
Lebanon,LBN,2021-05-19,11.29
Lebanon,LBN,2021-05-20,11.66
Lebanon,LBN,2021-05-21,11.82
Lebanon,LBN,2021-05-22,11.83
Lebanon,LBN,2021-05-23,11.89
Lebanon,LBN,2021-05-24,12.13
Lebanon,LBN,2021-05-25,12.2
Lebanon,LBN,2021-05-26,12.79
Lebanon,LBN,2021-05-27,12.97
Lebanon,LBN,2021-05-28,13.18
Lebanon,LBN,2021-05-29,13.27
Lebanon,LBN,2021-05-30,13.45
Lebanon,LBN,2021-05-31,13.85
Lebanon,LBN,2021-06-01,14.31
Lebanon,LBN,2021-06-02,14.65
Lebanon,LBN,2021-06-03,15.16
Lebanon,LBN,2021-06-04,15.19
Lebanon,LBN,2021-06-05,15.24
Lebanon,LBN,2021-06-06,15.43
Lebanon,LBN,2021-06-07,15.86
Lebanon,LBN,2021-06-08,16.23
Lebanon,LBN,2021-06-09,16.6
Lebanon,LBN,2021-06-10,16.97
Lebanon,LBN,2021-06-11,17.22
Lebanon,LBN,2021-06-12,17.62
Lebanon,LBN,2021-06-13,18.07
Lebanon,LBN,2021-06-14,18.45
Lebanon,LBN,2021-06-15,18.93
Lebanon,LBN,2021-06-16,18.98
Lebanon,LBN,2021-06-17,19.88
Lebanon,LBN,2021-06-18,20.15
Lebanon,LBN,2021-06-19,20.18
Lebanon,LBN,2021-06-20,20.22
Lebanon,LBN,2021-06-23,21.02
Lebanon,LBN,2021-06-24,21.38
Lebanon,LBN,2021-06-25,22.24
Lebanon,LBN,2021-06-26,22.3
Lebanon,LBN,2021-06-27,22.42
Lebanon,LBN,2021-06-28,22.98
Lebanon,LBN,2021-06-29,23.47
Lebanon,LBN,2021-06-30,24.12
Lebanon,LBN,2021-07-01,24.3
Lebanon,LBN,2021-07-02,24.61
Lebanon,LBN,2021-07-03,24.64
Lebanon,LBN,2021-07-04,24.67
Lebanon,LBN,2021-07-05,24.88
Lebanon,LBN,2021-07-06,25.22
Lebanon,LBN,2021-07-07,26.46
Lebanon,LBN,2021-07-08,27.15
Lebanon,LBN,2021-07-09,27.43
Lebanon,LBN,2021-07-10,27.48
Lebanon,LBN,2021-07-11,27.57
Lebanon,LBN,2021-07-12,27.99
Lebanon,LBN,2021-07-13,29.23
Lebanon,LBN,2021-07-14,29.81
Lebanon,LBN,2021-07-15,30.33
Lebanon,LBN,2021-07-16,30.37
Lebanon,LBN,2021-07-17,30.4
Lebanon,LBN,2021-07-18,30.41
Lebanon,LBN,2021-07-19,30.86
Lebanon,LBN,2021-07-20,30.91
Lebanon,LBN,2021-07-21,31.25
Lebanon,LBN,2021-07-22,31.86
Lebanon,LBN,2021-07-23,31.87
Lebanon,LBN,2021-07-24,31.94
Lebanon,LBN,2021-07-25,32.31
Lebanon,LBN,2021-07-26,32.87
Lebanon,LBN,2021-07-27,33.49
Lebanon,LBN,2021-07-28,33.99
Lebanon,LBN,2021-07-29,34.46
Lebanon,LBN,2021-07-30,34.78
Lebanon,LBN,2021-07-31,34.81
Lebanon,LBN,2021-08-01,34.85
Lebanon,LBN,2021-08-02,35.44
Lebanon,LBN,2021-08-03,36.06
Lebanon,LBN,2021-08-04,36.24
Lebanon,LBN,2021-08-05,36.71
Lebanon,LBN,2021-08-06,37.14
Lebanon,LBN,2021-08-07,37.24
Lebanon,LBN,2021-08-08,37.28
Lebanon,LBN,2021-08-09,37.59
Lebanon,LBN,2021-08-10,38.27
Lebanon,LBN,2021-08-11,38.72
Lebanon,LBN,2021-08-12,38.94
Lebanon,LBN,2021-08-13,39.17
Lebanon,LBN,2021-08-14,39.2
Lebanon,LBN,2021-08-15,39.4
Lebanon,LBN,2021-08-16,39.72
Lebanon,LBN,2021-08-17,40.12
Lebanon,LBN,2021-08-18,40.37
Lebanon,LBN,2021-08-19,40.68
Lebanon,LBN,2021-08-20,40.89
Lebanon,LBN,2021-08-23,41.47
Lebanon,LBN,2021-08-24,41.98
Lebanon,LBN,2021-08-25,42.23
Lebanon,LBN,2021-08-26,42.66
Lebanon,LBN,2021-08-27,42.91
Lebanon,LBN,2021-08-28,42.93
Lebanon,LBN,2021-08-29,43.32
Lebanon,LBN,2021-08-30,43.55
Lebanon,LBN,2021-08-31,43.95
Lebanon,LBN,2021-09-01,44.27
Lebanon,LBN,2021-09-02,44.6
Lebanon,LBN,2021-09-03,44.65
Lebanon,LBN,2021-09-04,44.69
Lebanon,LBN,2021-09-05,44.8
Lebanon,LBN,2021-09-06,45.34
Lebanon,LBN,2021-09-07,45.5
Lebanon,LBN,2021-09-08,45.97
Lebanon,LBN,2021-09-09,46.21
Lebanon,LBN,2021-09-10,46.47
Lebanon,LBN,2021-09-11,46.5
Lebanon,LBN,2021-09-12,46.9
Lebanon,LBN,2021-09-13,47.01
Lebanon,LBN,2021-09-14,47.16
Lebanon,LBN,2021-09-15,47.99
Lebanon,LBN,2021-09-16,48.11
Lebanon,LBN,2021-09-17,48.36
Lebanon,LBN,2021-09-18,48.38
Lebanon,LBN,2021-09-19,48.58
Lebanon,LBN,2021-09-20,48.99
Lebanon,LBN,2021-09-21,49.52
Lebanon,LBN,2021-09-22,49.69
Lebanon,LBN,2021-09-23,50.18
Lebanon,LBN,2021-09-24,50.23
Lebanon,LBN,2021-09-25,50.25
Lebanon,LBN,2021-09-26,50.36
Lebanon,LBN,2021-09-27,50.67
Lebanon,LBN,2021-09-28,51.36
Lebanon,LBN,2021-09-29,51.74
Lebanon,LBN,2021-09-30,52.11
Lebanon,LBN,2021-10-01,52.28
Lebanon,LBN,2021-10-02,52.3
Lebanon,LBN,2021-10-03,52.48
Lebanon,LBN,2021-10-04,52.82
Lebanon,LBN,2021-10-05,53
Lebanon,LBN,2021-10-06,53.09
Lebanon,LBN,2021-10-07,53.73
Lebanon,LBN,2021-10-08,53.98
Lebanon,LBN,2021-10-09,54.01
Lebanon,LBN,2021-10-10,54.11
Lebanon,LBN,2021-10-11,54.15
Lebanon,LBN,2021-10-12,54.27
Lebanon,LBN,2021-10-13,55.1
Lebanon,LBN,2021-10-14,55.37
Lebanon,LBN,2021-10-15,55.57
Lebanon,LBN,2021-10-16,55.58
Lebanon,LBN,2021-10-17,55.59
Lebanon,LBN,2021-10-18,55.64
Lebanon,LBN,2021-10-19,56.39
Lebanon,LBN,2021-10-20,56.53
Lebanon,LBN,2021-10-21,56.84
Lebanon,LBN,2021-10-22,57.02
Lebanon,LBN,2021-10-23,57.03
Lebanon,LBN,2021-10-24,57.03
Lebanon,LBN,2021-10-26,58.05
Lebanon,LBN,2021-10-28,58.88
Lebanon,LBN,2021-11-01,59.24
Lebanon,LBN,2021-11-02,59.53
Lebanon,LBN,2021-11-03,59.77
Lebanon,LBN,2021-11-04,59.94
Lebanon,LBN,2021-11-05,60.23
Lebanon,LBN,2021-11-06,60.24
Lebanon,LBN,2021-11-07,60.28
Lebanon,LBN,2021-11-08,60.59
Lebanon,LBN,2021-11-09,60.81
Lebanon,LBN,2021-11-10,60.99
Lebanon,LBN,2021-11-11,61.23
Lebanon,LBN,2021-11-12,61.47
Lebanon,LBN,2021-11-13,61.49
Lebanon,LBN,2021-11-14,61.57
Lebanon,LBN,2021-11-15,61.8
Lebanon,LBN,2021-11-16,62.01
Lebanon,LBN,2021-11-17,62.25
Lebanon,LBN,2021-11-18,62.41
Lebanon,LBN,2021-11-19,62.67
Lebanon,LBN,2021-11-20,62.7
Lebanon,LBN,2021-11-21,62.73
Lebanon,LBN,2021-11-22,62.89
Lebanon,LBN,2021-11-23,63.2
Lebanon,LBN,2021-11-24,63.29
Lebanon,LBN,2021-11-25,63.46
Lebanon,LBN,2021-11-26,63.77
Lebanon,LBN,2021-11-27,63.82
Lebanon,LBN,2021-11-28,63.84
Lebanon,LBN,2021-11-29,64.14
Lebanon,LBN,2021-11-30,64.39
Lebanon,LBN,2021-12-01,64.52
Lebanon,LBN,2021-12-03,65.3
Lebanon,LBN,2021-12-04,65.33
Lebanon,LBN,2021-12-05,65.45
Lebanon,LBN,2021-12-06,65.77
Lebanon,LBN,2021-12-07,66.03
Lebanon,LBN,2021-12-08,66.39
Lebanon,LBN,2021-12-09,66.59
Lebanon,LBN,2021-12-10,67.25
Lebanon,LBN,2021-12-11,67.82
Lebanon,LBN,2021-12-12,68.09
Lebanon,LBN,2021-12-13,68.4
Lebanon,LBN,2021-12-14,68.64
Lebanon,LBN,2021-12-15,68.98
Lebanon,LBN,2021-12-16,69.34
Lebanon,LBN,2021-12-17,69.7
Lebanon,LBN,2021-12-18,69.82
Lebanon,LBN,2021-12-20,70.56
Lebanon,LBN,2021-12-21,75.67
Lebanon,LBN,2021-12-22,75.7
Lebanon,LBN,2021-12-23,76.13
Lebanon,LBN,2021-12-24,76.3
Lebanon,LBN,2021-12-25,76.31
Lebanon,LBN,2021-12-26,76.36
Lebanon,LBN,2021-12-27,76.87
Lebanon,LBN,2021-12-28,77.8
Lebanon,LBN,2021-12-29,77.8
Lebanon,LBN,2021-12-30,78.25
Lebanon,LBN,2021-12-31,78.31
Lebanon,LBN,2022-01-01,78.32
Lebanon,LBN,2022-01-02,78.44
Lebanon,LBN,2022-01-03,78.86
Lebanon,LBN,2022-01-04,79.3
Lebanon,LBN,2022-01-05,79.7
Lebanon,LBN,2022-01-06,79.7
Lebanon,LBN,2022-01-07,80.48
Lebanon,LBN,2022-01-08,81.4
Lebanon,LBN,2022-01-09,81.72
Lebanon,LBN,2022-01-10,82.43
Lebanon,LBN,2022-01-11,82.71
Lebanon,LBN,2022-01-12,83.23
Lebanon,LBN,2022-01-13,83.47
Lebanon,LBN,2022-01-14,83.79
Lebanon,LBN,2022-01-15,83.82
Lebanon,LBN,2022-01-16,84.12
Lebanon,LBN,2022-01-17,84.47
Lebanon,LBN,2022-01-18,84.64
Lebanon,LBN,2022-01-19,84.74
Lebanon,LBN,2022-01-20,85.24
Lebanon,LBN,2022-01-21,85.49
Lebanon,LBN,2022-01-22,85.52
Lebanon,LBN,2022-01-23,85.57
Lebanon,LBN,2022-01-24,85.97
Lebanon,LBN,2022-01-25,86.3
Lebanon,LBN,2022-01-26,86.51
Lebanon,LBN,2022-01-27,86.76
Lebanon,LBN,2022-01-28,86.96
Lebanon,LBN,2022-01-29,87.02
Lebanon,LBN,2022-01-30,87.29
Lebanon,LBN,2022-01-31,87.65
Lebanon,LBN,2022-02-01,87.92
Lebanon,LBN,2022-02-02,88.12
Lebanon,LBN,2022-02-03,88.46
Lebanon,LBN,2022-02-04,88.58
Lebanon,LBN,2022-02-05,88.63
Lebanon,LBN,2022-02-06,88.63
Lebanon,LBN,2022-02-07,89.03
Lebanon,LBN,2022-02-08,89.29
Lebanon,LBN,2022-02-09,89.43
Lebanon,LBN,2022-02-10,89.71
Lebanon,LBN,2022-02-11,89.95
Lebanon,LBN,2022-02-12,89.99
Lebanon,LBN,2022-02-13,90.03
Lebanon,LBN,2022-02-14,90.26
Lebanon,LBN,2022-02-15,90.47
Lebanon,LBN,2022-02-16,90.79
Lebanon,LBN,2022-02-17,91.07
Lebanon,LBN,2022-02-18,91.24
Lebanon,LBN,2022-02-19,91.27
Lebanon,LBN,2022-02-20,91.38
Lebanon,LBN,2022-02-21,91.59
Lebanon,LBN,2022-02-22,91.73
Lebanon,LBN,2022-02-23,91.9
Lebanon,LBN,2022-02-24,92.06
Lebanon,LBN,2022-02-25,92.23
Lebanon,LBN,2022-02-26,92.26
Lebanon,LBN,2022-02-27,92.37
Lebanon,LBN,2022-02-28,92.55
Lebanon,LBN,2022-03-01,92.71
Lebanon,LBN,2022-03-02,92.81
Lebanon,LBN,2022-03-03,92.91
Lebanon,LBN,2022-03-04,92.97
Lebanon,LBN,2022-03-05,92.97
Lebanon,LBN,2022-03-06,93.03
Lebanon,LBN,2022-03-07,93.15
Lebanon,LBN,2022-03-08,93.23
Lebanon,LBN,2022-03-09,93.32
Lebanon,LBN,2022-03-10,93.46
Lebanon,LBN,2022-03-11,93.46
Lebanon,LBN,2022-03-12,93.47
Lebanon,LBN,2022-03-13,93.48
Lebanon,LBN,2022-03-14,93.52
Lebanon,LBN,2022-03-17,93.82
Lebanon,LBN,2022-03-18,93.88
Lebanon,LBN,2022-03-19,93.89
Lebanon,LBN,2022-03-20,93.93
Lebanon,LBN,2022-03-21,93.99
Lebanon,LBN,2022-03-22,94.04
Lebanon,LBN,2022-03-23,94.11
Lebanon,LBN,2022-03-24,94.13
Lebanon,LBN,2022-03-25,94.16
Lebanon,LBN,2022-03-26,94.17
Lebanon,LBN,2022-03-27,94.22
Lebanon,LBN,2022-03-28,94.24
Lebanon,LBN,2022-03-29,94.34
Lebanon,LBN,2022-03-30,94.41
Lebanon,LBN,2022-03-31,94.44
Lebanon,LBN,2022-04-03,94.52
Lebanon,LBN,2022-04-04,94.54
Lebanon,LBN,2022-04-05,94.58
Lebanon,LBN,2022-04-06,94.61
Lebanon,LBN,2022-04-07,94.63
Lebanon,LBN,2022-04-08,94.65
Lebanon,LBN,2022-04-09,94.66
Lebanon,LBN,2022-04-10,94.67
Lebanon,LBN,2022-04-11,94.72
Lebanon,LBN,2022-04-12,94.73
Lebanon,LBN,2022-04-13,94.78
Lebanon,LBN,2022-04-14,94.79
Lebanon,LBN,2022-04-17,94.81
Lebanon,LBN,2022-04-18,94.85
Lebanon,LBN,2022-04-19,94.86
Lebanon,LBN,2022-04-20,94.9
Lebanon,LBN,2022-04-21,94.92
Lebanon,LBN,2022-04-22,94.95
Lebanon,LBN,2022-04-23,94.95
Lebanon,LBN,2022-04-24,94.95
Lebanon,LBN,2022-04-25,100.17
Lebanon,LBN,2022-05-09,100.38
Lebanon,LBN,2022-05-21,100.71
Lebanon,LBN,2022-05-30,100.75
Lebanon,LBN,2022-06-14,101.15
Lebanon,LBN,2022-06-19,101.27
Lebanon,LBN,2022-06-27,101.44
Lebanon,LBN,2022-07-10,101.86
Lebanon,LBN,2022-07-17,102.03
Lebanon,LBN,2022-07-19,102.18
Lesotho,LSO,2021-03-09,0
Lesotho,LSO,2021-04-17,0.7
Lesotho,LSO,2021-05-18,1.61
Lesotho,LSO,2021-05-21,1.61
Lesotho,LSO,2021-07-05,2.47
Lesotho,LSO,2021-07-26,3.2
Lesotho,LSO,2021-08-25,4.55
Lesotho,LSO,2021-08-28,8.85
Lesotho,LSO,2021-09-20,14.59
Lesotho,LSO,2021-09-29,15.78
Lesotho,LSO,2021-10-10,16.8
Lesotho,LSO,2021-11-17,27.07
Lesotho,LSO,2021-12-08,27.87
Lesotho,LSO,2021-12-16,30.16
Lesotho,LSO,2021-12-31,37.6
Lesotho,LSO,2022-03-22,39.69
Lesotho,LSO,2022-04-26,40.93
Lesotho,LSO,2022-06-26,45.73
Lesotho,LSO,2022-07-10,46.97
Lesotho,LSO,2022-07-17,47.21
Liberia,LBR,2021-05-12,0.7
Liberia,LBR,2021-05-21,1.01
Liberia,LBR,2021-05-24,1.03
Liberia,LBR,2021-05-26,1.07
Liberia,LBR,2021-05-31,1.08
Liberia,LBR,2021-06-08,1.23
Liberia,LBR,2021-06-10,1.23
Liberia,LBR,2021-06-14,1.26
Liberia,LBR,2021-06-15,1.3
Liberia,LBR,2021-06-20,1.33
Liberia,LBR,2021-06-24,1.48
Liberia,LBR,2021-06-28,1.58
Liberia,LBR,2021-10-06,1.8
Liberia,LBR,2021-10-21,6.74
Liberia,LBR,2021-10-22,6.89
Liberia,LBR,2021-10-29,7.88
Liberia,LBR,2021-10-31,8.44
Liberia,LBR,2021-11-02,8.44
Liberia,LBR,2021-11-18,11.35
Liberia,LBR,2021-11-30,11.51
Liberia,LBR,2021-12-08,11.67
Liberia,LBR,2021-12-15,16.95
Liberia,LBR,2022-03-25,21.81
Liberia,LBR,2022-04-26,35.38
Liberia,LBR,2022-05-22,38.45
Liberia,LBR,2022-06-19,40.21
Liberia,LBR,2022-06-26,52.3
Liberia,LBR,2022-07-03,56.25
Libya,LBY,2021-04-17,0.01
Libya,LBY,2021-05-10,1.58
Libya,LBY,2021-06-01,3.62
Libya,LBY,2021-06-09,4.72
Libya,LBY,2021-06-12,4.9
Libya,LBY,2021-06-16,5.22
Libya,LBY,2021-06-23,5.49
Libya,LBY,2021-06-29,5.63
Libya,LBY,2021-07-08,5.85
Libya,LBY,2021-07-11,6.31
Libya,LBY,2021-07-18,7.13
Libya,LBY,2021-07-25,7.88
Libya,LBY,2021-07-28,8.12
Libya,LBY,2021-08-04,10.57
Libya,LBY,2021-08-05,10.95
Libya,LBY,2021-08-09,11.35
Libya,LBY,2021-08-18,13.21
Libya,LBY,2021-08-25,15.19
Libya,LBY,2021-08-26,15.31
Libya,LBY,2021-09-01,16.78
Libya,LBY,2021-09-09,18.92
Libya,LBY,2021-09-10,19.63
Libya,LBY,2021-09-15,20.51
Libya,LBY,2021-09-19,21.74
Libya,LBY,2021-09-22,22.29
Libya,LBY,2021-09-25,22.97
Libya,LBY,2021-09-28,23.55
Libya,LBY,2021-10-02,24.31
Libya,LBY,2021-10-07,24.74
Libya,LBY,2021-10-09,25.08
Libya,LBY,2021-10-14,25.82
Libya,LBY,2021-10-17,26.71
Libya,LBY,2021-10-21,26.86
Libya,LBY,2021-10-24,27.67
Libya,LBY,2021-10-28,28.22
Libya,LBY,2021-10-31,29.52
Libya,LBY,2021-11-04,30
Libya,LBY,2021-11-06,30.74
Libya,LBY,2021-11-10,31.13
Libya,LBY,2021-11-14,31.92
Libya,LBY,2021-11-18,32.35
Libya,LBY,2021-11-21,33.17
Libya,LBY,2021-11-24,34.02
Libya,LBY,2021-11-28,34.68
Libya,LBY,2021-12-02,35.29
Libya,LBY,2021-12-04,36.2
Libya,LBY,2021-12-09,36.9
Libya,LBY,2021-12-11,37.65
Libya,LBY,2021-12-15,37.92
Libya,LBY,2021-12-19,38.74
Libya,LBY,2021-12-23,38.88
Libya,LBY,2021-12-27,39.55
Libya,LBY,2021-12-30,39.79
Libya,LBY,2022-01-06,40.87
Libya,LBY,2022-01-10,42.27
Libya,LBY,2022-01-12,42.69
Libya,LBY,2022-01-16,43.21
Libya,LBY,2022-01-18,43.5
Libya,LBY,2022-01-22,44
Libya,LBY,2022-01-25,44.59
Libya,LBY,2022-01-30,45.3
Libya,LBY,2022-02-01,45.76
Libya,LBY,2022-02-06,46.39
Libya,LBY,2022-02-13,47.49
Libya,LBY,2022-02-19,48.35
Libya,LBY,2022-02-20,48.43
Libya,LBY,2022-02-21,48.53
Libya,LBY,2022-02-22,48.75
Libya,LBY,2022-02-23,48.89
Libya,LBY,2022-02-24,49.01
Libya,LBY,2022-02-26,49.13
Libya,LBY,2022-02-27,49.25
Libya,LBY,2022-02-28,49.36
Libya,LBY,2022-03-02,49.55
Libya,LBY,2022-03-03,49.64
Libya,LBY,2022-03-05,49.7
Libya,LBY,2022-03-06,49.79
Libya,LBY,2022-03-08,49.89
Libya,LBY,2022-03-09,49.93
Libya,LBY,2022-03-10,49.97
Libya,LBY,2022-03-12,50.02
Libya,LBY,2022-03-13,50.11
Libya,LBY,2022-03-14,50.22
Libya,LBY,2022-03-15,50.29
Libya,LBY,2022-03-16,50.33
Libya,LBY,2022-03-17,50.36
Libya,LBY,2022-03-19,50.43
Libya,LBY,2022-03-20,50.48
Libya,LBY,2022-03-21,50.57
Libya,LBY,2022-03-22,50.61
Libya,LBY,2022-03-23,50.71
Libya,LBY,2022-03-24,50.72
Libya,LBY,2022-03-31,51.02
Libya,LBY,2022-04-07,51.14
Libya,LBY,2022-04-14,51.24
Libya,LBY,2022-05-12,51.31
Libya,LBY,2022-05-19,51.37
Libya,LBY,2022-06-05,52.18
Libya,LBY,2022-06-12,52.79
Libya,LBY,2022-06-16,52.86
Libya,LBY,2022-06-27,53.15
Libya,LBY,2022-07-03,53.69
Libya,LBY,2022-07-17,54.45
Liechtenstein,LIE,2020-12-21,0
Liechtenstein,LIE,2021-01-04,0.01
Liechtenstein,LIE,2021-01-06,0.01
Liechtenstein,LIE,2021-01-07,0.02
Liechtenstein,LIE,2021-01-11,0.02
Liechtenstein,LIE,2021-01-12,0.04
Liechtenstein,LIE,2021-01-14,0.06
Liechtenstein,LIE,2021-01-15,0.11
Liechtenstein,LIE,2021-01-16,0.12
Liechtenstein,LIE,2021-01-18,0.32
Liechtenstein,LIE,2021-01-19,0.54
Liechtenstein,LIE,2021-01-20,0.68
Liechtenstein,LIE,2021-01-21,0.82
Liechtenstein,LIE,2021-01-22,0.96
Liechtenstein,LIE,2021-01-23,0.97
Liechtenstein,LIE,2021-01-25,1.16
Liechtenstein,LIE,2021-01-26,1.35
Liechtenstein,LIE,2021-01-27,1.37
Liechtenstein,LIE,2021-01-28,1.7
Liechtenstein,LIE,2021-01-29,2.15
Liechtenstein,LIE,2021-01-30,2.15
Liechtenstein,LIE,2021-01-31,2.15
Liechtenstein,LIE,2021-02-01,2.15
Liechtenstein,LIE,2021-02-02,2.15
Liechtenstein,LIE,2021-02-03,2.17
Liechtenstein,LIE,2021-02-04,2.26
Liechtenstein,LIE,2021-02-05,2.29
Liechtenstein,LIE,2021-02-08,2.44
Liechtenstein,LIE,2021-02-09,2.63
Liechtenstein,LIE,2021-02-10,2.77
Liechtenstein,LIE,2021-02-11,2.93
Liechtenstein,LIE,2021-02-12,3.01
Liechtenstein,LIE,2021-02-15,3.2
Liechtenstein,LIE,2021-02-16,3.83
Liechtenstein,LIE,2021-02-17,4.34
Liechtenstein,LIE,2021-02-18,4.65
Liechtenstein,LIE,2021-02-19,4.65
Liechtenstein,LIE,2021-02-22,5.17
Liechtenstein,LIE,2021-02-23,5.69
Liechtenstein,LIE,2021-02-24,5.69
Liechtenstein,LIE,2021-02-25,6.18
Liechtenstein,LIE,2021-02-26,6.67
Liechtenstein,LIE,2021-03-01,6.67
Liechtenstein,LIE,2021-03-02,6.67
Liechtenstein,LIE,2021-03-03,6.98
Liechtenstein,LIE,2021-03-04,7.48
Liechtenstein,LIE,2021-03-05,8.02
Liechtenstein,LIE,2021-03-06,8.02
Liechtenstein,LIE,2021-03-08,8.02
Liechtenstein,LIE,2021-03-09,8.56
Liechtenstein,LIE,2021-03-10,9.07
Liechtenstein,LIE,2021-03-11,9.68
Liechtenstein,LIE,2021-03-12,9.68
Liechtenstein,LIE,2021-03-15,9.71
Liechtenstein,LIE,2021-03-16,10.26
Liechtenstein,LIE,2021-03-17,10.85
Liechtenstein,LIE,2021-03-18,11.19
Liechtenstein,LIE,2021-03-19,11.19
Liechtenstein,LIE,2021-03-22,11.71
Liechtenstein,LIE,2021-03-23,12.23
Liechtenstein,LIE,2021-03-24,12.84
Liechtenstein,LIE,2021-03-25,13.45
Liechtenstein,LIE,2021-03-26,14.07
Liechtenstein,LIE,2021-03-29,14.68
Liechtenstein,LIE,2021-03-30,15.32
Liechtenstein,LIE,2021-03-31,15.63
Liechtenstein,LIE,2021-04-01,16.14
Liechtenstein,LIE,2021-04-02,16.67
Liechtenstein,LIE,2021-04-06,17.2
Liechtenstein,LIE,2021-04-07,17.72
Liechtenstein,LIE,2021-04-08,18.33
Liechtenstein,LIE,2021-04-09,19
Liechtenstein,LIE,2021-04-10,19
Liechtenstein,LIE,2021-04-12,19.71
Liechtenstein,LIE,2021-04-13,20.42
Liechtenstein,LIE,2021-04-14,21.2
Liechtenstein,LIE,2021-04-15,21.96
Liechtenstein,LIE,2021-04-16,22.7
Liechtenstein,LIE,2021-04-17,22.7
Liechtenstein,LIE,2021-04-19,24.13
Liechtenstein,LIE,2021-04-20,25.52
Liechtenstein,LIE,2021-04-21,26.79
Liechtenstein,LIE,2021-04-22,28.08
Liechtenstein,LIE,2021-04-23,29.36
Liechtenstein,LIE,2021-04-24,29.36
Liechtenstein,LIE,2021-04-26,29.97
Liechtenstein,LIE,2021-04-27,30.61
Liechtenstein,LIE,2021-04-28,31.31
Liechtenstein,LIE,2021-04-29,32
Liechtenstein,LIE,2021-04-30,33.31
Liechtenstein,LIE,2021-05-01,33.31
Liechtenstein,LIE,2021-05-03,34.02
Liechtenstein,LIE,2021-05-04,34.72
Liechtenstein,LIE,2021-05-05,35.44
Liechtenstein,LIE,2021-05-06,36.15
Liechtenstein,LIE,2021-05-07,36.82
Liechtenstein,LIE,2021-05-08,36.82
Liechtenstein,LIE,2021-05-10,38.26
Liechtenstein,LIE,2021-05-11,39.64
Liechtenstein,LIE,2021-05-12,40.4
Liechtenstein,LIE,2021-05-13,41.13
Liechtenstein,LIE,2021-05-14,41.85
Liechtenstein,LIE,2021-05-15,41.85
Liechtenstein,LIE,2021-05-16,41.85
Liechtenstein,LIE,2021-05-17,43.28
Liechtenstein,LIE,2021-05-18,44.68
Liechtenstein,LIE,2021-05-19,46.07
Liechtenstein,LIE,2021-05-20,47.46
Liechtenstein,LIE,2021-05-21,48.89
Liechtenstein,LIE,2021-05-22,48.89
Liechtenstein,LIE,2021-05-25,50.32
Liechtenstein,LIE,2021-05-26,51.72
Liechtenstein,LIE,2021-05-27,53.18
Liechtenstein,LIE,2021-05-28,54.53
Liechtenstein,LIE,2021-05-29,54.53
Liechtenstein,LIE,2021-05-31,55.95
Liechtenstein,LIE,2021-06-01,57.36
Liechtenstein,LIE,2021-06-02,58.8
Liechtenstein,LIE,2021-06-03,60.21
Liechtenstein,LIE,2021-06-04,61.64
Liechtenstein,LIE,2021-06-05,61.64
Liechtenstein,LIE,2021-06-07,63.13
Liechtenstein,LIE,2021-06-08,64.61
Liechtenstein,LIE,2021-06-09,66.06
Liechtenstein,LIE,2021-06-10,67.52
Liechtenstein,LIE,2021-06-11,69.01
Liechtenstein,LIE,2021-06-12,69.01
Liechtenstein,LIE,2021-06-14,70.45
Liechtenstein,LIE,2021-06-15,71.87
Liechtenstein,LIE,2021-06-16,73.31
Liechtenstein,LIE,2021-06-17,74.72
Liechtenstein,LIE,2021-06-18,76.21
Liechtenstein,LIE,2021-06-21,76.21
Liechtenstein,LIE,2021-06-22,77.55
Liechtenstein,LIE,2021-06-23,78.31
Liechtenstein,LIE,2021-06-24,79.64
Liechtenstein,LIE,2021-06-25,80.35
Liechtenstein,LIE,2021-06-26,80.35
Liechtenstein,LIE,2021-06-28,81.09
Liechtenstein,LIE,2021-06-29,81.85
Liechtenstein,LIE,2021-06-30,83.24
Liechtenstein,LIE,2021-07-01,84.64
Liechtenstein,LIE,2021-07-02,86.18
Liechtenstein,LIE,2021-07-03,86.18
Liechtenstein,LIE,2021-07-05,86.93
Liechtenstein,LIE,2021-07-06,88.31
Liechtenstein,LIE,2021-07-07,89.82
Liechtenstein,LIE,2021-07-08,91.33
Liechtenstein,LIE,2021-07-09,92.88
Liechtenstein,LIE,2021-07-12,94.37
Liechtenstein,LIE,2021-07-13,95.88
Liechtenstein,LIE,2021-07-14,96.63
Liechtenstein,LIE,2021-07-15,98.04
Liechtenstein,LIE,2021-07-16,98.85
Liechtenstein,LIE,2021-07-19,98.85
Liechtenstein,LIE,2021-07-20,98.85
Liechtenstein,LIE,2021-07-21,98.85
Liechtenstein,LIE,2021-07-22,99.47
Liechtenstein,LIE,2021-07-23,100.47
Liechtenstein,LIE,2021-07-24,100.47
Liechtenstein,LIE,2021-07-26,100.47
Liechtenstein,LIE,2021-07-27,100.47
Liechtenstein,LIE,2021-07-28,100.47
Liechtenstein,LIE,2021-07-29,100.47
Liechtenstein,LIE,2021-07-30,100.47
Liechtenstein,LIE,2021-07-31,100.47
Liechtenstein,LIE,2021-08-06,100.47
Liechtenstein,LIE,2021-08-09,101.99
Liechtenstein,LIE,2021-08-10,102.71
Liechtenstein,LIE,2021-08-11,103.51
Liechtenstein,LIE,2021-08-12,104.08
Liechtenstein,LIE,2021-08-13,104.87
Liechtenstein,LIE,2021-08-16,105.61
Liechtenstein,LIE,2021-08-17,106.35
Liechtenstein,LIE,2021-08-18,106.97
Liechtenstein,LIE,2021-08-20,106.97
Liechtenstein,LIE,2021-08-21,108.01
Liechtenstein,LIE,2021-08-23,108.38
Liechtenstein,LIE,2021-08-24,109.1
Liechtenstein,LIE,2021-08-25,109.44
Liechtenstein,LIE,2021-08-26,109.8
Liechtenstein,LIE,2021-08-27,110.55
Liechtenstein,LIE,2021-08-28,110.55
Liechtenstein,LIE,2021-08-30,110.55
Liechtenstein,LIE,2021-09-02,110.55
Liechtenstein,LIE,2021-09-03,110.55
Liechtenstein,LIE,2021-09-04,110.55
Liechtenstein,LIE,2021-09-06,110.55
Liechtenstein,LIE,2021-09-07,110.95
Liechtenstein,LIE,2021-09-08,110.95
Liechtenstein,LIE,2021-09-09,110.96
Liechtenstein,LIE,2021-09-10,111.75
Liechtenstein,LIE,2021-09-11,111.75
Liechtenstein,LIE,2021-09-13,113.4
Liechtenstein,LIE,2021-09-14,114.2
Liechtenstein,LIE,2021-09-15,114.76
Liechtenstein,LIE,2021-09-16,114.78
Liechtenstein,LIE,2021-09-17,115.26
Liechtenstein,LIE,2021-09-18,116.25
Liechtenstein,LIE,2021-09-20,117.18
Liechtenstein,LIE,2021-09-21,118.13
Liechtenstein,LIE,2021-09-22,118.48
Liechtenstein,LIE,2021-09-23,118.86
Liechtenstein,LIE,2021-09-24,119.71
Liechtenstein,LIE,2021-09-25,119.71
Liechtenstein,LIE,2021-09-27,119.78
Liechtenstein,LIE,2021-09-28,120.02
Liechtenstein,LIE,2021-09-29,120.07
Liechtenstein,LIE,2021-09-30,120.09
Liechtenstein,LIE,2021-10-01,120.16
Liechtenstein,LIE,2021-10-02,120.16
Liechtenstein,LIE,2021-10-04,120.21
Liechtenstein,LIE,2021-10-05,120.21
Liechtenstein,LIE,2021-10-06,120.26
Liechtenstein,LIE,2021-10-07,120.58
Liechtenstein,LIE,2021-10-08,120.65
Liechtenstein,LIE,2021-10-11,120.65
Liechtenstein,LIE,2021-10-12,120.84
Liechtenstein,LIE,2021-10-13,120.89
Liechtenstein,LIE,2021-10-14,120.96
Liechtenstein,LIE,2021-10-15,121.07
Liechtenstein,LIE,2021-10-16,121.07
Liechtenstein,LIE,2021-10-17,121.07
Liechtenstein,LIE,2021-10-18,121.79
Liechtenstein,LIE,2021-10-19,122.9
Liechtenstein,LIE,2021-10-20,123.57
Liechtenstein,LIE,2021-10-21,123.64
Liechtenstein,LIE,2021-10-22,123.75
Liechtenstein,LIE,2021-10-23,123.75
Liechtenstein,LIE,2021-10-25,124.07
Liechtenstein,LIE,2021-10-26,124.35
Liechtenstein,LIE,2021-10-27,124.57
Liechtenstein,LIE,2021-10-28,124.78
Liechtenstein,LIE,2021-10-29,124.87
Liechtenstein,LIE,2021-11-01,124.87
Liechtenstein,LIE,2021-11-02,125.24
Liechtenstein,LIE,2021-11-03,125.47
Liechtenstein,LIE,2021-11-04,125.76
Liechtenstein,LIE,2021-11-05,125.91
Liechtenstein,LIE,2021-11-08,126.15
Liechtenstein,LIE,2021-11-09,126.28
Liechtenstein,LIE,2021-11-10,126.34
Liechtenstein,LIE,2021-11-11,126.56
Liechtenstein,LIE,2021-11-12,126.76
Liechtenstein,LIE,2021-11-13,126.76
Liechtenstein,LIE,2021-11-15,126.82
Liechtenstein,LIE,2021-11-16,126.99
Liechtenstein,LIE,2021-11-17,127.04
Liechtenstein,LIE,2021-11-18,127.29
Liechtenstein,LIE,2021-11-19,127.71
Liechtenstein,LIE,2021-11-20,127.71
Liechtenstein,LIE,2021-11-22,128.23
Liechtenstein,LIE,2021-11-23,128.62
Liechtenstein,LIE,2021-11-24,129.38
Liechtenstein,LIE,2021-11-25,129.54
Liechtenstein,LIE,2021-11-26,129.59
Liechtenstein,LIE,2021-11-27,129.64
Liechtenstein,LIE,2021-11-28,129.64
Liechtenstein,LIE,2021-11-29,130.76
Liechtenstein,LIE,2021-11-30,131.03
Liechtenstein,LIE,2021-12-01,132.18
Liechtenstein,LIE,2021-12-02,132.75
Liechtenstein,LIE,2021-12-03,132.82
Liechtenstein,LIE,2021-12-04,132.82
Liechtenstein,LIE,2021-12-06,133.83
Liechtenstein,LIE,2021-12-07,135.87
Liechtenstein,LIE,2021-12-08,137.96
Liechtenstein,LIE,2021-12-09,140.07
Liechtenstein,LIE,2021-12-10,141.73
Liechtenstein,LIE,2021-12-11,143.27
Liechtenstein,LIE,2021-12-12,143.89
Liechtenstein,LIE,2021-12-13,145.61
Liechtenstein,LIE,2021-12-14,148.1
Liechtenstein,LIE,2021-12-15,150.24
Liechtenstein,LIE,2021-12-16,152.33
Liechtenstein,LIE,2021-12-17,154.66
Liechtenstein,LIE,2021-12-18,156.18
Liechtenstein,LIE,2021-12-19,156.81
Liechtenstein,LIE,2021-12-20,158.63
Liechtenstein,LIE,2021-12-21,159.92
Liechtenstein,LIE,2021-12-22,161.2
Liechtenstein,LIE,2021-12-23,161.26
Liechtenstein,LIE,2021-12-24,161.27
Liechtenstein,LIE,2021-12-27,161.27
Liechtenstein,LIE,2021-12-28,161.43
Liechtenstein,LIE,2021-12-29,161.43
Liechtenstein,LIE,2021-12-30,161.43
Liechtenstein,LIE,2022-01-03,162.86
Liechtenstein,LIE,2022-01-04,164.22
Liechtenstein,LIE,2022-01-05,165.55
Liechtenstein,LIE,2022-01-06,165.55
Liechtenstein,LIE,2022-01-07,165.65
Liechtenstein,LIE,2022-01-08,166.03
Liechtenstein,LIE,2022-01-10,167.34
Liechtenstein,LIE,2022-01-11,168.7
Liechtenstein,LIE,2022-01-12,169.62
Liechtenstein,LIE,2022-01-13,170.46
Liechtenstein,LIE,2022-01-14,171.74
Liechtenstein,LIE,2022-01-15,171.74
Liechtenstein,LIE,2022-01-17,172.79
Liechtenstein,LIE,2022-01-18,173.41
Liechtenstein,LIE,2022-01-19,174.02
Liechtenstein,LIE,2022-01-20,174.64
Liechtenstein,LIE,2022-01-21,175.55
Liechtenstein,LIE,2022-01-22,175.55
Liechtenstein,LIE,2022-01-24,175.6
Liechtenstein,LIE,2022-01-25,175.68
Liechtenstein,LIE,2022-01-26,176.16
Liechtenstein,LIE,2022-01-27,176.16
Liechtenstein,LIE,2022-01-28,176.19
Liechtenstein,LIE,2022-01-31,176.99
Liechtenstein,LIE,2022-02-01,177.67
Liechtenstein,LIE,2022-02-02,177.67
Liechtenstein,LIE,2022-02-04,177.7
Liechtenstein,LIE,2022-02-05,177.98
Liechtenstein,LIE,2022-02-07,178.24
Liechtenstein,LIE,2022-02-08,178.63
Liechtenstein,LIE,2022-02-09,178.66
Liechtenstein,LIE,2022-02-10,178.66
Liechtenstein,LIE,2022-02-11,178.66
Liechtenstein,LIE,2022-02-12,179.18
Liechtenstein,LIE,2022-02-14,179.21
Liechtenstein,LIE,2022-02-15,179.23
Liechtenstein,LIE,2022-02-16,179.25
Liechtenstein,LIE,2022-02-17,179.61
Liechtenstein,LIE,2022-02-19,179.61
Liechtenstein,LIE,2022-02-22,179.92
Liechtenstein,LIE,2022-02-25,179.92
Liechtenstein,LIE,2022-02-27,179.92
Liechtenstein,LIE,2022-03-02,179.92
Liechtenstein,LIE,2022-03-05,179.92
Liechtenstein,LIE,2022-03-07,179.93
Liechtenstein,LIE,2022-03-09,179.93
Liechtenstein,LIE,2022-03-11,180.19
Liechtenstein,LIE,2022-03-12,180.19
Liechtenstein,LIE,2022-03-16,180.19
Liechtenstein,LIE,2022-03-23,180.19
Liechtenstein,LIE,2022-03-24,180.45
Liechtenstein,LIE,2022-04-01,180.45
Liechtenstein,LIE,2022-04-02,180.45
Liechtenstein,LIE,2022-04-12,180.64
Liechtenstein,LIE,2022-04-13,180.64
Liechtenstein,LIE,2022-04-14,180.64
Liechtenstein,LIE,2022-04-21,180.64
Liechtenstein,LIE,2022-04-26,180.79
Liechtenstein,LIE,2022-05-06,180.79
Liechtenstein,LIE,2022-05-10,180.94
Liechtenstein,LIE,2022-05-13,180.94
Liechtenstein,LIE,2022-05-24,181.08
Liechtenstein,LIE,2022-06-02,181.08
Liechtenstein,LIE,2022-06-09,181.21
Liechtenstein,LIE,2022-06-16,181.21
Liechtenstein,LIE,2022-06-20,181.21
Liechtenstein,LIE,2022-06-23,181.33
Liechtenstein,LIE,2022-06-29,181.33
Liechtenstein,LIE,2022-07-01,181.33
Liechtenstein,LIE,2022-07-06,181.33
Liechtenstein,LIE,2022-07-07,181.46
Liechtenstein,LIE,2022-07-09,181.46
Liechtenstein,LIE,2022-07-14,181.46
Liechtenstein,LIE,2022-07-15,181.46
Liechtenstein,LIE,2022-07-16,181.46
Liechtenstein,LIE,2022-07-20,181.78
Liechtenstein,LIE,2022-07-21,182
Liechtenstein,LIE,2022-07-22,182.15
Liechtenstein,LIE,2022-07-26,182.36
Liechtenstein,LIE,2022-07-27,182.43
Liechtenstein,LIE,2022-07-28,182.57
Liechtenstein,LIE,2022-07-29,182.65
Lithuania,LTU,2020-12-27,0.09
Lithuania,LTU,2020-12-28,0.19
Lithuania,LTU,2020-12-29,0.29
Lithuania,LTU,2020-12-30,0.35
Lithuania,LTU,2020-12-31,0.35
Lithuania,LTU,2021-01-04,0.35
Lithuania,LTU,2021-01-05,0.37
Lithuania,LTU,2021-01-06,0.5
Lithuania,LTU,2021-01-07,0.65
Lithuania,LTU,2021-01-08,0.84
Lithuania,LTU,2021-01-09,0.85
Lithuania,LTU,2021-01-10,0.85
Lithuania,LTU,2021-01-11,0.93
Lithuania,LTU,2021-01-12,1
Lithuania,LTU,2021-01-13,1.23
Lithuania,LTU,2021-01-14,1.54
Lithuania,LTU,2021-01-15,1.8
Lithuania,LTU,2021-01-16,1.84
Lithuania,LTU,2021-01-17,1.88
Lithuania,LTU,2021-01-18,2.05
Lithuania,LTU,2021-01-19,2.27
Lithuania,LTU,2021-01-20,2.39
Lithuania,LTU,2021-01-21,2.45
Lithuania,LTU,2021-01-22,2.47
Lithuania,LTU,2021-01-23,2.47
Lithuania,LTU,2021-01-25,2.47
Lithuania,LTU,2021-01-26,2.58
Lithuania,LTU,2021-01-27,2.83
Lithuania,LTU,2021-01-28,3.09
Lithuania,LTU,2021-01-29,3.38
Lithuania,LTU,2021-01-30,3.4
Lithuania,LTU,2021-01-31,3.4
Lithuania,LTU,2021-02-01,3.51
Lithuania,LTU,2021-02-02,3.65
Lithuania,LTU,2021-02-03,3.89
Lithuania,LTU,2021-02-04,4.25
Lithuania,LTU,2021-02-05,4.52
Lithuania,LTU,2021-02-06,4.54
Lithuania,LTU,2021-02-07,4.55
Lithuania,LTU,2021-02-08,4.64
Lithuania,LTU,2021-02-09,4.75
Lithuania,LTU,2021-02-10,4.97
Lithuania,LTU,2021-02-11,5.29
Lithuania,LTU,2021-02-12,5.56
Lithuania,LTU,2021-02-13,5.57
Lithuania,LTU,2021-02-14,5.57
Lithuania,LTU,2021-02-15,5.74
Lithuania,LTU,2021-02-16,5.76
Lithuania,LTU,2021-02-17,6.06
Lithuania,LTU,2021-02-18,6.47
Lithuania,LTU,2021-02-19,6.85
Lithuania,LTU,2021-02-20,6.88
Lithuania,LTU,2021-02-21,6.88
Lithuania,LTU,2021-02-22,7.08
Lithuania,LTU,2021-02-23,7.39
Lithuania,LTU,2021-02-24,7.81
Lithuania,LTU,2021-02-25,8.24
Lithuania,LTU,2021-02-26,8.6
Lithuania,LTU,2021-02-27,8.63
Lithuania,LTU,2021-02-28,8.65
Lithuania,LTU,2021-03-01,8.92
Lithuania,LTU,2021-03-02,9.25
Lithuania,LTU,2021-03-03,9.69
Lithuania,LTU,2021-03-04,10.24
Lithuania,LTU,2021-03-05,10.75
Lithuania,LTU,2021-03-06,10.77
Lithuania,LTU,2021-03-07,10.77
Lithuania,LTU,2021-03-08,11.09
Lithuania,LTU,2021-03-09,11.52
Lithuania,LTU,2021-03-10,12.09
Lithuania,LTU,2021-03-11,12.13
Lithuania,LTU,2021-03-12,12.77
Lithuania,LTU,2021-03-13,12.84
Lithuania,LTU,2021-03-14,12.84
Lithuania,LTU,2021-03-15,13.12
Lithuania,LTU,2021-03-16,13.49
Lithuania,LTU,2021-03-17,13.87
Lithuania,LTU,2021-03-18,14.17
Lithuania,LTU,2021-03-19,14.51
Lithuania,LTU,2021-03-20,14.54
Lithuania,LTU,2021-03-21,14.54
Lithuania,LTU,2021-03-22,14.83
Lithuania,LTU,2021-03-23,15.3
Lithuania,LTU,2021-03-24,15.93
Lithuania,LTU,2021-03-25,16.54
Lithuania,LTU,2021-03-26,17.14
Lithuania,LTU,2021-03-27,17.25
Lithuania,LTU,2021-03-28,17.26
Lithuania,LTU,2021-03-29,17.54
Lithuania,LTU,2021-03-30,18
Lithuania,LTU,2021-03-31,18.75
Lithuania,LTU,2021-04-01,19.41
Lithuania,LTU,2021-04-02,20.13
Lithuania,LTU,2021-04-03,20.44
Lithuania,LTU,2021-04-04,20.52
Lithuania,LTU,2021-04-05,20.66
Lithuania,LTU,2021-04-06,21.19
Lithuania,LTU,2021-04-07,21.65
Lithuania,LTU,2021-04-08,22.61
Lithuania,LTU,2021-04-09,23.82
Lithuania,LTU,2021-04-10,24.38
Lithuania,LTU,2021-04-11,24.44
Lithuania,LTU,2021-04-12,24.76
Lithuania,LTU,2021-04-13,25.44
Lithuania,LTU,2021-04-14,26.4
Lithuania,LTU,2021-04-15,27.23
Lithuania,LTU,2021-04-16,27.97
Lithuania,LTU,2021-04-17,28.06
Lithuania,LTU,2021-04-18,28.06
Lithuania,LTU,2021-04-19,28.27
Lithuania,LTU,2021-04-20,28.82
Lithuania,LTU,2021-04-21,29.78
Lithuania,LTU,2021-04-22,30.72
Lithuania,LTU,2021-04-23,31.61
Lithuania,LTU,2021-04-24,31.77
Lithuania,LTU,2021-04-25,31.78
Lithuania,LTU,2021-04-26,32.01
Lithuania,LTU,2021-04-27,32.47
Lithuania,LTU,2021-04-28,33.02
Lithuania,LTU,2021-04-29,34.2
Lithuania,LTU,2021-04-30,35.56
Lithuania,LTU,2021-05-01,36.12
Lithuania,LTU,2021-05-02,36.15
Lithuania,LTU,2021-05-03,36.63
Lithuania,LTU,2021-05-04,37.64
Lithuania,LTU,2021-05-05,38.88
Lithuania,LTU,2021-05-06,40.15
Lithuania,LTU,2021-05-07,41.34
Lithuania,LTU,2021-05-08,41.9
Lithuania,LTU,2021-05-09,42.16
Lithuania,LTU,2021-05-10,42.87
Lithuania,LTU,2021-05-11,43.81
Lithuania,LTU,2021-05-12,44.94
Lithuania,LTU,2021-05-13,46.01
Lithuania,LTU,2021-05-14,47.14
Lithuania,LTU,2021-05-15,47.36
Lithuania,LTU,2021-05-16,47.37
Lithuania,LTU,2021-05-17,47.93
Lithuania,LTU,2021-05-18,48.79
Lithuania,LTU,2021-05-19,49.96
Lithuania,LTU,2021-05-20,51.1
Lithuania,LTU,2021-05-21,52
Lithuania,LTU,2021-05-22,52.32
Lithuania,LTU,2021-05-23,52.37
Lithuania,LTU,2021-05-24,52.85
Lithuania,LTU,2021-05-25,53.75
Lithuania,LTU,2021-05-26,54.77
Lithuania,LTU,2021-05-27,55.83
Lithuania,LTU,2021-05-28,56.95
Lithuania,LTU,2021-05-29,57.25
Lithuania,LTU,2021-05-30,57.27
Lithuania,LTU,2021-05-31,57.92
Lithuania,LTU,2021-06-01,59.08
Lithuania,LTU,2021-06-02,60.52
Lithuania,LTU,2021-06-03,61.83
Lithuania,LTU,2021-06-04,63.31
Lithuania,LTU,2021-06-05,63.88
Lithuania,LTU,2021-06-06,64.08
Lithuania,LTU,2021-06-07,64.86
Lithuania,LTU,2021-06-08,65.81
Lithuania,LTU,2021-06-09,66.8
Lithuania,LTU,2021-06-10,67.71
Lithuania,LTU,2021-06-11,68.54
Lithuania,LTU,2021-06-12,68.75
Lithuania,LTU,2021-06-13,68.9
Lithuania,LTU,2021-06-14,69.61
Lithuania,LTU,2021-06-15,70.48
Lithuania,LTU,2021-06-16,71.52
Lithuania,LTU,2021-06-17,72.56
Lithuania,LTU,2021-06-18,73.48
Lithuania,LTU,2021-06-19,73.71
Lithuania,LTU,2021-06-20,73.75
Lithuania,LTU,2021-06-21,74.33
Lithuania,LTU,2021-06-22,75.24
Lithuania,LTU,2021-06-23,76.23
Lithuania,LTU,2021-06-24,76.59
Lithuania,LTU,2021-06-25,77.63
Lithuania,LTU,2021-06-26,77.94
Lithuania,LTU,2021-06-27,78.16
Lithuania,LTU,2021-06-28,78.88
Lithuania,LTU,2021-06-29,79.77
Lithuania,LTU,2021-06-30,80.61
Lithuania,LTU,2021-07-01,81.23
Lithuania,LTU,2021-07-02,81.94
Lithuania,LTU,2021-07-03,82.14
Lithuania,LTU,2021-07-04,82.16
Lithuania,LTU,2021-07-05,82.63
Lithuania,LTU,2021-07-06,82.8
Lithuania,LTU,2021-07-07,83.38
Lithuania,LTU,2021-07-08,83.99
Lithuania,LTU,2021-07-09,84.51
Lithuania,LTU,2021-07-10,84.66
Lithuania,LTU,2021-07-11,84.67
Lithuania,LTU,2021-07-12,85.08
Lithuania,LTU,2021-07-13,85.44
Lithuania,LTU,2021-07-14,85.76
Lithuania,LTU,2021-07-15,86.14
Lithuania,LTU,2021-07-16,86.59
Lithuania,LTU,2021-07-17,86.71
Lithuania,LTU,2021-07-18,86.76
Lithuania,LTU,2021-07-19,87.15
Lithuania,LTU,2021-07-20,87.57
Lithuania,LTU,2021-07-21,88.04
Lithuania,LTU,2021-07-22,88.64
Lithuania,LTU,2021-07-23,89.22
Lithuania,LTU,2021-07-24,89.36
Lithuania,LTU,2021-07-25,89.41
Lithuania,LTU,2021-07-26,89.99
Lithuania,LTU,2021-07-27,90.53
Lithuania,LTU,2021-07-28,91.14
Lithuania,LTU,2021-07-29,91.89
Lithuania,LTU,2021-07-30,92.48
Lithuania,LTU,2021-07-31,92.71
Lithuania,LTU,2021-08-01,92.81
Lithuania,LTU,2021-08-02,93.38
Lithuania,LTU,2021-08-03,93.84
Lithuania,LTU,2021-08-04,94.41
Lithuania,LTU,2021-08-05,95.32
Lithuania,LTU,2021-08-06,96.16
Lithuania,LTU,2021-08-07,96.39
Lithuania,LTU,2021-08-08,96.43
Lithuania,LTU,2021-08-09,97.08
Lithuania,LTU,2021-08-10,97.67
Lithuania,LTU,2021-08-11,98.33
Lithuania,LTU,2021-08-12,99.15
Lithuania,LTU,2021-08-13,99.86
Lithuania,LTU,2021-08-14,99.99
Lithuania,LTU,2021-08-15,100.02
Lithuania,LTU,2021-08-16,100.75
Lithuania,LTU,2021-08-17,101.36
Lithuania,LTU,2021-08-18,102.16
Lithuania,LTU,2021-08-19,103.01
Lithuania,LTU,2021-08-20,103.68
Lithuania,LTU,2021-08-21,103.8
Lithuania,LTU,2021-08-22,103.82
Lithuania,LTU,2021-08-23,104.39
Lithuania,LTU,2021-08-24,104.88
Lithuania,LTU,2021-08-25,105.44
Lithuania,LTU,2021-08-26,106.1
Lithuania,LTU,2021-08-27,106.7
Lithuania,LTU,2021-08-28,106.79
Lithuania,LTU,2021-08-29,106.81
Lithuania,LTU,2021-08-30,107.29
Lithuania,LTU,2021-08-31,107.68
Lithuania,LTU,2021-09-01,108.06
Lithuania,LTU,2021-09-02,108.55
Lithuania,LTU,2021-09-03,108.98
Lithuania,LTU,2021-09-04,109.07
Lithuania,LTU,2021-09-05,109.08
Lithuania,LTU,2021-09-06,109.44
Lithuania,LTU,2021-09-07,109.78
Lithuania,LTU,2021-09-08,110.15
Lithuania,LTU,2021-09-09,110.62
Lithuania,LTU,2021-09-10,111.06
Lithuania,LTU,2021-09-11,111.13
Lithuania,LTU,2021-09-12,111.14
Lithuania,LTU,2021-09-13,111.52
Lithuania,LTU,2021-09-14,111.88
Lithuania,LTU,2021-09-15,112.24
Lithuania,LTU,2021-09-16,112.63
Lithuania,LTU,2021-09-17,113.02
Lithuania,LTU,2021-09-18,113.08
Lithuania,LTU,2021-09-19,113.09
Lithuania,LTU,2021-09-20,113.38
Lithuania,LTU,2021-09-21,113.67
Lithuania,LTU,2021-09-22,113.96
Lithuania,LTU,2021-09-23,114.3
Lithuania,LTU,2021-09-24,114.63
Lithuania,LTU,2021-09-25,114.68
Lithuania,LTU,2021-09-26,114.69
Lithuania,LTU,2021-09-27,114.95
Lithuania,LTU,2021-09-28,115.21
Lithuania,LTU,2021-09-29,115.48
Lithuania,LTU,2021-09-30,115.81
Lithuania,LTU,2021-10-01,116.12
Lithuania,LTU,2021-10-02,116.16
Lithuania,LTU,2021-10-03,116.18
Lithuania,LTU,2021-10-04,116.44
Lithuania,LTU,2021-10-05,116.67
Lithuania,LTU,2021-10-06,116.92
Lithuania,LTU,2021-10-07,117.2
Lithuania,LTU,2021-10-08,117.5
Lithuania,LTU,2021-10-09,117.55
Lithuania,LTU,2021-10-10,117.56
Lithuania,LTU,2021-10-11,117.79
Lithuania,LTU,2021-10-12,118
Lithuania,LTU,2021-10-13,118.21
Lithuania,LTU,2021-10-14,118.47
Lithuania,LTU,2021-10-15,118.77
Lithuania,LTU,2021-10-16,118.81
Lithuania,LTU,2021-10-17,118.83
Lithuania,LTU,2021-10-18,119.07
Lithuania,LTU,2021-10-19,119.27
Lithuania,LTU,2021-10-20,119.53
Lithuania,LTU,2021-10-21,119.86
Lithuania,LTU,2021-10-22,120.21
Lithuania,LTU,2021-10-23,120.26
Lithuania,LTU,2021-10-24,120.28
Lithuania,LTU,2021-10-25,120.57
Lithuania,LTU,2021-10-26,120.86
Lithuania,LTU,2021-10-27,121.15
Lithuania,LTU,2021-10-28,121.47
Lithuania,LTU,2021-10-29,121.83
Lithuania,LTU,2021-10-30,121.87
Lithuania,LTU,2021-10-31,121.89
Lithuania,LTU,2021-11-01,121.9
Lithuania,LTU,2021-11-02,121.9
Lithuania,LTU,2021-11-03,122.3
Lithuania,LTU,2021-11-04,122.77
Lithuania,LTU,2021-11-05,123.21
Lithuania,LTU,2021-11-06,123.27
Lithuania,LTU,2021-11-07,123.31
Lithuania,LTU,2021-11-08,123.64
Lithuania,LTU,2021-11-09,124.06
Lithuania,LTU,2021-11-10,124.43
Lithuania,LTU,2021-11-11,124.95
Lithuania,LTU,2021-11-12,125.47
Lithuania,LTU,2021-11-13,125.54
Lithuania,LTU,2021-11-14,125.58
Lithuania,LTU,2021-11-15,125.94
Lithuania,LTU,2021-11-16,126.35
Lithuania,LTU,2021-11-17,126.87
Lithuania,LTU,2021-11-18,127.57
Lithuania,LTU,2021-11-19,128.28
Lithuania,LTU,2021-11-20,128.4
Lithuania,LTU,2021-11-21,128.44
Lithuania,LTU,2021-11-22,128.96
Lithuania,LTU,2021-11-23,129.52
Lithuania,LTU,2021-11-24,130.17
Lithuania,LTU,2021-11-25,130.9
Lithuania,LTU,2021-11-26,131.64
Lithuania,LTU,2021-11-27,131.81
Lithuania,LTU,2021-11-28,131.89
Lithuania,LTU,2021-11-29,132.41
Lithuania,LTU,2021-11-30,132.96
Lithuania,LTU,2021-12-01,133.63
Lithuania,LTU,2021-12-02,134.4
Lithuania,LTU,2021-12-03,135.17
Lithuania,LTU,2021-12-04,135.34
Lithuania,LTU,2021-12-05,135.43
Lithuania,LTU,2021-12-06,135.99
Lithuania,LTU,2021-12-07,136.63
Lithuania,LTU,2021-12-08,137.32
Lithuania,LTU,2021-12-09,138.05
Lithuania,LTU,2021-12-10,138.84
Lithuania,LTU,2021-12-11,139
Lithuania,LTU,2021-12-12,139.09
Lithuania,LTU,2021-12-13,139.65
Lithuania,LTU,2021-12-14,140.23
Lithuania,LTU,2021-12-15,140.88
Lithuania,LTU,2021-12-16,141.61
Lithuania,LTU,2021-12-17,142.37
Lithuania,LTU,2021-12-18,142.54
Lithuania,LTU,2021-12-19,142.63
Lithuania,LTU,2021-12-20,143.22
Lithuania,LTU,2021-12-21,143.81
Lithuania,LTU,2021-12-22,144.43
Lithuania,LTU,2021-12-23,145.02
Lithuania,LTU,2021-12-24,145.03
Lithuania,LTU,2021-12-26,145.05
Lithuania,LTU,2021-12-27,145.81
Lithuania,LTU,2021-12-28,146.61
Lithuania,LTU,2021-12-29,147.39
Lithuania,LTU,2021-12-30,148.02
Lithuania,LTU,2021-12-31,148.27
Lithuania,LTU,2022-01-02,148.28
Lithuania,LTU,2022-01-03,148.91
Lithuania,LTU,2022-01-04,149.63
Lithuania,LTU,2022-01-05,150.42
Lithuania,LTU,2022-01-06,151.23
Lithuania,LTU,2022-01-07,152.06
Lithuania,LTU,2022-01-08,152.23
Lithuania,LTU,2022-01-09,152.32
Lithuania,LTU,2022-01-10,152.91
Lithuania,LTU,2022-01-11,153.45
Lithuania,LTU,2022-01-12,153.97
Lithuania,LTU,2022-01-13,154.48
Lithuania,LTU,2022-01-14,155.02
Lithuania,LTU,2022-01-15,155.13
Lithuania,LTU,2022-01-16,155.16
Lithuania,LTU,2022-01-17,155.51
Lithuania,LTU,2022-01-18,155.85
Lithuania,LTU,2022-01-19,156.19
Lithuania,LTU,2022-01-20,156.53
Lithuania,LTU,2022-01-21,156.91
Lithuania,LTU,2022-01-22,156.96
Lithuania,LTU,2022-01-23,156.96
Lithuania,LTU,2022-01-24,157.21
Lithuania,LTU,2022-01-25,157.45
Lithuania,LTU,2022-01-26,157.7
Lithuania,LTU,2022-01-27,157.97
Lithuania,LTU,2022-01-28,158.27
Lithuania,LTU,2022-01-29,158.31
Lithuania,LTU,2022-01-30,158.31
Lithuania,LTU,2022-01-31,158.44
Lithuania,LTU,2022-02-01,158.56
Lithuania,LTU,2022-02-02,158.68
Lithuania,LTU,2022-02-03,158.79
Lithuania,LTU,2022-02-04,158.93
Lithuania,LTU,2022-02-05,158.94
Lithuania,LTU,2022-02-06,158.95
Lithuania,LTU,2022-02-07,159.01
Lithuania,LTU,2022-02-08,159.07
Lithuania,LTU,2022-02-09,159.13
Lithuania,LTU,2022-02-10,159.2
Lithuania,LTU,2022-02-11,159.28
Lithuania,LTU,2022-02-12,159.29
Lithuania,LTU,2022-02-13,159.29
Lithuania,LTU,2022-02-14,159.34
Lithuania,LTU,2022-02-15,159.39
Lithuania,LTU,2022-02-16,159.39
Lithuania,LTU,2022-02-17,159.45
Lithuania,LTU,2022-02-18,159.51
Lithuania,LTU,2022-02-19,159.52
Lithuania,LTU,2022-02-20,159.52
Lithuania,LTU,2022-02-21,159.56
Lithuania,LTU,2022-02-22,159.59
Lithuania,LTU,2022-02-23,159.62
Lithuania,LTU,2022-02-24,159.66
Lithuania,LTU,2022-02-25,159.71
Lithuania,LTU,2022-02-26,159.71
Lithuania,LTU,2022-02-27,159.71
Lithuania,LTU,2022-02-28,159.74
Lithuania,LTU,2022-03-01,159.76
Lithuania,LTU,2022-03-02,159.78
Lithuania,LTU,2022-03-03,159.81
Lithuania,LTU,2022-03-04,159.85
Lithuania,LTU,2022-03-05,159.85
Lithuania,LTU,2022-03-06,159.85
Lithuania,LTU,2022-03-07,159.88
Lithuania,LTU,2022-03-08,159.9
Lithuania,LTU,2022-03-09,159.93
Lithuania,LTU,2022-03-10,159.96
Lithuania,LTU,2022-03-11,159.96
Lithuania,LTU,2022-03-12,159.97
Lithuania,LTU,2022-03-13,159.97
Lithuania,LTU,2022-03-14,160
Lithuania,LTU,2022-03-15,160.02
Lithuania,LTU,2022-03-16,160.05
Lithuania,LTU,2022-03-17,160.07
Lithuania,LTU,2022-03-18,160.11
Lithuania,LTU,2022-03-19,160.11
Lithuania,LTU,2022-03-20,160.11
Lithuania,LTU,2022-03-21,160.13
Lithuania,LTU,2022-03-22,160.15
Lithuania,LTU,2022-03-23,160.17
Lithuania,LTU,2022-03-24,160.19
Lithuania,LTU,2022-03-25,160.23
Lithuania,LTU,2022-03-26,160.23
Lithuania,LTU,2022-03-27,160.23
Lithuania,LTU,2022-03-28,160.25
Lithuania,LTU,2022-03-29,160.27
Lithuania,LTU,2022-03-30,160.3
Lithuania,LTU,2022-03-31,160.33
Lithuania,LTU,2022-04-01,160.35
Lithuania,LTU,2022-04-02,160.35
Lithuania,LTU,2022-04-03,160.36
Lithuania,LTU,2022-04-04,160.38
Lithuania,LTU,2022-04-05,160.4
Lithuania,LTU,2022-04-06,160.42
Lithuania,LTU,2022-04-07,160.44
Lithuania,LTU,2022-04-08,160.47
Lithuania,LTU,2022-04-09,160.47
Lithuania,LTU,2022-04-10,160.47
Lithuania,LTU,2022-04-11,160.49
Lithuania,LTU,2022-04-12,160.5
Lithuania,LTU,2022-04-13,160.52
Lithuania,LTU,2022-04-14,160.54
Lithuania,LTU,2022-04-15,160.56
Lithuania,LTU,2022-04-16,160.56
Lithuania,LTU,2022-04-17,160.56
Lithuania,LTU,2022-04-18,160.56
Lithuania,LTU,2022-04-19,160.59
Lithuania,LTU,2022-04-20,160.61
Lithuania,LTU,2022-04-21,160.63
Lithuania,LTU,2022-04-22,160.65
Lithuania,LTU,2022-04-23,160.65
Lithuania,LTU,2022-04-24,160.65
Lithuania,LTU,2022-04-25,160.67
Lithuania,LTU,2022-04-26,160.68
Lithuania,LTU,2022-04-27,160.7
Lithuania,LTU,2022-04-28,160.71
Lithuania,LTU,2022-04-29,160.73
Lithuania,LTU,2022-04-30,160.73
Lithuania,LTU,2022-05-01,160.74
Lithuania,LTU,2022-05-02,160.75
Lithuania,LTU,2022-05-03,160.76
Lithuania,LTU,2022-05-04,160.77
Lithuania,LTU,2022-05-05,160.79
Lithuania,LTU,2022-05-06,160.8
Lithuania,LTU,2022-05-07,160.8
Lithuania,LTU,2022-05-08,160.8
Lithuania,LTU,2022-05-09,160.81
Lithuania,LTU,2022-05-10,160.82
Lithuania,LTU,2022-05-11,160.83
Lithuania,LTU,2022-05-12,160.84
Lithuania,LTU,2022-05-13,160.85
Lithuania,LTU,2022-05-14,160.85
Lithuania,LTU,2022-05-15,160.86
Lithuania,LTU,2022-05-16,160.86
Lithuania,LTU,2022-05-17,160.87
Lithuania,LTU,2022-05-18,160.88
Lithuania,LTU,2022-05-19,160.89
Lithuania,LTU,2022-05-20,160.9
Lithuania,LTU,2022-05-21,160.91
Lithuania,LTU,2022-05-22,160.91
Lithuania,LTU,2022-05-23,160.91
Lithuania,LTU,2022-05-24,160.92
Lithuania,LTU,2022-05-25,160.93
Lithuania,LTU,2022-05-26,160.94
Lithuania,LTU,2022-05-27,160.95
Lithuania,LTU,2022-05-28,160.95
Lithuania,LTU,2022-05-29,160.95
Lithuania,LTU,2022-05-30,160.96
Lithuania,LTU,2022-05-31,160.97
Lithuania,LTU,2022-06-01,160.97
Lithuania,LTU,2022-06-02,160.98
Lithuania,LTU,2022-06-03,160.99
Lithuania,LTU,2022-06-04,160.99
Lithuania,LTU,2022-06-05,160.99
Lithuania,LTU,2022-06-06,161
Lithuania,LTU,2022-06-07,161
Lithuania,LTU,2022-06-08,161.01
Lithuania,LTU,2022-06-09,161.02
Lithuania,LTU,2022-06-10,161.03
Lithuania,LTU,2022-06-11,161.03
Lithuania,LTU,2022-06-12,161.03
Lithuania,LTU,2022-06-13,161.03
Lithuania,LTU,2022-06-14,161.04
Lithuania,LTU,2022-06-15,161.04
Lithuania,LTU,2022-06-16,161.05
Lithuania,LTU,2022-06-17,161.05
Lithuania,LTU,2022-06-18,161.05
Lithuania,LTU,2022-06-19,161.05
Lithuania,LTU,2022-06-20,161.06
Lithuania,LTU,2022-06-21,161.06
Lithuania,LTU,2022-06-22,161.07
Lithuania,LTU,2022-06-23,161.07
Lithuania,LTU,2022-06-25,161.07
Lithuania,LTU,2022-06-26,161.07
Lithuania,LTU,2022-06-27,161.08
Lithuania,LTU,2022-06-28,161.08
Lithuania,LTU,2022-06-29,161.08
Lithuania,LTU,2022-06-30,161.09
Lithuania,LTU,2022-07-01,161.09
Lithuania,LTU,2022-07-03,161.09
Lithuania,LTU,2022-07-04,161.1
Lithuania,LTU,2022-07-05,161.1
Lithuania,LTU,2022-07-07,161.11
Lithuania,LTU,2022-07-08,161.12
Lithuania,LTU,2022-07-11,161.12
Lithuania,LTU,2022-07-12,161.13
Lithuania,LTU,2022-07-13,161.14
Lithuania,LTU,2022-07-14,161.15
Lithuania,LTU,2022-07-15,161.16
Lithuania,LTU,2022-07-18,161.17
Lithuania,LTU,2022-07-19,161.17
Lithuania,LTU,2022-07-20,161.18
Lithuania,LTU,2022-07-21,161.19
Lithuania,LTU,2022-07-22,161.2
Lithuania,LTU,2022-07-23,161.2
Lithuania,LTU,2022-07-25,161.2
Lithuania,LTU,2022-07-26,161.21
Lithuania,LTU,2022-07-27,161.21
Lithuania,LTU,2022-07-28,161.22
Lithuania,LTU,2022-07-29,161.23
Lithuania,LTU,2022-08-01,161.24
Lithuania,LTU,2022-08-02,161.24
Low income,,2021-02-15,0
Low income,,2021-02-16,0
Low income,,2021-02-17,0
Low income,,2021-02-18,0
Low income,,2021-02-19,0
Low income,,2021-02-20,0
Low income,,2021-02-21,0
Low income,,2021-02-22,0
Low income,,2021-02-23,0
Low income,,2021-02-24,0
Low income,,2021-02-25,0
Low income,,2021-02-26,0
Low income,,2021-02-27,0
Low income,,2021-02-28,0
Low income,,2021-03-01,0
Low income,,2021-03-02,0
Low income,,2021-03-03,0
Low income,,2021-03-04,0
Low income,,2021-03-05,0.01
Low income,,2021-03-06,0.02
Low income,,2021-03-07,0.03
Low income,,2021-03-08,0.03
Low income,,2021-03-09,0.03
Low income,,2021-03-10,0.03
Low income,,2021-03-11,0.04
Low income,,2021-03-12,0.04
Low income,,2021-03-13,0.04
Low income,,2021-03-14,0.04
Low income,,2021-03-15,0.05
Low income,,2021-03-16,0.06
Low income,,2021-03-17,0.06
Low income,,2021-03-18,0.06
Low income,,2021-03-19,0.07
Low income,,2021-03-20,0.07
Low income,,2021-03-21,0.07
Low income,,2021-03-22,0.07
Low income,,2021-03-23,0.07
Low income,,2021-03-24,0.09
Low income,,2021-03-25,0.09
Low income,,2021-03-26,0.09
Low income,,2021-03-27,0.1
Low income,,2021-03-28,0.1
Low income,,2021-03-29,0.1
Low income,,2021-03-30,0.11
Low income,,2021-03-31,0.12
Low income,,2021-04-01,0.12
Low income,,2021-04-02,0.12
Low income,,2021-04-03,0.12
Low income,,2021-04-04,0.13
Low income,,2021-04-05,0.13
Low income,,2021-04-06,0.14
Low income,,2021-04-07,0.15
Low income,,2021-04-08,0.22
Low income,,2021-04-09,0.23
Low income,,2021-04-10,0.24
Low income,,2021-04-11,0.24
Low income,,2021-04-12,0.24
Low income,,2021-04-13,0.25
Low income,,2021-04-14,0.25
Low income,,2021-04-15,0.26
Low income,,2021-04-16,0.26
Low income,,2021-04-17,0.29
Low income,,2021-04-18,0.29
Low income,,2021-04-19,0.29
Low income,,2021-04-20,0.29
Low income,,2021-04-21,0.3
Low income,,2021-04-22,0.31
Low income,,2021-04-23,0.32
Low income,,2021-04-24,0.32
Low income,,2021-04-25,0.33
Low income,,2021-04-26,0.33
Low income,,2021-04-27,0.34
Low income,,2021-04-28,0.43
Low income,,2021-04-29,0.44
Low income,,2021-04-30,0.44
Low income,,2021-05-01,0.44
Low income,,2021-05-02,0.45
Low income,,2021-05-03,0.45
Low income,,2021-05-04,0.46
Low income,,2021-05-05,0.46
Low income,,2021-05-06,0.47
Low income,,2021-05-07,0.48
Low income,,2021-05-08,0.49
Low income,,2021-05-09,0.5
Low income,,2021-05-10,0.5
Low income,,2021-05-11,0.55
Low income,,2021-05-12,0.62
Low income,,2021-05-13,0.62
Low income,,2021-05-14,0.63
Low income,,2021-05-15,0.63
Low income,,2021-05-16,0.64
Low income,,2021-05-17,0.64
Low income,,2021-05-18,0.66
Low income,,2021-05-19,0.66
Low income,,2021-05-20,0.68
Low income,,2021-05-21,0.69
Low income,,2021-05-22,0.7
Low income,,2021-05-23,0.71
Low income,,2021-05-24,0.72
Low income,,2021-05-25,0.73
Low income,,2021-05-26,0.75
Low income,,2021-05-27,0.76
Low income,,2021-05-28,0.76
Low income,,2021-05-29,0.78
Low income,,2021-05-30,0.82
Low income,,2021-05-31,0.86
Low income,,2021-06-01,0.87
Low income,,2021-06-02,0.89
Low income,,2021-06-03,0.89
Low income,,2021-06-04,0.89
Low income,,2021-06-05,0.9
Low income,,2021-06-06,0.93
Low income,,2021-06-07,0.95
Low income,,2021-06-08,0.98
Low income,,2021-06-09,0.99
Low income,,2021-06-10,1.01
Low income,,2021-06-11,1.01
Low income,,2021-06-12,1.01
Low income,,2021-06-13,1.02
Low income,,2021-06-14,1.04
Low income,,2021-06-15,1.05
Low income,,2021-06-16,1.06
Low income,,2021-06-17,1.06
Low income,,2021-06-18,1.07
Low income,,2021-06-19,1.07
Low income,,2021-06-20,1.09
Low income,,2021-06-21,1.1
Low income,,2021-06-22,1.13
Low income,,2021-06-23,1.14
Low income,,2021-06-24,1.16
Low income,,2021-06-25,1.16
Low income,,2021-06-26,1.16
Low income,,2021-06-27,1.17
Low income,,2021-06-28,1.19
Low income,,2021-06-29,1.2
Low income,,2021-06-30,1.21
Low income,,2021-07-01,1.23
Low income,,2021-07-02,1.23
Low income,,2021-07-03,1.24
Low income,,2021-07-04,1.26
Low income,,2021-07-05,1.28
Low income,,2021-07-06,1.29
Low income,,2021-07-07,1.3
Low income,,2021-07-08,1.3
Low income,,2021-07-09,1.3
Low income,,2021-07-10,1.31
Low income,,2021-07-11,1.31
Low income,,2021-07-12,1.33
Low income,,2021-07-13,1.33
Low income,,2021-07-14,1.34
Low income,,2021-07-15,1.34
Low income,,2021-07-16,1.35
Low income,,2021-07-17,1.35
Low income,,2021-07-18,1.38
Low income,,2021-07-19,1.42
Low income,,2021-07-20,1.42
Low income,,2021-07-21,1.43
Low income,,2021-07-22,1.43
Low income,,2021-07-23,1.43
Low income,,2021-07-24,1.44
Low income,,2021-07-25,1.44
Low income,,2021-07-26,1.45
Low income,,2021-07-27,1.45
Low income,,2021-07-28,1.47
Low income,,2021-07-29,1.47
Low income,,2021-07-30,1.5
Low income,,2021-07-31,1.5
Low income,,2021-08-01,1.5
Low income,,2021-08-02,1.51
Low income,,2021-08-03,1.52
Low income,,2021-08-04,1.52
Low income,,2021-08-05,1.52
Low income,,2021-08-06,1.53
Low income,,2021-08-07,1.53
Low income,,2021-08-08,1.53
Low income,,2021-08-09,1.69
Low income,,2021-08-10,1.7
Low income,,2021-08-11,1.7
Low income,,2021-08-12,1.77
Low income,,2021-08-13,1.77
Low income,,2021-08-14,1.78
Low income,,2021-08-15,1.78
Low income,,2021-08-16,1.81
Low income,,2021-08-17,1.81
Low income,,2021-08-18,1.82
Low income,,2021-08-19,1.87
Low income,,2021-08-20,1.95
Low income,,2021-08-21,1.97
Low income,,2021-08-22,2.03
Low income,,2021-08-23,2.06
Low income,,2021-08-24,2.06
Low income,,2021-08-25,2.17
Low income,,2021-08-26,2.17
Low income,,2021-08-27,2.19
Low income,,2021-08-28,2.2
Low income,,2021-08-29,2.27
Low income,,2021-08-30,2.29
Low income,,2021-08-31,2.41
Low income,,2021-09-01,2.43
Low income,,2021-09-02,2.44
Low income,,2021-09-03,2.45
Low income,,2021-09-04,2.45
Low income,,2021-09-05,2.47
Low income,,2021-09-06,2.56
Low income,,2021-09-07,2.56
Low income,,2021-09-08,2.61
Low income,,2021-09-09,2.62
Low income,,2021-09-10,2.64
Low income,,2021-09-11,2.64
Low income,,2021-09-12,2.66
Low income,,2021-09-13,2.73
Low income,,2021-09-14,2.93
Low income,,2021-09-15,2.95
Low income,,2021-09-16,2.96
Low income,,2021-09-17,3
Low income,,2021-09-18,3.04
Low income,,2021-09-19,3.1
Low income,,2021-09-20,3.15
Low income,,2021-09-21,3.17
Low income,,2021-09-22,3.3
Low income,,2021-09-23,3.35
Low income,,2021-09-24,3.38
Low income,,2021-09-25,3.39
Low income,,2021-09-26,3.45
Low income,,2021-09-27,3.46
Low income,,2021-09-28,3.47
Low income,,2021-09-29,3.53
Low income,,2021-09-30,3.61
Low income,,2021-10-01,3.64
Low income,,2021-10-02,3.64
Low income,,2021-10-03,3.64
Low income,,2021-10-04,3.65
Low income,,2021-10-05,3.66
Low income,,2021-10-06,3.68
Low income,,2021-10-07,3.76
Low income,,2021-10-08,3.79
Low income,,2021-10-09,3.79
Low income,,2021-10-10,3.83
Low income,,2021-10-11,3.85
Low income,,2021-10-12,3.9
Low income,,2021-10-13,3.91
Low income,,2021-10-14,4.04
Low income,,2021-10-15,4.14
Low income,,2021-10-16,4.15
Low income,,2021-10-17,4.16
Low income,,2021-10-18,4.17
Low income,,2021-10-19,4.18
Low income,,2021-10-20,4.24
Low income,,2021-10-21,4.42
Low income,,2021-10-22,4.44
Low income,,2021-10-23,4.47
Low income,,2021-10-24,4.5
Low income,,2021-10-25,4.51
Low income,,2021-10-26,4.55
Low income,,2021-10-27,4.59
Low income,,2021-10-28,4.83
Low income,,2021-10-29,4.86
Low income,,2021-10-30,4.87
Low income,,2021-10-31,5.07
Low income,,2021-11-01,5.08
Low income,,2021-11-02,5.1
Low income,,2021-11-03,5.11
Low income,,2021-11-04,5.36
Low income,,2021-11-05,5.37
Low income,,2021-11-06,5.38
Low income,,2021-11-07,5.39
Low income,,2021-11-08,5.4
Low income,,2021-11-09,5.41
Low income,,2021-11-10,5.7
Low income,,2021-11-11,5.74
Low income,,2021-11-12,5.75
Low income,,2021-11-13,5.79
Low income,,2021-11-14,6.04
Low income,,2021-11-15,6.2
Low income,,2021-11-16,6.21
Low income,,2021-11-17,6.21
Low income,,2021-11-18,6.45
Low income,,2021-11-19,6.46
Low income,,2021-11-20,6.48
Low income,,2021-11-21,6.52
Low income,,2021-11-22,6.57
Low income,,2021-11-23,6.66
Low income,,2021-11-24,6.88
Low income,,2021-11-25,6.97
Low income,,2021-11-26,7.08
Low income,,2021-11-27,7.15
Low income,,2021-11-28,7.22
Low income,,2021-11-29,7.32
Low income,,2021-11-30,7.37
Low income,,2021-12-01,7.4
Low income,,2021-12-02,7.49
Low income,,2021-12-03,7.59
Low income,,2021-12-04,7.61
Low income,,2021-12-05,7.64
Low income,,2021-12-06,7.66
Low income,,2021-12-07,7.68
Low income,,2021-12-08,7.93
Low income,,2021-12-09,8.44
Low income,,2021-12-10,8.48
Low income,,2021-12-11,8.49
Low income,,2021-12-12,8.52
Low income,,2021-12-13,8.62
Low income,,2021-12-14,8.62
Low income,,2021-12-15,8.73
Low income,,2021-12-16,8.74
Low income,,2021-12-17,8.77
Low income,,2021-12-18,8.77
Low income,,2021-12-19,8.8
Low income,,2021-12-20,9.3
Low income,,2021-12-21,9.31
Low income,,2021-12-22,9.36
Low income,,2021-12-23,9.4
Low income,,2021-12-24,9.43
Low income,,2021-12-25,9.44
Low income,,2021-12-26,9.62
Low income,,2021-12-27,9.71
Low income,,2021-12-28,10.54
Low income,,2021-12-29,10.55
Low income,,2021-12-30,10.61
Low income,,2021-12-31,10.62
Low income,,2022-01-01,10.66
Low income,,2022-01-02,10.67
Low income,,2022-01-03,10.85
Low income,,2022-01-04,10.88
Low income,,2022-01-05,10.93
Low income,,2022-01-06,11.37
Low income,,2022-01-07,11.42
Low income,,2022-01-08,11.42
Low income,,2022-01-09,11.46
Low income,,2022-01-10,11.81
Low income,,2022-01-11,11.82
Low income,,2022-01-12,11.82
Low income,,2022-01-13,11.85
Low income,,2022-01-14,11.85
Low income,,2022-01-15,11.88
Low income,,2022-01-16,11.91
Low income,,2022-01-17,12.09
Low income,,2022-01-18,12.14
Low income,,2022-01-19,12.43
Low income,,2022-01-20,12.45
Low income,,2022-01-21,12.9
Low income,,2022-01-22,12.91
Low income,,2022-01-23,12.98
Low income,,2022-01-24,13.04
Low income,,2022-01-25,13.04
Low income,,2022-01-26,13.12
Low income,,2022-01-27,13.21
Low income,,2022-01-28,13.31
Low income,,2022-01-29,13.31
Low income,,2022-01-30,13.31
Low income,,2022-01-31,13.39
Low income,,2022-02-01,13.39
Low income,,2022-02-02,13.58
Low income,,2022-02-03,13.58
Low income,,2022-02-04,13.58
Low income,,2022-02-05,13.61
Low income,,2022-02-06,13.63
Low income,,2022-02-07,13.94
Low income,,2022-02-08,13.94
Low income,,2022-02-09,13.95
Low income,,2022-02-10,13.95
Low income,,2022-02-11,13.95
Low income,,2022-02-12,13.97
Low income,,2022-02-13,13.97
Low income,,2022-02-14,13.99
Low income,,2022-02-15,14.15
Low income,,2022-02-16,14.27
Low income,,2022-02-17,14.44
Low income,,2022-02-18,14.69
Low income,,2022-02-19,14.96
Low income,,2022-02-20,15.36
Low income,,2022-02-21,15.82
Low income,,2022-02-22,16.05
Low income,,2022-02-23,16.05
Low income,,2022-02-24,16.68
Low income,,2022-02-25,16.74
Low income,,2022-02-26,16.92
Low income,,2022-02-27,17.04
Low income,,2022-02-28,17.16
Low income,,2022-03-01,17.19
Low income,,2022-03-02,17.29
Low income,,2022-03-03,17.33
Low income,,2022-03-04,17.45
Low income,,2022-03-05,18.01
Low income,,2022-03-06,18.05
Low income,,2022-03-07,18.11
Low income,,2022-03-08,18.23
Low income,,2022-03-09,18.44
Low income,,2022-03-10,18.44
Low income,,2022-03-11,18.46
Low income,,2022-03-12,18.46
Low income,,2022-03-13,18.52
Low income,,2022-03-14,18.54
Low income,,2022-03-15,18.6
Low income,,2022-03-16,18.61
Low income,,2022-03-17,18.7
Low income,,2022-03-18,19.08
Low income,,2022-03-19,19.08
Low income,,2022-03-20,19.08
Low income,,2022-03-21,19.09
Low income,,2022-03-22,19.11
Low income,,2022-03-23,19.12
Low income,,2022-03-24,19.12
Low income,,2022-03-25,19.17
Low income,,2022-03-26,19.17
Low income,,2022-03-27,19.18
Low income,,2022-03-28,19.18
Low income,,2022-03-29,19.49
Low income,,2022-03-30,19.49
Low income,,2022-03-31,19.84
Low income,,2022-04-01,19.84
Low income,,2022-04-02,19.84
Low income,,2022-04-03,19.84
Low income,,2022-04-04,19.87
Low income,,2022-04-05,19.87
Low income,,2022-04-06,19.87
Low income,,2022-04-07,19.87
Low income,,2022-04-08,19.9
Low income,,2022-04-09,20
Low income,,2022-04-10,20.3
Low income,,2022-04-11,20.3
Low income,,2022-04-12,20.3
Low income,,2022-04-13,20.3
Low income,,2022-04-14,20.31
Low income,,2022-04-15,20.31
Low income,,2022-04-16,20.32
Low income,,2022-04-17,20.32
Low income,,2022-04-18,20.32
Low income,,2022-04-19,20.33
Low income,,2022-04-20,20.33
Low income,,2022-04-21,20.33
Low income,,2022-04-22,20.33
Low income,,2022-04-23,20.33
Low income,,2022-04-24,20.34
Low income,,2022-04-25,20.34
Low income,,2022-04-26,20.71
Low income,,2022-04-27,20.71
Low income,,2022-04-28,20.71
Low income,,2022-04-29,20.71
Low income,,2022-04-30,20.71
Low income,,2022-05-01,21.87
Low income,,2022-05-02,21.87
Low income,,2022-05-03,21.87
Low income,,2022-05-04,21.87
Low income,,2022-05-05,21.88
Low income,,2022-05-06,21.88
Low income,,2022-05-07,21.89
Low income,,2022-05-08,22
Low income,,2022-05-09,22
Low income,,2022-05-10,22.01
Low income,,2022-05-11,22.01
Low income,,2022-05-12,22.01
Low income,,2022-05-13,22.01
Low income,,2022-05-14,22.02
Low income,,2022-05-15,22.02
Low income,,2022-05-16,22.02
Low income,,2022-05-17,22.02
Low income,,2022-05-18,22.03
Low income,,2022-05-19,22.03
Low income,,2022-05-20,22.03
Low income,,2022-05-21,22.03
Low income,,2022-05-22,22.68
Low income,,2022-05-23,22.69
Low income,,2022-05-24,22.69
Low income,,2022-05-25,22.69
Low income,,2022-05-26,22.69
Low income,,2022-05-27,22.69
Low income,,2022-05-28,22.69
Low income,,2022-05-29,22.75
Low income,,2022-05-30,22.89
Low income,,2022-05-31,22.89
Low income,,2022-06-01,22.91
Low income,,2022-06-02,22.91
Low income,,2022-06-03,22.91
Low income,,2022-06-04,22.91
Low income,,2022-06-05,23.09
Low income,,2022-06-06,23.09
Low income,,2022-06-07,23.09
Low income,,2022-06-08,23.09
Low income,,2022-06-09,23.09
Low income,,2022-06-10,23.09
Low income,,2022-06-11,23.09
Low income,,2022-06-12,23.09
Low income,,2022-06-13,23.15
Low income,,2022-06-14,23.15
Low income,,2022-06-15,23.17
Low income,,2022-06-16,23.17
Low income,,2022-06-17,23.17
Low income,,2022-06-18,23.18
Low income,,2022-06-19,23.51
Low income,,2022-06-20,23.51
Low income,,2022-06-21,23.52
Low income,,2022-06-22,23.52
Low income,,2022-06-23,23.52
Low income,,2022-06-24,23.52
Low income,,2022-06-25,23.52
Low income,,2022-06-26,26.67
Low income,,2022-06-27,26.68
Low income,,2022-06-28,26.69
Low income,,2022-06-29,26.69
Low income,,2022-06-30,26.7
Low income,,2022-07-01,26.7
Low income,,2022-07-02,26.7
Low income,,2022-07-03,26.89
Low income,,2022-07-04,26.89
Low income,,2022-07-05,26.89
Low income,,2022-07-06,26.89
Low income,,2022-07-07,26.9
Low income,,2022-07-08,26.9
Low income,,2022-07-09,26.9
Low income,,2022-07-10,27.63
Low income,,2022-07-11,27.63
Low income,,2022-07-12,27.63
Low income,,2022-07-13,27.64
Low income,,2022-07-14,27.64
Low income,,2022-07-15,27.64
Low income,,2022-07-16,27.64
Low income,,2022-07-17,28.3
Low income,,2022-07-18,28.3
Low income,,2022-07-19,28.5
Lower middle income,,2021-01-12,0
Lower middle income,,2021-01-13,0
Lower middle income,,2021-01-14,0
Lower middle income,,2021-01-15,0
Lower middle income,,2021-01-16,0.01
Lower middle income,,2021-01-17,0.01
Lower middle income,,2021-01-18,0.01
Lower middle income,,2021-01-19,0.02
Lower middle income,,2021-01-20,0.02
Lower middle income,,2021-01-21,0.03
Lower middle income,,2021-01-22,0.05
Lower middle income,,2021-01-23,0.05
Lower middle income,,2021-01-24,0.05
Lower middle income,,2021-01-25,0.06
Lower middle income,,2021-01-26,0.07
Lower middle income,,2021-01-27,0.08
Lower middle income,,2021-01-28,0.1
Lower middle income,,2021-01-29,0.12
Lower middle income,,2021-01-30,0.13
Lower middle income,,2021-01-31,0.13
Lower middle income,,2021-02-01,0.15
Lower middle income,,2021-02-02,0.16
Lower middle income,,2021-02-03,0.17
Lower middle income,,2021-02-04,0.19
Lower middle income,,2021-02-05,0.22
Lower middle income,,2021-02-06,0.23
Lower middle income,,2021-02-07,0.24
Lower middle income,,2021-02-08,0.25
Lower middle income,,2021-02-09,0.27
Lower middle income,,2021-02-10,0.3
Lower middle income,,2021-02-11,0.32
Lower middle income,,2021-02-12,0.34
Lower middle income,,2021-02-13,0.37
Lower middle income,,2021-02-14,0.38
Lower middle income,,2021-02-15,0.41
Lower middle income,,2021-02-16,0.43
Lower middle income,,2021-02-17,0.46
Lower middle income,,2021-02-18,0.49
Lower middle income,,2021-02-19,0.52
Lower middle income,,2021-02-20,0.55
Lower middle income,,2021-02-21,0.56
Lower middle income,,2021-02-22,0.58
Lower middle income,,2021-02-23,0.61
Lower middle income,,2021-02-24,0.64
Lower middle income,,2021-02-25,0.68
Lower middle income,,2021-02-26,0.71
Lower middle income,,2021-02-27,0.74
Lower middle income,,2021-02-28,0.75
Lower middle income,,2021-03-01,0.78
Lower middle income,,2021-03-02,0.82
Lower middle income,,2021-03-03,0.87
Lower middle income,,2021-03-04,0.93
Lower middle income,,2021-03-05,0.98
Lower middle income,,2021-03-06,1.03
Lower middle income,,2021-03-07,1.05
Lower middle income,,2021-03-08,1.12
Lower middle income,,2021-03-09,1.18
Lower middle income,,2021-03-10,1.25
Lower middle income,,2021-03-11,1.29
Lower middle income,,2021-03-12,1.36
Lower middle income,,2021-03-13,1.43
Lower middle income,,2021-03-14,1.45
Lower middle income,,2021-03-15,1.56
Lower middle income,,2021-03-16,1.65
Lower middle income,,2021-03-17,1.74
Lower middle income,,2021-03-18,1.82
Lower middle income,,2021-03-19,1.96
Lower middle income,,2021-03-20,2.05
Lower middle income,,2021-03-21,2.08
Lower middle income,,2021-03-22,2.19
Lower middle income,,2021-03-23,2.28
Lower middle income,,2021-03-24,2.39
Lower middle income,,2021-03-25,2.49
Lower middle income,,2021-03-26,2.6
Lower middle income,,2021-03-27,2.7
Lower middle income,,2021-03-28,2.72
Lower middle income,,2021-03-29,2.76
Lower middle income,,2021-03-30,2.85
Lower middle income,,2021-03-31,2.98
Lower middle income,,2021-04-01,3.11
Lower middle income,,2021-04-02,3.25
Lower middle income,,2021-04-03,3.35
Lower middle income,,2021-04-04,3.45
Lower middle income,,2021-04-05,3.6
Lower middle income,,2021-04-06,3.74
Lower middle income,,2021-04-07,3.87
Lower middle income,,2021-04-08,4.02
Lower middle income,,2021-04-09,4.16
Lower middle income,,2021-04-10,4.29
Lower middle income,,2021-04-11,4.4
Lower middle income,,2021-04-12,4.55
Lower middle income,,2021-04-13,4.65
Lower middle income,,2021-04-14,4.78
Lower middle income,,2021-04-15,4.89
Lower middle income,,2021-04-16,4.99
Lower middle income,,2021-04-17,5.08
Lower middle income,,2021-04-18,5.15
Lower middle income,,2021-04-19,5.27
Lower middle income,,2021-04-20,5.31
Lower middle income,,2021-04-21,5.4
Lower middle income,,2021-04-22,5.53
Lower middle income,,2021-04-23,5.57
Lower middle income,,2021-04-24,5.59
Lower middle income,,2021-04-25,5.8
Lower middle income,,2021-04-26,5.92
Lower middle income,,2021-04-27,6.03
Lower middle income,,2021-04-28,6.16
Lower middle income,,2021-04-29,6.26
Lower middle income,,2021-04-30,6.36
Lower middle income,,2021-05-01,6.42
Lower middle income,,2021-05-02,6.45
Lower middle income,,2021-05-03,6.53
Lower middle income,,2021-05-04,6.66
Lower middle income,,2021-05-05,6.77
Lower middle income,,2021-05-06,6.88
Lower middle income,,2021-05-07,7.01
Lower middle income,,2021-05-08,7.1
Lower middle income,,2021-05-09,7.16
Lower middle income,,2021-05-10,7.31
Lower middle income,,2021-05-11,7.44
Lower middle income,,2021-05-12,7.53
Lower middle income,,2021-05-13,7.64
Lower middle income,,2021-05-14,7.69
Lower middle income,,2021-05-15,7.77
Lower middle income,,2021-05-16,7.8
Lower middle income,,2021-05-17,7.89
Lower middle income,,2021-05-18,7.99
Lower middle income,,2021-05-19,8.05
Lower middle income,,2021-05-20,8.17
Lower middle income,,2021-05-21,8.23
Lower middle income,,2021-05-22,8.36
Lower middle income,,2021-05-23,8.41
Lower middle income,,2021-05-24,8.54
Lower middle income,,2021-05-25,8.64
Lower middle income,,2021-05-26,8.76
Lower middle income,,2021-05-27,8.89
Lower middle income,,2021-05-28,8.98
Lower middle income,,2021-05-29,9.12
Lower middle income,,2021-05-30,9.19
Lower middle income,,2021-05-31,9.31
Lower middle income,,2021-06-01,9.49
Lower middle income,,2021-06-02,9.6
Lower middle income,,2021-06-03,9.72
Lower middle income,,2021-06-04,9.91
Lower middle income,,2021-06-05,10.02
Lower middle income,,2021-06-06,10.1
Lower middle income,,2021-06-07,10.21
Lower middle income,,2021-06-08,10.41
Lower middle income,,2021-06-09,10.6
Lower middle income,,2021-06-10,10.74
Lower middle income,,2021-06-11,10.88
Lower middle income,,2021-06-12,11.03
Lower middle income,,2021-06-13,11.15
Lower middle income,,2021-06-14,11.29
Lower middle income,,2021-06-15,11.47
Lower middle income,,2021-06-16,11.62
Lower middle income,,2021-06-17,11.82
Lower middle income,,2021-06-18,11.99
Lower middle income,,2021-06-19,12.17
Lower middle income,,2021-06-20,12.3
Lower middle income,,2021-06-21,12.62
Lower middle income,,2021-06-22,12.85
Lower middle income,,2021-06-23,13.02
Lower middle income,,2021-06-24,13.28
Lower middle income,,2021-06-25,13.56
Lower middle income,,2021-06-26,13.84
Lower middle income,,2021-06-27,14
Lower middle income,,2021-06-28,14.15
Lower middle income,,2021-06-29,14.4
Lower middle income,,2021-06-30,14.52
Lower middle income,,2021-07-01,14.84
Lower middle income,,2021-07-02,14.93
Lower middle income,,2021-07-03,15.23
Lower middle income,,2021-07-04,15.41
Lower middle income,,2021-07-05,15.56
Lower middle income,,2021-07-06,15.72
Lower middle income,,2021-07-07,15.92
Lower middle income,,2021-07-08,16.31
Lower middle income,,2021-07-09,16.38
Lower middle income,,2021-07-10,16.66
Lower middle income,,2021-07-11,16.74
Lower middle income,,2021-07-12,16.93
Lower middle income,,2021-07-13,17.22
Lower middle income,,2021-07-14,17.45
Lower middle income,,2021-07-15,17.68
Lower middle income,,2021-07-16,17.91
Lower middle income,,2021-07-17,18.14
Lower middle income,,2021-07-18,18.18
Lower middle income,,2021-07-19,18.52
Lower middle income,,2021-07-20,18.76
Lower middle income,,2021-07-21,18.93
Lower middle income,,2021-07-22,19.16
Lower middle income,,2021-07-23,19.38
Lower middle income,,2021-07-24,19.58
Lower middle income,,2021-07-25,19.73
Lower middle income,,2021-07-26,20.09
Lower middle income,,2021-07-27,20.33
Lower middle income,,2021-07-28,20.6
Lower middle income,,2021-07-29,20.96
Lower middle income,,2021-07-30,21.25
Lower middle income,,2021-07-31,21.4
Lower middle income,,2021-08-01,21.81
Lower middle income,,2021-08-02,22.08
Lower middle income,,2021-08-03,22.73
Lower middle income,,2021-08-04,22.97
Lower middle income,,2021-08-05,23.31
Lower middle income,,2021-08-06,23.6
Lower middle income,,2021-08-07,23.88
Lower middle income,,2021-08-08,24.19
Lower middle income,,2021-08-09,24.63
Lower middle income,,2021-08-10,24.94
Lower middle income,,2021-08-11,25.28
Lower middle income,,2021-08-12,25.46
Lower middle income,,2021-08-13,26.03
Lower middle income,,2021-08-14,26.34
Lower middle income,,2021-08-15,26.49
Lower middle income,,2021-08-16,26.96
Lower middle income,,2021-08-17,27.31
Lower middle income,,2021-08-18,27.6
Lower middle income,,2021-08-19,27.86
Lower middle income,,2021-08-20,28.3
Lower middle income,,2021-08-21,28.62
Lower middle income,,2021-08-22,28.85
Lower middle income,,2021-08-23,29
Lower middle income,,2021-08-24,29.44
Lower middle income,,2021-08-25,29.93
Lower middle income,,2021-08-26,30.31
Lower middle income,,2021-08-27,30.8
Lower middle income,,2021-08-28,31.22
Lower middle income,,2021-08-29,31.73
Lower middle income,,2021-08-30,32.05
Lower middle income,,2021-08-31,32.51
Lower middle income,,2021-09-01,33.19
Lower middle income,,2021-09-02,33.57
Lower middle income,,2021-09-03,33.85
Lower middle income,,2021-09-04,34.13
Lower middle income,,2021-09-05,34.63
Lower middle income,,2021-09-06,34.93
Lower middle income,,2021-09-07,35.43
Lower middle income,,2021-09-08,36.03
Lower middle income,,2021-09-09,36.57
Lower middle income,,2021-09-10,36.81
Lower middle income,,2021-09-11,37.32
Lower middle income,,2021-09-12,37.92
Lower middle income,,2021-09-13,38.38
Lower middle income,,2021-09-14,38.66
Lower middle income,,2021-09-15,39.11
Lower middle income,,2021-09-16,39.58
Lower middle income,,2021-09-17,39.91
Lower middle income,,2021-09-18,40.73
Lower middle income,,2021-09-19,41.19
Lower middle income,,2021-09-20,41.6
Lower middle income,,2021-09-21,42.04
Lower middle income,,2021-09-22,42.42
Lower middle income,,2021-09-23,42.92
Lower middle income,,2021-09-24,43.38
Lower middle income,,2021-09-25,43.7
Lower middle income,,2021-09-26,43.96
Lower middle income,,2021-09-27,44.9
Lower middle income,,2021-09-28,45.24
Lower middle income,,2021-09-29,45.78
Lower middle income,,2021-09-30,46.2
Lower middle income,,2021-10-01,46.55
Lower middle income,,2021-10-02,46.95
Lower middle income,,2021-10-03,47.41
Lower middle income,,2021-10-04,47.79
Lower middle income,,2021-10-05,48.18
Lower middle income,,2021-10-06,48.48
Lower middle income,,2021-10-07,48.77
Lower middle income,,2021-10-08,49.32
Lower middle income,,2021-10-09,49.67
Lower middle income,,2021-10-10,50.29
Lower middle income,,2021-10-11,50.58
Lower middle income,,2021-10-12,50.95
Lower middle income,,2021-10-13,51.3
Lower middle income,,2021-10-14,51.58
Lower middle income,,2021-10-15,51.77
Lower middle income,,2021-10-16,51.98
Lower middle income,,2021-10-17,52.45
Lower middle income,,2021-10-18,52.99
Lower middle income,,2021-10-19,53.44
Lower middle income,,2021-10-20,54.04
Lower middle income,,2021-10-21,54.46
Lower middle income,,2021-10-22,54.86
Lower middle income,,2021-10-23,55.35
Lower middle income,,2021-10-24,55.78
Lower middle income,,2021-10-25,56.04
Lower middle income,,2021-10-26,56.44
Lower middle income,,2021-10-27,56.77
Lower middle income,,2021-10-28,57.18
Lower middle income,,2021-10-29,57.8
Lower middle income,,2021-10-30,58.13
Lower middle income,,2021-10-31,58.71
Lower middle income,,2021-11-01,59.09
Lower middle income,,2021-11-02,59.47
Lower middle income,,2021-11-03,59.82
Lower middle income,,2021-11-04,60.13
Lower middle income,,2021-11-05,60.39
Lower middle income,,2021-11-06,60.72
Lower middle income,,2021-11-07,61.06
Lower middle income,,2021-11-08,61.43
Lower middle income,,2021-11-09,61.9
Lower middle income,,2021-11-10,62.39
Lower middle income,,2021-11-11,62.82
Lower middle income,,2021-11-12,63.24
Lower middle income,,2021-11-13,63.76
Lower middle income,,2021-11-14,64.08
Lower middle income,,2021-11-15,64.33
Lower middle income,,2021-11-16,64.68
Lower middle income,,2021-11-17,65.11
Lower middle income,,2021-11-18,65.46
Lower middle income,,2021-11-19,65.95
Lower middle income,,2021-11-20,66.46
Lower middle income,,2021-11-21,66.89
Lower middle income,,2021-11-22,67.27
Lower middle income,,2021-11-23,67.71
Lower middle income,,2021-11-24,68.29
Lower middle income,,2021-11-25,68.58
Lower middle income,,2021-11-26,69.1
Lower middle income,,2021-11-27,69.4
Lower middle income,,2021-11-28,70.11
Lower middle income,,2021-11-29,70.48
Lower middle income,,2021-11-30,71.01
Lower middle income,,2021-12-01,71.6
Lower middle income,,2021-12-02,72.14
Lower middle income,,2021-12-03,72.46
Lower middle income,,2021-12-04,72.98
Lower middle income,,2021-12-05,73.43
Lower middle income,,2021-12-06,73.8
Lower middle income,,2021-12-07,74.14
Lower middle income,,2021-12-08,74.63
Lower middle income,,2021-12-09,75.11
Lower middle income,,2021-12-10,75.36
Lower middle income,,2021-12-11,76.04
Lower middle income,,2021-12-12,76.36
Lower middle income,,2021-12-13,76.63
Lower middle income,,2021-12-14,77.21
Lower middle income,,2021-12-15,77.63
Lower middle income,,2021-12-16,77.9
Lower middle income,,2021-12-17,78.29
Lower middle income,,2021-12-18,78.68
Lower middle income,,2021-12-19,79.07
Lower middle income,,2021-12-20,79.41
Lower middle income,,2021-12-21,79.77
Lower middle income,,2021-12-22,80
Lower middle income,,2021-12-23,80.55
Lower middle income,,2021-12-24,80.98
Lower middle income,,2021-12-25,81.35
Lower middle income,,2021-12-26,81.63
Lower middle income,,2021-12-27,81.94
Lower middle income,,2021-12-28,82.39
Lower middle income,,2021-12-29,82.77
Lower middle income,,2021-12-30,83.19
Lower middle income,,2021-12-31,83.64
Lower middle income,,2022-01-01,83.94
Lower middle income,,2022-01-02,84.12
Lower middle income,,2022-01-03,84.56
Lower middle income,,2022-01-04,85.12
Lower middle income,,2022-01-05,85.55
Lower middle income,,2022-01-06,85.97
Lower middle income,,2022-01-07,86.42
Lower middle income,,2022-01-08,86.63
Lower middle income,,2022-01-09,87.18
Lower middle income,,2022-01-10,88.28
Lower middle income,,2022-01-11,88.83
Lower middle income,,2022-01-12,89.27
Lower middle income,,2022-01-13,89.81
Lower middle income,,2022-01-14,90.02
Lower middle income,,2022-01-15,90.45
Lower middle income,,2022-01-16,90.87
Lower middle income,,2022-01-17,91.24
Lower middle income,,2022-01-18,91.46
Lower middle income,,2022-01-19,92.07
Lower middle income,,2022-01-20,92.44
Lower middle income,,2022-01-21,92.81
Lower middle income,,2022-01-22,93.17
Lower middle income,,2022-01-23,93.75
Lower middle income,,2022-01-24,94
Lower middle income,,2022-01-25,94.29
Lower middle income,,2022-01-26,94.64
Lower middle income,,2022-01-27,94.78
Lower middle income,,2022-01-28,95.06
Lower middle income,,2022-01-29,95.3
Lower middle income,,2022-01-30,95.6
Lower middle income,,2022-01-31,95.96
Lower middle income,,2022-02-01,96.3
Lower middle income,,2022-02-02,96.6
Lower middle income,,2022-02-03,96.82
Lower middle income,,2022-02-04,97.11
Lower middle income,,2022-02-05,97.34
Lower middle income,,2022-02-06,99.1
Lower middle income,,2022-02-07,99.34
Lower middle income,,2022-02-08,99.73
Lower middle income,,2022-02-09,100.13
Lower middle income,,2022-02-10,100.36
Lower middle income,,2022-02-11,100.72
Lower middle income,,2022-02-12,100.95
Lower middle income,,2022-02-13,101.41
Lower middle income,,2022-02-14,101.68
Lower middle income,,2022-02-15,101.93
Lower middle income,,2022-02-16,102.15
Lower middle income,,2022-02-17,102.4
Lower middle income,,2022-02-18,103.25
Lower middle income,,2022-02-19,103.77
Lower middle income,,2022-02-20,103.93
Lower middle income,,2022-02-21,104.35
Lower middle income,,2022-02-22,104.64
Lower middle income,,2022-02-23,104.85
Lower middle income,,2022-02-24,105.01
Lower middle income,,2022-02-25,105.22
Lower middle income,,2022-02-26,105.39
Lower middle income,,2022-02-27,105.5
Lower middle income,,2022-02-28,106.57
Lower middle income,,2022-03-01,106.68
Lower middle income,,2022-03-02,106.87
Lower middle income,,2022-03-03,107
Lower middle income,,2022-03-04,107.13
Lower middle income,,2022-03-05,107.41
Lower middle income,,2022-03-06,107.75
Lower middle income,,2022-03-07,107.93
Lower middle income,,2022-03-08,108.13
Lower middle income,,2022-03-09,108.3
Lower middle income,,2022-03-10,108.45
Lower middle income,,2022-03-11,108.6
Lower middle income,,2022-03-12,108.77
Lower middle income,,2022-03-13,108.98
Lower middle income,,2022-03-14,109.12
Lower middle income,,2022-03-15,109.35
Lower middle income,,2022-03-16,109.5
Lower middle income,,2022-03-17,109.66
Lower middle income,,2022-03-18,109.77
Lower middle income,,2022-03-19,109.88
Lower middle income,,2022-03-20,110.02
Lower middle income,,2022-03-21,110.17
Lower middle income,,2022-03-22,110.42
Lower middle income,,2022-03-23,110.64
Lower middle income,,2022-03-24,110.93
Lower middle income,,2022-03-25,111.06
Lower middle income,,2022-03-26,111.23
Lower middle income,,2022-03-27,111.46
Lower middle income,,2022-03-28,111.92
Lower middle income,,2022-03-29,112.18
Lower middle income,,2022-03-30,112.47
Lower middle income,,2022-03-31,113.2
Lower middle income,,2022-04-01,113.26
Lower middle income,,2022-04-02,113.29
Lower middle income,,2022-04-03,113.45
Lower middle income,,2022-04-04,113.69
Lower middle income,,2022-04-05,113.87
Lower middle income,,2022-04-06,113.98
Lower middle income,,2022-04-07,114.16
Lower middle income,,2022-04-08,114.27
Lower middle income,,2022-04-09,114.38
Lower middle income,,2022-04-10,114.66
Lower middle income,,2022-04-11,114.77
Lower middle income,,2022-04-12,114.96
Lower middle income,,2022-04-13,115.04
Lower middle income,,2022-04-14,115.12
Lower middle income,,2022-04-15,115.15
Lower middle income,,2022-04-16,115.15
Lower middle income,,2022-04-17,115.31
Lower middle income,,2022-04-18,115.48
Lower middle income,,2022-04-19,115.64
Lower middle income,,2022-04-20,115.7
Lower middle income,,2022-04-21,115.84
Lower middle income,,2022-04-22,115.92
Lower middle income,,2022-04-23,116.07
Lower middle income,,2022-04-24,116.22
Lower middle income,,2022-04-25,116.33
Lower middle income,,2022-04-26,116.71
Lower middle income,,2022-04-27,116.85
Lower middle income,,2022-04-28,116.97
Lower middle income,,2022-04-29,117.1
Lower middle income,,2022-04-30,117.22
Lower middle income,,2022-05-01,117.39
Lower middle income,,2022-05-02,117.43
Lower middle income,,2022-05-03,117.5
Lower middle income,,2022-05-04,117.53
Lower middle income,,2022-05-05,117.59
Lower middle income,,2022-05-06,117.7
Lower middle income,,2022-05-07,117.79
Lower middle income,,2022-05-08,117.95
Lower middle income,,2022-05-09,118.02
Lower middle income,,2022-05-10,118.14
Lower middle income,,2022-05-11,118.24
Lower middle income,,2022-05-12,118.31
Lower middle income,,2022-05-13,118.37
Lower middle income,,2022-05-14,118.44
Lower middle income,,2022-05-15,118.63
Lower middle income,,2022-05-16,118.69
Lower middle income,,2022-05-17,118.74
Lower middle income,,2022-05-18,118.85
Lower middle income,,2022-05-19,118.9
Lower middle income,,2022-05-20,119.05
Lower middle income,,2022-05-21,119.11
Lower middle income,,2022-05-22,119.4
Lower middle income,,2022-05-23,119.46
Lower middle income,,2022-05-24,119.63
Lower middle income,,2022-05-25,119.69
Lower middle income,,2022-05-26,119.76
Lower middle income,,2022-05-27,119.83
Lower middle income,,2022-05-28,119.9
Lower middle income,,2022-05-29,120.01
Lower middle income,,2022-05-30,120.1
Lower middle income,,2022-05-31,120.17
Lower middle income,,2022-06-01,120.26
Lower middle income,,2022-06-02,120.29
Lower middle income,,2022-06-03,120.36
Lower middle income,,2022-06-04,120.47
Lower middle income,,2022-06-05,120.7
Lower middle income,,2022-06-06,120.85
Lower middle income,,2022-06-07,121.34
Lower middle income,,2022-06-08,121.64
Lower middle income,,2022-06-09,121.7
Lower middle income,,2022-06-10,121.81
Lower middle income,,2022-06-11,121.89
Lower middle income,,2022-06-12,122.12
Lower middle income,,2022-06-13,122.2
Lower middle income,,2022-06-14,122.34
Lower middle income,,2022-06-15,122.48
Lower middle income,,2022-06-16,122.61
Lower middle income,,2022-06-17,122.72
Lower middle income,,2022-06-18,122.98
Lower middle income,,2022-06-19,123.32
Lower middle income,,2022-06-20,123.39
Lower middle income,,2022-06-21,123.52
Lower middle income,,2022-06-22,123.62
Lower middle income,,2022-06-23,123.82
Lower middle income,,2022-06-24,123.92
Lower middle income,,2022-06-25,124.02
Lower middle income,,2022-06-26,124.16
Lower middle income,,2022-06-27,124.32
Lower middle income,,2022-06-28,124.41
Lower middle income,,2022-06-29,124.56
Lower middle income,,2022-06-30,124.66
Lower middle income,,2022-07-01,124.72
Lower middle income,,2022-07-02,124.82
Lower middle income,,2022-07-03,125.05
Lower middle income,,2022-07-04,125.11
Lower middle income,,2022-07-05,125.21
Lower middle income,,2022-07-06,125.32
Lower middle income,,2022-07-07,125.47
Lower middle income,,2022-07-08,125.6
Lower middle income,,2022-07-09,125.61
Lower middle income,,2022-07-10,125.95
Lower middle income,,2022-07-11,126.1
Lower middle income,,2022-07-12,126.27
Lower middle income,,2022-07-13,126.35
Lower middle income,,2022-07-14,126.47
Lower middle income,,2022-07-15,126.61
Lower middle income,,2022-07-16,126.66
Lower middle income,,2022-07-17,126.79
Lower middle income,,2022-07-18,126.96
Lower middle income,,2022-07-19,127.32
Lower middle income,,2022-07-20,127.42
Lower middle income,,2022-07-21,127.6
Lower middle income,,2022-07-22,127.72
Lower middle income,,2022-07-23,127.87
Lower middle income,,2022-07-24,127.97
Lower middle income,,2022-07-25,128.06
Lower middle income,,2022-07-26,128.24
Lower middle income,,2022-07-27,128.35
Lower middle income,,2022-07-28,128.49
Lower middle income,,2022-07-29,128.62
Lower middle income,,2022-07-30,128.76
Lower middle income,,2022-07-31,128.84
Lower middle income,,2022-08-01,128.9
Lower middle income,,2022-08-02,129
Lower middle income,,2022-08-03,129.03
Luxembourg,LUX,2020-12-28,0.07
Luxembourg,LUX,2020-12-29,0.13
Luxembourg,LUX,2020-12-30,0.2
Luxembourg,LUX,2021-01-06,0.21
Luxembourg,LUX,2021-01-07,0.23
Luxembourg,LUX,2021-01-08,0.27
Luxembourg,LUX,2021-01-11,0.3
Luxembourg,LUX,2021-01-12,0.37
Luxembourg,LUX,2021-01-13,0.45
Luxembourg,LUX,2021-01-14,0.51
Luxembourg,LUX,2021-01-15,0.58
Luxembourg,LUX,2021-01-16,0.59
Luxembourg,LUX,2021-01-18,0.72
Luxembourg,LUX,2021-01-19,0.83
Luxembourg,LUX,2021-01-20,0.97
Luxembourg,LUX,2021-01-21,1.08
Luxembourg,LUX,2021-01-22,1.19
Luxembourg,LUX,2021-01-23,1.21
Luxembourg,LUX,2021-01-25,1.34
Luxembourg,LUX,2021-01-26,1.49
Luxembourg,LUX,2021-01-27,1.63
Luxembourg,LUX,2021-01-28,1.78
Luxembourg,LUX,2021-01-29,1.92
Luxembourg,LUX,2021-01-30,1.94
Luxembourg,LUX,2021-02-01,2.07
Luxembourg,LUX,2021-02-02,2.23
Luxembourg,LUX,2021-02-03,2.41
Luxembourg,LUX,2021-02-04,2.57
Luxembourg,LUX,2021-02-05,2.73
Luxembourg,LUX,2021-02-06,2.76
Luxembourg,LUX,2021-02-08,2.84
Luxembourg,LUX,2021-02-09,2.92
Luxembourg,LUX,2021-02-10,3.12
Luxembourg,LUX,2021-02-11,3.35
Luxembourg,LUX,2021-02-12,3.53
Luxembourg,LUX,2021-02-13,3.58
Luxembourg,LUX,2021-02-15,3.76
Luxembourg,LUX,2021-02-16,4.06
Luxembourg,LUX,2021-02-17,4.24
Luxembourg,LUX,2021-02-18,4.53
Luxembourg,LUX,2021-02-19,4.78
Luxembourg,LUX,2021-02-20,4.85
Luxembourg,LUX,2021-02-22,5
Luxembourg,LUX,2021-02-23,5.22
Luxembourg,LUX,2021-02-24,5.44
Luxembourg,LUX,2021-02-25,5.64
Luxembourg,LUX,2021-02-26,5.85
Luxembourg,LUX,2021-02-27,5.91
Luxembourg,LUX,2021-03-01,6.12
Luxembourg,LUX,2021-03-02,6.33
Luxembourg,LUX,2021-03-03,6.59
Luxembourg,LUX,2021-03-04,6.91
Luxembourg,LUX,2021-03-05,7.19
Luxembourg,LUX,2021-03-06,7.31
Luxembourg,LUX,2021-03-08,7.43
Luxembourg,LUX,2021-03-09,7.66
Luxembourg,LUX,2021-03-10,8.05
Luxembourg,LUX,2021-03-11,8.59
Luxembourg,LUX,2021-03-12,9.04
Luxembourg,LUX,2021-03-13,9.24
Luxembourg,LUX,2021-03-15,9.51
Luxembourg,LUX,2021-03-16,10.02
Luxembourg,LUX,2021-03-17,10.51
Luxembourg,LUX,2021-03-18,11
Luxembourg,LUX,2021-03-19,11.45
Luxembourg,LUX,2021-03-20,11.62
Luxembourg,LUX,2021-03-22,11.82
Luxembourg,LUX,2021-03-23,12.2
Luxembourg,LUX,2021-03-24,12.57
Luxembourg,LUX,2021-03-25,12.93
Luxembourg,LUX,2021-03-26,13.33
Luxembourg,LUX,2021-03-27,13.54
Luxembourg,LUX,2021-03-29,14.03
Luxembourg,LUX,2021-03-30,14.49
Luxembourg,LUX,2021-03-31,14.97
Luxembourg,LUX,2021-04-01,15.55
Luxembourg,LUX,2021-04-02,16.08
Luxembourg,LUX,2021-04-03,16.57
Luxembourg,LUX,2021-04-05,17.04
Luxembourg,LUX,2021-04-06,17.64
Luxembourg,LUX,2021-04-07,18.33
Luxembourg,LUX,2021-04-08,19.08
Luxembourg,LUX,2021-04-09,19.86
Luxembourg,LUX,2021-04-10,20.39
Luxembourg,LUX,2021-04-12,21.14
Luxembourg,LUX,2021-04-13,22.12
Luxembourg,LUX,2021-04-14,23.09
Luxembourg,LUX,2021-04-15,24.01
Luxembourg,LUX,2021-04-16,24.9
Luxembourg,LUX,2021-04-17,25.68
Luxembourg,LUX,2021-04-19,25.9
Luxembourg,LUX,2021-04-20,26.09
Luxembourg,LUX,2021-04-21,26.61
Luxembourg,LUX,2021-04-22,27.1
Luxembourg,LUX,2021-04-23,27.61
Luxembourg,LUX,2021-04-24,27.98
Luxembourg,LUX,2021-04-25,27.98
Luxembourg,LUX,2021-04-26,28.25
Luxembourg,LUX,2021-04-27,28.47
Luxembourg,LUX,2021-04-28,29.19
Luxembourg,LUX,2021-04-29,29.96
Luxembourg,LUX,2021-04-30,30.7
Luxembourg,LUX,2021-05-01,31.39
Luxembourg,LUX,2021-05-03,32.35
Luxembourg,LUX,2021-05-04,33.37
Luxembourg,LUX,2021-05-05,34.47
Luxembourg,LUX,2021-05-06,35.57
Luxembourg,LUX,2021-05-07,36.67
Luxembourg,LUX,2021-05-08,37.76
Luxembourg,LUX,2021-05-10,38.89
Luxembourg,LUX,2021-05-11,40.01
Luxembourg,LUX,2021-05-12,41.14
Luxembourg,LUX,2021-05-13,42.24
Luxembourg,LUX,2021-05-14,43.41
Luxembourg,LUX,2021-05-15,44.59
Luxembourg,LUX,2021-05-17,45.62
Luxembourg,LUX,2021-05-18,46.53
Luxembourg,LUX,2021-05-19,47.58
Luxembourg,LUX,2021-05-20,48.45
Luxembourg,LUX,2021-05-21,49.32
Luxembourg,LUX,2021-05-22,50.06
Luxembourg,LUX,2021-05-23,50.06
Luxembourg,LUX,2021-05-24,50.51
Luxembourg,LUX,2021-05-25,50.84
Luxembourg,LUX,2021-05-26,51.55
Luxembourg,LUX,2021-05-27,52.39
Luxembourg,LUX,2021-05-28,53.23
Luxembourg,LUX,2021-05-29,54.08
Luxembourg,LUX,2021-05-30,54.08
Luxembourg,LUX,2021-05-31,54.93
Luxembourg,LUX,2021-06-01,55.76
Luxembourg,LUX,2021-06-02,57.1
Luxembourg,LUX,2021-06-03,58.45
Luxembourg,LUX,2021-06-04,59.78
Luxembourg,LUX,2021-06-05,60.95
Luxembourg,LUX,2021-06-07,62.29
Luxembourg,LUX,2021-06-08,63.62
Luxembourg,LUX,2021-06-09,64.84
Luxembourg,LUX,2021-06-10,66.2
Luxembourg,LUX,2021-06-11,67.52
Luxembourg,LUX,2021-06-12,68.8
Luxembourg,LUX,2021-06-14,69.88
Luxembourg,LUX,2021-06-15,70.82
Luxembourg,LUX,2021-06-16,72.07
Luxembourg,LUX,2021-06-17,73.29
Luxembourg,LUX,2021-06-18,74.31
Luxembourg,LUX,2021-06-19,75.66
Luxembourg,LUX,2021-06-21,76.94
Luxembourg,LUX,2021-06-22,78.17
Luxembourg,LUX,2021-06-23,79.18
Luxembourg,LUX,2021-06-24,80.21
Luxembourg,LUX,2021-06-25,81.35
Luxembourg,LUX,2021-06-26,82.56
Luxembourg,LUX,2021-06-27,82.56
Luxembourg,LUX,2021-06-28,83.7
Luxembourg,LUX,2021-06-29,84.94
Luxembourg,LUX,2021-06-30,86.33
Luxembourg,LUX,2021-07-01,87.71
Luxembourg,LUX,2021-07-02,89.06
Luxembourg,LUX,2021-07-03,90.38
Luxembourg,LUX,2021-07-04,90.38
Luxembourg,LUX,2021-07-05,91.6
Luxembourg,LUX,2021-07-06,92.76
Luxembourg,LUX,2021-07-07,93.72
Luxembourg,LUX,2021-07-08,94.49
Luxembourg,LUX,2021-07-09,95.27
Luxembourg,LUX,2021-07-10,96.15
Luxembourg,LUX,2021-07-11,96.15
Luxembourg,LUX,2021-07-12,97.12
Luxembourg,LUX,2021-07-13,97.92
Luxembourg,LUX,2021-07-14,99.11
Luxembourg,LUX,2021-07-15,100.13
Luxembourg,LUX,2021-07-16,101.1
Luxembourg,LUX,2021-07-17,102.14
Luxembourg,LUX,2021-07-19,103.07
Luxembourg,LUX,2021-07-20,103.9
Luxembourg,LUX,2021-07-21,104.59
Luxembourg,LUX,2021-07-22,105.27
Luxembourg,LUX,2021-07-23,106.08
Luxembourg,LUX,2021-07-24,106.93
Luxembourg,LUX,2021-07-25,106.94
Luxembourg,LUX,2021-07-26,107.89
Luxembourg,LUX,2021-07-27,108.67
Luxembourg,LUX,2021-07-28,109.21
Luxembourg,LUX,2021-07-29,109.8
Luxembourg,LUX,2021-07-30,110.39
Luxembourg,LUX,2021-07-31,111.12
Luxembourg,LUX,2021-08-02,111.84
Luxembourg,LUX,2021-08-03,112.51
Luxembourg,LUX,2021-08-04,113.07
Luxembourg,LUX,2021-08-05,113.56
Luxembourg,LUX,2021-08-06,114.04
Luxembourg,LUX,2021-08-07,114.59
Luxembourg,LUX,2021-08-08,114.6
Luxembourg,LUX,2021-08-09,115.04
Luxembourg,LUX,2021-08-10,115.41
Luxembourg,LUX,2021-08-11,115.75
Luxembourg,LUX,2021-08-12,116.02
Luxembourg,LUX,2021-08-13,116.3
Luxembourg,LUX,2021-08-14,116.62
Luxembourg,LUX,2021-08-16,116.86
Luxembourg,LUX,2021-08-17,117.08
Luxembourg,LUX,2021-08-18,117.28
Luxembourg,LUX,2021-08-19,117.47
Luxembourg,LUX,2021-08-20,117.67
Luxembourg,LUX,2021-08-21,117.87
Luxembourg,LUX,2021-08-22,117.89
Luxembourg,LUX,2021-08-23,118.05
Luxembourg,LUX,2021-08-24,118.25
Luxembourg,LUX,2021-08-25,118.43
Luxembourg,LUX,2021-08-26,118.59
Luxembourg,LUX,2021-08-27,118.8
Luxembourg,LUX,2021-08-28,118.97
Luxembourg,LUX,2021-08-30,119.14
Luxembourg,LUX,2021-08-31,119.36
Luxembourg,LUX,2021-09-01,119.51
Luxembourg,LUX,2021-09-02,119.68
Luxembourg,LUX,2021-09-03,119.88
Luxembourg,LUX,2021-09-04,120.01
Luxembourg,LUX,2021-09-05,120.03
Luxembourg,LUX,2021-09-06,120.17
Luxembourg,LUX,2021-09-07,120.35
Luxembourg,LUX,2021-09-08,120.49
Luxembourg,LUX,2021-09-09,120.64
Luxembourg,LUX,2021-09-10,120.81
Luxembourg,LUX,2021-09-11,120.97
Luxembourg,LUX,2021-09-12,120.97
Luxembourg,LUX,2021-09-13,120.99
Luxembourg,LUX,2021-09-14,121.23
Luxembourg,LUX,2021-09-15,121.38
Luxembourg,LUX,2021-09-16,121.53
Luxembourg,LUX,2021-09-17,121.74
Luxembourg,LUX,2021-09-18,121.8
Luxembourg,LUX,2021-09-19,121.82
Luxembourg,LUX,2021-09-20,121.84
Luxembourg,LUX,2021-09-21,122.05
Luxembourg,LUX,2021-09-22,122.16
Luxembourg,LUX,2021-09-23,122.27
Luxembourg,LUX,2021-09-24,122.43
Luxembourg,LUX,2021-09-25,122.58
Luxembourg,LUX,2021-09-26,122.59
Luxembourg,LUX,2021-09-27,122.7
Luxembourg,LUX,2021-09-28,123.05
Luxembourg,LUX,2021-09-29,123.26
Luxembourg,LUX,2021-09-30,123.49
Luxembourg,LUX,2021-10-01,123.8
Luxembourg,LUX,2021-10-02,123.94
Luxembourg,LUX,2021-10-03,123.94
Luxembourg,LUX,2021-10-04,124.03
Luxembourg,LUX,2021-10-05,124.25
Luxembourg,LUX,2021-10-06,124.36
Luxembourg,LUX,2021-10-07,124.49
Luxembourg,LUX,2021-10-08,124.71
Luxembourg,LUX,2021-10-09,124.86
Luxembourg,LUX,2021-10-10,124.86
Luxembourg,LUX,2021-10-11,124.87
Luxembourg,LUX,2021-10-12,125.16
Luxembourg,LUX,2021-10-13,125.33
Luxembourg,LUX,2021-10-14,125.52
Luxembourg,LUX,2021-10-15,125.75
Luxembourg,LUX,2021-10-16,125.97
Luxembourg,LUX,2021-10-18,126.18
Luxembourg,LUX,2021-10-19,126.46
Luxembourg,LUX,2021-10-20,126.77
Luxembourg,LUX,2021-10-21,127.05
Luxembourg,LUX,2021-10-22,127.42
Luxembourg,LUX,2021-10-23,127.62
Luxembourg,LUX,2021-10-24,127.63
Luxembourg,LUX,2021-10-25,127.86
Luxembourg,LUX,2021-10-26,128.37
Luxembourg,LUX,2021-10-27,128.85
Luxembourg,LUX,2021-10-28,129.29
Luxembourg,LUX,2021-10-29,129.78
Luxembourg,LUX,2021-10-30,130.1
Luxembourg,LUX,2021-11-01,130.1
Luxembourg,LUX,2021-11-02,130.67
Luxembourg,LUX,2021-11-03,131.12
Luxembourg,LUX,2021-11-04,131.54
Luxembourg,LUX,2021-11-05,131.99
Luxembourg,LUX,2021-11-06,132.27
Luxembourg,LUX,2021-11-07,132.27
Luxembourg,LUX,2021-11-08,132.51
Luxembourg,LUX,2021-11-09,132.95
Luxembourg,LUX,2021-11-10,133.3
Luxembourg,LUX,2021-11-11,133.66
Luxembourg,LUX,2021-11-12,134.06
Luxembourg,LUX,2021-11-13,134.38
Luxembourg,LUX,2021-11-14,134.38
Luxembourg,LUX,2021-11-15,134.74
Luxembourg,LUX,2021-11-16,135.16
Luxembourg,LUX,2021-11-17,135.61
Luxembourg,LUX,2021-11-18,136.11
Luxembourg,LUX,2021-11-19,136.79
Luxembourg,LUX,2021-11-20,137.22
Luxembourg,LUX,2021-11-21,137.22
Luxembourg,LUX,2021-11-22,137.7
Luxembourg,LUX,2021-11-23,138.48
Luxembourg,LUX,2021-11-24,139.29
Luxembourg,LUX,2021-11-25,140.09
Luxembourg,LUX,2021-11-26,140.95
Luxembourg,LUX,2021-11-27,141.4
Luxembourg,LUX,2021-11-28,141.4
Luxembourg,LUX,2021-11-29,141.92
Luxembourg,LUX,2021-11-30,143.03
Luxembourg,LUX,2021-12-01,143.98
Luxembourg,LUX,2021-12-02,144.94
Luxembourg,LUX,2021-12-03,145.98
Luxembourg,LUX,2021-12-04,146.55
Luxembourg,LUX,2021-12-05,146.56
Luxembourg,LUX,2021-12-06,147.18
Luxembourg,LUX,2021-12-07,148.2
Luxembourg,LUX,2021-12-08,149.25
Luxembourg,LUX,2021-12-09,150.28
Luxembourg,LUX,2021-12-10,151.47
Luxembourg,LUX,2021-12-11,152.14
Luxembourg,LUX,2021-12-12,152.22
Luxembourg,LUX,2021-12-13,152.83
Luxembourg,LUX,2021-12-14,153.93
Luxembourg,LUX,2021-12-15,155.19
Luxembourg,LUX,2021-12-16,156.51
Luxembourg,LUX,2021-12-17,157.89
Luxembourg,LUX,2021-12-18,158.57
Luxembourg,LUX,2021-12-19,158.59
Luxembourg,LUX,2021-12-20,159.27
Luxembourg,LUX,2021-12-21,160.53
Luxembourg,LUX,2021-12-22,161.73
Luxembourg,LUX,2021-12-23,162.91
Luxembourg,LUX,2021-12-24,163.51
Luxembourg,LUX,2021-12-25,163.52
Luxembourg,LUX,2021-12-26,163.52
Luxembourg,LUX,2021-12-27,164.18
Luxembourg,LUX,2021-12-28,165.41
Luxembourg,LUX,2021-12-29,166.62
Luxembourg,LUX,2021-12-30,167.74
Luxembourg,LUX,2021-12-31,168.37
Luxembourg,LUX,2022-01-02,168.37
Luxembourg,LUX,2022-01-03,169.07
Luxembourg,LUX,2022-01-04,170.36
Luxembourg,LUX,2022-01-05,171.65
Luxembourg,LUX,2022-01-06,172.93
Luxembourg,LUX,2022-01-07,174.29
Luxembourg,LUX,2022-01-08,174.94
Luxembourg,LUX,2022-01-09,174.95
Luxembourg,LUX,2022-01-10,175.73
Luxembourg,LUX,2022-01-11,177.2
Luxembourg,LUX,2022-01-12,178.63
Luxembourg,LUX,2022-01-13,180.09
Luxembourg,LUX,2022-01-14,181.64
Luxembourg,LUX,2022-01-15,182.36
Luxembourg,LUX,2022-01-16,182.36
Luxembourg,LUX,2022-01-17,183.06
Luxembourg,LUX,2022-01-18,184.41
Luxembourg,LUX,2022-01-19,185.64
Luxembourg,LUX,2022-01-20,186.8
Luxembourg,LUX,2022-01-21,188.06
Luxembourg,LUX,2022-01-22,188.72
Luxembourg,LUX,2022-01-24,189.18
Luxembourg,LUX,2022-01-25,189.9
Luxembourg,LUX,2022-01-26,190.45
Luxembourg,LUX,2022-01-27,191.04
Luxembourg,LUX,2022-01-28,191.77
Luxembourg,LUX,2022-01-29,192.25
Luxembourg,LUX,2022-01-31,192.59
Luxembourg,LUX,2022-02-01,193.04
Luxembourg,LUX,2022-02-02,193.46
Luxembourg,LUX,2022-02-03,193.89
Luxembourg,LUX,2022-02-04,194.44
Luxembourg,LUX,2022-02-05,194.86
Luxembourg,LUX,2022-02-07,195.13
Luxembourg,LUX,2022-02-08,195.54
Luxembourg,LUX,2022-02-09,195.82
Luxembourg,LUX,2022-02-10,196.11
Luxembourg,LUX,2022-02-11,196.46
Luxembourg,LUX,2022-02-12,196.69
Luxembourg,LUX,2022-02-14,196.89
Luxembourg,LUX,2022-02-15,197.09
Luxembourg,LUX,2022-02-16,197.24
Luxembourg,LUX,2022-02-17,197.39
Luxembourg,LUX,2022-02-18,197.55
Luxembourg,LUX,2022-02-19,197.72
Luxembourg,LUX,2022-02-20,197.73
Luxembourg,LUX,2022-02-21,197.84
Luxembourg,LUX,2022-02-22,198
Luxembourg,LUX,2022-02-23,198.1
Luxembourg,LUX,2022-02-24,198.24
Luxembourg,LUX,2022-02-25,198.42
Luxembourg,LUX,2022-02-26,198.56
Luxembourg,LUX,2022-02-28,198.57
Luxembourg,LUX,2022-03-01,198.72
Luxembourg,LUX,2022-03-02,198.81
Luxembourg,LUX,2022-03-03,198.93
Luxembourg,LUX,2022-03-04,199.04
Luxembourg,LUX,2022-03-05,199.16
Luxembourg,LUX,2022-03-07,199.17
Luxembourg,LUX,2022-03-08,199.28
Luxembourg,LUX,2022-03-09,199.34
Luxembourg,LUX,2022-03-10,199.42
Luxembourg,LUX,2022-03-11,199.51
Luxembourg,LUX,2022-03-12,199.6
Luxembourg,LUX,2022-03-14,199.61
Luxembourg,LUX,2022-03-15,199.72
Luxembourg,LUX,2022-03-16,199.77
Luxembourg,LUX,2022-03-17,199.84
Luxembourg,LUX,2022-03-18,199.9
Luxembourg,LUX,2022-03-19,199.96
Luxembourg,LUX,2022-03-20,199.96
Luxembourg,LUX,2022-03-21,199.97
Luxembourg,LUX,2022-03-22,200.05
Luxembourg,LUX,2022-03-23,200.09
Luxembourg,LUX,2022-03-24,200.13
Luxembourg,LUX,2022-03-25,200.2
Luxembourg,LUX,2022-03-26,200.24
Luxembourg,LUX,2022-03-28,200.25
Luxembourg,LUX,2022-03-29,200.32
Luxembourg,LUX,2022-03-30,200.36
Luxembourg,LUX,2022-03-31,200.41
Luxembourg,LUX,2022-04-01,200.46
Luxembourg,LUX,2022-04-02,200.5
Luxembourg,LUX,2022-04-04,200.51
Luxembourg,LUX,2022-04-05,200.57
Luxembourg,LUX,2022-04-06,200.61
Luxembourg,LUX,2022-04-07,200.64
Luxembourg,LUX,2022-04-08,200.68
Luxembourg,LUX,2022-04-09,200.71
Luxembourg,LUX,2022-04-11,200.72
Luxembourg,LUX,2022-04-12,200.77
Luxembourg,LUX,2022-04-13,200.81
Luxembourg,LUX,2022-04-14,200.84
Luxembourg,LUX,2022-04-15,200.87
Luxembourg,LUX,2022-04-16,200.9
Luxembourg,LUX,2022-04-19,200.93
Luxembourg,LUX,2022-04-20,200.96
Luxembourg,LUX,2022-04-21,200.99
Luxembourg,LUX,2022-04-22,201.03
Luxembourg,LUX,2022-04-23,201.06
Luxembourg,LUX,2022-04-24,201.06
Luxembourg,LUX,2022-04-25,201.07
Luxembourg,LUX,2022-04-26,201.13
Luxembourg,LUX,2022-04-27,201.19
Luxembourg,LUX,2022-04-28,201.25
Luxembourg,LUX,2022-04-29,201.34
Luxembourg,LUX,2022-04-30,201.38
Luxembourg,LUX,2022-05-01,201.38
Luxembourg,LUX,2022-05-02,201.4
Luxembourg,LUX,2022-05-03,201.49
Luxembourg,LUX,2022-05-04,201.56
Luxembourg,LUX,2022-05-05,201.64
Luxembourg,LUX,2022-05-06,201.74
Luxembourg,LUX,2022-05-07,201.78
Luxembourg,LUX,2022-05-09,201.78
Luxembourg,LUX,2022-05-10,201.88
Luxembourg,LUX,2022-05-11,201.96
Luxembourg,LUX,2022-05-12,202.05
Luxembourg,LUX,2022-05-13,202.13
Luxembourg,LUX,2022-05-14,202.18
Luxembourg,LUX,2022-05-16,202.2
Luxembourg,LUX,2022-05-17,202.29
Luxembourg,LUX,2022-05-18,202.38
Luxembourg,LUX,2022-05-19,202.48
Luxembourg,LUX,2022-05-20,202.57
Luxembourg,LUX,2022-05-21,202.6
Luxembourg,LUX,2022-05-23,202.62
Luxembourg,LUX,2022-05-24,202.71
Luxembourg,LUX,2022-05-25,202.77
Luxembourg,LUX,2022-05-27,202.85
Luxembourg,LUX,2022-05-28,202.87
Luxembourg,LUX,2022-05-30,202.88
Luxembourg,LUX,2022-05-31,202.95
Luxembourg,LUX,2022-06-01,203.02
Luxembourg,LUX,2022-06-02,203.09
Luxembourg,LUX,2022-06-03,203.14
Luxembourg,LUX,2022-06-04,203.17
Luxembourg,LUX,2022-06-07,203.22
Luxembourg,LUX,2022-06-08,203.28
Luxembourg,LUX,2022-06-09,203.34
Luxembourg,LUX,2022-06-10,203.39
Luxembourg,LUX,2022-06-11,203.41
Luxembourg,LUX,2022-06-13,203.42
Luxembourg,LUX,2022-06-14,203.48
Luxembourg,LUX,2022-06-15,203.52
Luxembourg,LUX,2022-06-16,203.58
Luxembourg,LUX,2022-06-17,203.64
Luxembourg,LUX,2022-06-18,203.66
Luxembourg,LUX,2022-06-20,203.67
Luxembourg,LUX,2022-06-21,203.71
Luxembourg,LUX,2022-06-22,203.75
Luxembourg,LUX,2022-06-24,203.8
Luxembourg,LUX,2022-06-25,203.83
Luxembourg,LUX,2022-06-27,203.84
Luxembourg,LUX,2022-06-28,203.9
Luxembourg,LUX,2022-06-29,203.95
Luxembourg,LUX,2022-06-30,204.01
Luxembourg,LUX,2022-07-01,204.07
Luxembourg,LUX,2022-07-02,204.09
Luxembourg,LUX,2022-07-04,204.11
Luxembourg,LUX,2022-07-05,204.16
Luxembourg,LUX,2022-07-06,204.22
Luxembourg,LUX,2022-07-07,204.28
Luxembourg,LUX,2022-07-08,204.38
Luxembourg,LUX,2022-07-09,204.41
Luxembourg,LUX,2022-07-11,204.44
Luxembourg,LUX,2022-07-12,204.71
Luxembourg,LUX,2022-07-13,204.95
Luxembourg,LUX,2022-07-14,205.15
Luxembourg,LUX,2022-07-15,205.33
Luxembourg,LUX,2022-07-16,205.42
Luxembourg,LUX,2022-07-17,205.42
Luxembourg,LUX,2022-07-18,205.46
Luxembourg,LUX,2022-07-19,205.67
Luxembourg,LUX,2022-07-20,205.84
Luxembourg,LUX,2022-07-21,206.04
Luxembourg,LUX,2022-07-22,206.31
Luxembourg,LUX,2022-07-23,206.42
Luxembourg,LUX,2022-07-24,206.42
Luxembourg,LUX,2022-07-25,206.47
Luxembourg,LUX,2022-07-26,206.78
Luxembourg,LUX,2022-07-27,207.08
Luxembourg,LUX,2022-07-28,207.36
Luxembourg,LUX,2022-07-29,207.62
Luxembourg,LUX,2022-07-30,207.74
Macao,MAC,2021-02-08,0
Macao,MAC,2021-02-09,0.09
Macao,MAC,2021-02-17,0.29
Macao,MAC,2021-02-22,0.54
Macao,MAC,2021-02-24,1.35
Macao,MAC,2021-02-25,1.56
Macao,MAC,2021-02-26,1.75
Macao,MAC,2021-02-28,2.1
Macao,MAC,2021-03-01,2.2
Macao,MAC,2021-03-02,2.34
Macao,MAC,2021-03-03,2.49
Macao,MAC,2021-03-04,2.64
Macao,MAC,2021-03-05,2.77
Macao,MAC,2021-03-06,2.94
Macao,MAC,2021-03-07,3.07
Macao,MAC,2021-03-08,3.18
Macao,MAC,2021-03-09,3.33
Macao,MAC,2021-03-10,3.5
Macao,MAC,2021-03-11,3.7
Macao,MAC,2021-03-12,3.85
Macao,MAC,2021-03-13,4.03
Macao,MAC,2021-03-14,4.19
Macao,MAC,2021-03-15,4.34
Macao,MAC,2021-03-16,4.5
Macao,MAC,2021-03-17,4.64
Macao,MAC,2021-03-18,4.78
Macao,MAC,2021-03-19,4.94
Macao,MAC,2021-03-20,5.14
Macao,MAC,2021-03-21,5.31
Macao,MAC,2021-03-22,5.49
Macao,MAC,2021-03-23,5.72
Macao,MAC,2021-03-24,5.93
Macao,MAC,2021-03-25,6.11
Macao,MAC,2021-03-26,6.29
Macao,MAC,2021-03-27,6.54
Macao,MAC,2021-03-28,6.74
Macao,MAC,2021-03-29,6.92
Macao,MAC,2021-03-30,7.18
Macao,MAC,2021-03-31,7.43
Macao,MAC,2021-04-01,7.69
Macao,MAC,2021-04-02,7.81
Macao,MAC,2021-04-03,7.97
Macao,MAC,2021-04-04,8.15
Macao,MAC,2021-04-05,8.23
Macao,MAC,2021-04-06,8.34
Macao,MAC,2021-04-07,8.55
Macao,MAC,2021-04-08,8.85
Macao,MAC,2021-04-09,9.16
Macao,MAC,2021-04-10,9.54
Macao,MAC,2021-04-11,9.82
Macao,MAC,2021-04-12,10.07
Macao,MAC,2021-04-13,10.37
Macao,MAC,2021-04-14,10.65
Macao,MAC,2021-04-15,10.94
Macao,MAC,2021-04-16,11.25
Macao,MAC,2021-04-17,11.64
Macao,MAC,2021-04-18,11.93
Macao,MAC,2021-04-19,12.13
Macao,MAC,2021-04-20,12.38
Macao,MAC,2021-04-21,12.62
Macao,MAC,2021-04-22,12.86
Macao,MAC,2021-04-23,13.12
Macao,MAC,2021-04-24,13.36
Macao,MAC,2021-04-25,13.65
Macao,MAC,2021-04-26,13.93
Macao,MAC,2021-04-27,14.28
Macao,MAC,2021-04-28,14.63
Macao,MAC,2021-04-29,14.92
Macao,MAC,2021-04-30,15.17
Macao,MAC,2021-05-01,15.47
Macao,MAC,2021-05-02,15.69
Macao,MAC,2021-05-03,15.75
Macao,MAC,2021-05-04,15.91
Macao,MAC,2021-05-05,16.16
Macao,MAC,2021-05-06,16.42
Macao,MAC,2021-05-07,16.69
Macao,MAC,2021-05-08,17.02
Macao,MAC,2021-05-09,17.29
Macao,MAC,2021-05-10,17.52
Macao,MAC,2021-05-11,17.81
Macao,MAC,2021-05-12,18.09
Macao,MAC,2021-05-13,18.37
Macao,MAC,2021-05-14,18.66
Macao,MAC,2021-05-15,19.04
Macao,MAC,2021-05-16,19.36
Macao,MAC,2021-05-17,19.6
Macao,MAC,2021-05-18,19.94
Macao,MAC,2021-05-19,20.16
Macao,MAC,2021-05-20,20.41
Macao,MAC,2021-05-21,20.81
Macao,MAC,2021-05-22,21.29
Macao,MAC,2021-05-23,21.67
Macao,MAC,2021-05-24,22.05
Macao,MAC,2021-05-25,22.54
Macao,MAC,2021-05-26,22.9
Macao,MAC,2021-05-27,23.23
Macao,MAC,2021-05-28,23.7
Macao,MAC,2021-05-29,24.3
Macao,MAC,2021-05-31,25.26
Macao,MAC,2021-06-01,25.92
Macao,MAC,2021-06-02,26.65
Macao,MAC,2021-06-03,27.33
Macao,MAC,2021-06-04,28.06
Macao,MAC,2021-06-05,28.95
Macao,MAC,2021-06-06,29.69
Macao,MAC,2021-06-07,30.45
Macao,MAC,2021-06-08,31.43
Macao,MAC,2021-06-09,32.49
Macao,MAC,2021-06-10,33.55
Macao,MAC,2021-06-11,34.55
Macao,MAC,2021-06-12,35.68
Macao,MAC,2021-06-13,36.54
Macao,MAC,2021-06-14,37.22
Macao,MAC,2021-06-15,38.05
Macao,MAC,2021-06-16,38.99
Macao,MAC,2021-06-17,39.87
Macao,MAC,2021-06-18,40.77
Macao,MAC,2021-06-19,41.76
Macao,MAC,2021-06-20,42.53
Macao,MAC,2021-06-21,43.23
Macao,MAC,2021-06-22,44.04
Macao,MAC,2021-06-23,44.79
Macao,MAC,2021-06-24,45.43
Macao,MAC,2021-06-25,46.09
Macao,MAC,2021-06-26,46.83
Macao,MAC,2021-06-27,47.4
Macao,MAC,2021-06-28,47.99
Macao,MAC,2021-06-29,48.81
Macao,MAC,2021-06-30,49.61
Macao,MAC,2021-07-01,50.6
Macao,MAC,2021-07-02,51.64
Macao,MAC,2021-07-03,52.72
Macao,MAC,2021-07-04,53.59
Macao,MAC,2021-07-05,54.46
Macao,MAC,2021-07-06,55.5
Macao,MAC,2021-07-07,56.5
Macao,MAC,2021-07-08,57.52
Macao,MAC,2021-07-09,58.48
Macao,MAC,2021-07-10,59.39
Macao,MAC,2021-07-11,60.02
Macao,MAC,2021-07-12,60.81
Macao,MAC,2021-07-13,61.74
Macao,MAC,2021-07-14,62.51
Macao,MAC,2021-07-15,63.32
Macao,MAC,2021-07-16,64.16
Macao,MAC,2021-07-17,65.09
Macao,MAC,2021-07-18,65.79
Macao,MAC,2021-07-19,66.49
Macao,MAC,2021-07-20,67.28
Macao,MAC,2021-07-21,67.91
Macao,MAC,2021-07-22,68.57
Macao,MAC,2021-07-23,69.19
Macao,MAC,2021-07-24,69.97
Macao,MAC,2021-07-25,70.51
Macao,MAC,2021-07-26,71.18
Macao,MAC,2021-07-27,71.8
Macao,MAC,2021-07-28,72.39
Macao,MAC,2021-07-29,72.98
Macao,MAC,2021-07-30,73.6
Macao,MAC,2021-07-31,74.24
Macao,MAC,2021-08-01,74.75
Macao,MAC,2021-08-02,75.21
Macao,MAC,2021-08-03,75.66
Macao,MAC,2021-08-04,76.08
Macao,MAC,2021-08-05,76.17
Macao,MAC,2021-08-08,76.67
Macao,MAC,2021-08-09,77.38
Macao,MAC,2021-08-11,78.66
Macao,MAC,2021-08-12,79.12
Macao,MAC,2021-08-13,79.81
Macao,MAC,2021-08-16,81.71
Macao,MAC,2021-08-18,82.85
Macao,MAC,2021-08-23,84.85
Macao,MAC,2021-08-30,87.15
Macao,MAC,2021-09-02,87.85
Macao,MAC,2021-09-06,88.51
Macao,MAC,2021-09-13,90.5
Macao,MAC,2021-09-16,92.2
Macao,MAC,2021-09-20,94.6
Macao,MAC,2021-09-29,97.22
Macao,MAC,2021-09-30,97.93
Macao,MAC,2021-10-01,98.6
Macao,MAC,2021-10-03,99.71
Macao,MAC,2021-10-16,107.77
Macao,MAC,2021-10-18,109.45
Macao,MAC,2021-10-25,115.08
Macao,MAC,2021-11-04,119.66
Macao,MAC,2021-11-22,130.14
Macao,MAC,2021-11-23,130.64
Macao,MAC,2021-11-24,131.07
Macao,MAC,2021-11-26,132.02
Macao,MAC,2021-11-28,132.93
Macao,MAC,2021-11-30,133.84
Macao,MAC,2021-12-02,134.58
Macao,MAC,2021-12-03,134.94
Macao,MAC,2021-12-04,135.31
Macao,MAC,2021-12-05,135.57
Macao,MAC,2021-12-07,136.17
Macao,MAC,2021-12-09,136.7
Macao,MAC,2021-12-11,137.23
Macao,MAC,2021-12-13,137.77
Macao,MAC,2021-12-15,138.36
Macao,MAC,2021-12-16,138.69
Macao,MAC,2021-12-17,138.98
Macao,MAC,2021-12-18,139.26
Macao,MAC,2021-12-20,139.63
Macao,MAC,2021-12-22,139.88
Macao,MAC,2021-12-23,140.27
Macao,MAC,2021-12-25,140.57
Macao,MAC,2021-12-27,140.89
Macao,MAC,2021-12-29,141.4
Macao,MAC,2021-12-30,141.65
Macao,MAC,2022-01-01,141.99
Macao,MAC,2022-01-02,142.13
Macao,MAC,2022-01-03,142.33
Macao,MAC,2022-01-04,142.59
Macao,MAC,2022-01-05,142.85
Macao,MAC,2022-01-06,143.11
Macao,MAC,2022-01-07,143.44
Macao,MAC,2022-01-09,144.11
Macao,MAC,2022-01-10,144.5
Macao,MAC,2022-01-11,144.85
Macao,MAC,2022-01-12,145.2
Macao,MAC,2022-01-13,145.57
Macao,MAC,2022-01-14,145.98
Macao,MAC,2022-01-15,146.43
Macao,MAC,2022-01-16,146.8
Macao,MAC,2022-01-17,147.17
Macao,MAC,2022-01-18,147.51
Macao,MAC,2022-01-19,147.83
Macao,MAC,2022-01-20,148.18
Macao,MAC,2022-01-21,148.61
Macao,MAC,2022-01-22,149.06
Macao,MAC,2022-01-23,149.44
Macao,MAC,2022-01-24,149.82
Macao,MAC,2022-01-25,150.17
Macao,MAC,2022-01-26,150.49
Macao,MAC,2022-01-27,150.79
Macao,MAC,2022-01-28,151.09
Macao,MAC,2022-01-29,151.36
Macao,MAC,2022-01-31,151.69
Macao,MAC,2022-02-01,151.72
Macao,MAC,2022-02-02,151.75
Macao,MAC,2022-02-03,151.79
Macao,MAC,2022-02-04,151.92
Macao,MAC,2022-02-06,152.24
Macao,MAC,2022-02-08,152.76
Macao,MAC,2022-02-09,153.04
Macao,MAC,2022-02-10,153.35
Macao,MAC,2022-02-11,153.74
Macao,MAC,2022-02-13,154.45
Macao,MAC,2022-02-14,154.77
Macao,MAC,2022-02-15,155.09
Macao,MAC,2022-02-16,155.5
Macao,MAC,2022-02-17,155.96
Macao,MAC,2022-02-18,156.45
Macao,MAC,2022-02-19,156.96
Macao,MAC,2022-02-20,157.34
Macao,MAC,2022-02-21,157.75
Macao,MAC,2022-02-22,158.19
Macao,MAC,2022-02-23,158.61
Macao,MAC,2022-02-24,159.05
Macao,MAC,2022-02-25,159.63
Macao,MAC,2022-02-28,161.77
Macao,MAC,2022-03-01,162.44
Macao,MAC,2022-03-02,162.93
Macao,MAC,2022-03-03,163.66
Macao,MAC,2022-03-04,164.45
Macao,MAC,2022-03-07,166.94
Macao,MAC,2022-03-08,167.61
Macao,MAC,2022-03-09,168.17
Macao,MAC,2022-03-10,168.75
Macao,MAC,2022-03-11,169.5
Macao,MAC,2022-03-12,170.43
Macao,MAC,2022-03-13,171.01
Macao,MAC,2022-03-14,171.61
Macao,MAC,2022-03-15,172.15
Macao,MAC,2022-03-16,172.78
Macao,MAC,2022-03-17,173.36
Macao,MAC,2022-03-18,174.14
Macao,MAC,2022-03-20,175.74
Macao,MAC,2022-03-21,176.35
Macao,MAC,2022-03-22,176.9
Macao,MAC,2022-03-23,177.36
Macao,MAC,2022-03-24,177.78
Macao,MAC,2022-03-25,178.48
Macao,MAC,2022-03-27,179.86
Macao,MAC,2022-03-28,180.34
Macao,MAC,2022-03-30,181.2
Macao,MAC,2022-03-31,181.61
Macao,MAC,2022-04-01,182.18
Macao,MAC,2022-04-04,184.02
Macao,MAC,2022-04-05,184.39
Macao,MAC,2022-04-06,184.78
Macao,MAC,2022-04-07,185.16
Macao,MAC,2022-04-08,185.67
Macao,MAC,2022-04-09,186.4
Macao,MAC,2022-04-11,187.3
Macao,MAC,2022-04-12,187.69
Macao,MAC,2022-04-14,188.87
Macao,MAC,2022-04-19,191.26
Macao,MAC,2022-04-20,191.64
Macao,MAC,2022-04-21,192.02
Macao,MAC,2022-04-23,193.23
Macao,MAC,2022-04-24,193.64
Macao,MAC,2022-04-25,194.07
Macao,MAC,2022-04-26,194.42
Macao,MAC,2022-04-27,194.72
Macao,MAC,2022-04-29,195.63
Macao,MAC,2022-04-30,196.32
Macao,MAC,2022-05-01,196.64
Macao,MAC,2022-05-02,196.91
Macao,MAC,2022-05-03,197.29
Macao,MAC,2022-05-04,197.58
Macao,MAC,2022-05-05,197.89
Macao,MAC,2022-05-06,198.28
Macao,MAC,2022-05-07,198.72
Macao,MAC,2022-05-08,198.99
Macao,MAC,2022-05-09,199.32
Macao,MAC,2022-05-10,199.63
Macao,MAC,2022-05-11,199.9
Macao,MAC,2022-05-12,200.16
Macao,MAC,2022-05-13,200.51
Macao,MAC,2022-05-14,200.92
Macao,MAC,2022-05-15,201.2
Macao,MAC,2022-05-17,201.81
Macao,MAC,2022-05-18,202.08
Macao,MAC,2022-05-19,202.38
Macao,MAC,2022-05-20,202.76
Macao,MAC,2022-05-23,203.66
Macao,MAC,2022-05-24,203.89
Macao,MAC,2022-05-25,204.13
Macao,MAC,2022-05-26,204.35
Macao,MAC,2022-05-27,204.63
Macao,MAC,2022-05-28,204.92
Macao,MAC,2022-05-29,205.11
Macao,MAC,2022-05-30,205.44
Macao,MAC,2022-05-31,205.66
Macao,MAC,2022-06-01,205.91
Macao,MAC,2022-06-02,206.17
Macao,MAC,2022-06-03,206.41
Macao,MAC,2022-06-04,206.6
Macao,MAC,2022-06-05,206.76
Macao,MAC,2022-06-06,206.95
Macao,MAC,2022-06-07,207.12
Macao,MAC,2022-06-08,207.26
Macao,MAC,2022-06-09,207.41
Macao,MAC,2022-06-10,207.63
Macao,MAC,2022-06-11,207.85
Macao,MAC,2022-06-12,208
Macao,MAC,2022-06-13,208.16
Macao,MAC,2022-06-14,208.3
Macao,MAC,2022-06-15,208.44
Macao,MAC,2022-06-16,208.58
Macao,MAC,2022-06-17,208.78
Macao,MAC,2022-06-18,208.95
Macao,MAC,2022-06-19,209.01
Macao,MAC,2022-06-21,209.09
Macao,MAC,2022-06-22,209.17
Macao,MAC,2022-06-23,209.22
Macao,MAC,2022-06-25,209.37
Macao,MAC,2022-06-26,209.44
Macao,MAC,2022-06-27,209.5
Macao,MAC,2022-06-28,209.57
Macao,MAC,2022-06-29,209.66
Macao,MAC,2022-06-30,209.74
Macao,MAC,2022-07-01,209.79
Macao,MAC,2022-07-02,209.8
Macao,MAC,2022-07-03,209.83
Macao,MAC,2022-07-04,209.88
Macao,MAC,2022-07-05,209.92
Macao,MAC,2022-07-06,209.94
Macao,MAC,2022-07-07,209.97
Macao,MAC,2022-07-09,210.08
Macao,MAC,2022-07-10,210.14
Macao,MAC,2022-07-12,210.19
Macao,MAC,2022-07-13,210.21
Macao,MAC,2022-07-14,210.22
Macao,MAC,2022-07-15,210.25
Macao,MAC,2022-07-16,210.27
Macao,MAC,2022-07-17,210.29
Macao,MAC,2022-07-18,210.31
Macao,MAC,2022-07-19,210.33
Macao,MAC,2022-07-20,210.35
Macao,MAC,2022-07-21,210.38
Macao,MAC,2022-07-22,210.41
Macao,MAC,2022-07-23,210.47
Macao,MAC,2022-07-24,210.52
Macao,MAC,2022-07-25,210.59
Macao,MAC,2022-07-26,210.67
Macao,MAC,2022-07-27,210.74
Macao,MAC,2022-07-28,210.84
Macao,MAC,2022-08-02,211.39
Macao,MAC,2022-08-03,211.61
Madagascar,MDG,2021-05-12,0
Madagascar,MDG,2021-05-18,0.01
Madagascar,MDG,2021-05-21,0.05
Madagascar,MDG,2021-05-24,0.06
Madagascar,MDG,2021-05-26,0.08
Madagascar,MDG,2021-05-31,0.13
Madagascar,MDG,2021-06-08,0.27
Madagascar,MDG,2021-06-10,0.34
Madagascar,MDG,2021-06-14,0.47
Madagascar,MDG,2021-06-15,0.52
Madagascar,MDG,2021-06-20,0.65
Madagascar,MDG,2021-06-24,0.68
Madagascar,MDG,2021-06-28,0.68
Madagascar,MDG,2021-09-06,0.98
Madagascar,MDG,2021-09-20,1.32
Madagascar,MDG,2021-10-20,1.96
Madagascar,MDG,2021-11-18,2.1
Madagascar,MDG,2021-11-22,2.16
Madagascar,MDG,2021-11-29,2.37
Madagascar,MDG,2021-12-06,2.57
Madagascar,MDG,2022-01-05,3.36
Madagascar,MDG,2022-02-05,3.97
Madagascar,MDG,2022-02-15,4.1
Madagascar,MDG,2022-02-28,4.25
Madagascar,MDG,2022-03-07,4.35
Madagascar,MDG,2022-03-14,4.42
Madagascar,MDG,2022-03-22,4.52
Madagascar,MDG,2022-03-31,7.73
Madagascar,MDG,2022-04-26,7.74
Madagascar,MDG,2022-05-01,7.83
Madagascar,MDG,2022-05-08,8.2
Madagascar,MDG,2022-05-15,8.2
Madagascar,MDG,2022-05-29,8.2
Madagascar,MDG,2022-06-05,8.2
Malawi,MWI,2021-03-17,0.03
Malawi,MWI,2021-03-18,0.05
Malawi,MWI,2021-03-19,0.08
Malawi,MWI,2021-03-21,0.12
Malawi,MWI,2021-03-22,0.13
Malawi,MWI,2021-03-23,0.2
Malawi,MWI,2021-03-24,0.27
Malawi,MWI,2021-03-26,0.45
Malawi,MWI,2021-03-27,0.55
Malawi,MWI,2021-03-28,0.56
Malawi,MWI,2021-03-30,0.62
Malawi,MWI,2021-03-31,0.68
Malawi,MWI,2021-04-01,0.73
Malawi,MWI,2021-04-02,0.78
Malawi,MWI,2021-04-04,0.8
Malawi,MWI,2021-04-05,0.81
Malawi,MWI,2021-04-06,0.83
Malawi,MWI,2021-04-09,0.97
Malawi,MWI,2021-04-10,1.03
Malawi,MWI,2021-04-11,1.05
Malawi,MWI,2021-04-12,1.07
Malawi,MWI,2021-04-13,1.15
Malawi,MWI,2021-04-14,1.21
Malawi,MWI,2021-04-16,1.26
Malawi,MWI,2021-04-18,1.3
Malawi,MWI,2021-04-19,1.3
Malawi,MWI,2021-04-20,1.31
Malawi,MWI,2021-04-21,1.33
Malawi,MWI,2021-04-22,1.34
Malawi,MWI,2021-04-26,1.39
Malawi,MWI,2021-04-27,1.41
Malawi,MWI,2021-04-28,1.44
Malawi,MWI,2021-04-29,1.46
Malawi,MWI,2021-04-30,1.49
Malawi,MWI,2021-05-06,1.57
Malawi,MWI,2021-05-08,1.6
Malawi,MWI,2021-05-09,1.61
Malawi,MWI,2021-05-10,1.61
Malawi,MWI,2021-05-13,1.66
Malawi,MWI,2021-05-15,1.67
Malawi,MWI,2021-05-17,1.68
Malawi,MWI,2021-05-18,1.69
Malawi,MWI,2021-05-19,1.69
Malawi,MWI,2021-05-20,1.71
Malawi,MWI,2021-05-21,1.72
Malawi,MWI,2021-05-22,1.73
Malawi,MWI,2021-05-23,1.73
Malawi,MWI,2021-05-25,1.74
Malawi,MWI,2021-05-26,1.75
Malawi,MWI,2021-05-28,1.77
Malawi,MWI,2021-05-29,1.78
Malawi,MWI,2021-05-30,1.79
Malawi,MWI,2021-05-31,1.79
Malawi,MWI,2021-06-01,1.79
Malawi,MWI,2021-06-02,1.79
Malawi,MWI,2021-06-03,1.8
Malawi,MWI,2021-06-06,1.8
Malawi,MWI,2021-06-07,1.81
Malawi,MWI,2021-06-09,1.85
Malawi,MWI,2021-06-10,1.86
Malawi,MWI,2021-06-11,1.88
Malawi,MWI,2021-06-12,1.9
Malawi,MWI,2021-06-14,1.92
Malawi,MWI,2021-06-15,1.95
Malawi,MWI,2021-06-16,1.98
Malawi,MWI,2021-06-17,2.04
Malawi,MWI,2021-06-18,2.08
Malawi,MWI,2021-06-19,2.12
Malawi,MWI,2021-06-21,2.12
Malawi,MWI,2021-06-22,2.14
Malawi,MWI,2021-06-23,2.14
Malawi,MWI,2021-06-24,2.15
Malawi,MWI,2021-06-25,2.15
Malawi,MWI,2021-06-26,2.15
Malawi,MWI,2021-06-27,2.15
Malawi,MWI,2021-06-28,2.15
Malawi,MWI,2021-07-27,2.25
Malawi,MWI,2021-07-28,2.53
Malawi,MWI,2021-07-30,2.92
Malawi,MWI,2021-07-31,2.98
Malawi,MWI,2021-08-01,2.99
Malawi,MWI,2021-08-02,2.99
Malawi,MWI,2021-08-03,3.01
Malawi,MWI,2021-08-04,3.01
Malawi,MWI,2021-08-05,3.13
Malawi,MWI,2021-08-08,3.14
Malawi,MWI,2021-08-10,3.3
Malawi,MWI,2021-08-12,3.43
Malawi,MWI,2021-08-14,3.65
Malawi,MWI,2021-08-15,3.66
Malawi,MWI,2021-08-16,3.67
Malawi,MWI,2021-08-17,3.77
Malawi,MWI,2021-08-18,3.86
Malawi,MWI,2021-08-19,3.96
Malawi,MWI,2021-08-20,4.05
Malawi,MWI,2021-08-22,4.16
Malawi,MWI,2021-08-23,4.16
Malawi,MWI,2021-08-24,4.23
Malawi,MWI,2021-08-25,4.28
Malawi,MWI,2021-08-27,4.37
Malawi,MWI,2021-08-29,4.41
Malawi,MWI,2021-08-30,4.42
Malawi,MWI,2021-08-31,4.44
Malawi,MWI,2021-09-01,4.49
Malawi,MWI,2021-09-03,4.52
Malawi,MWI,2021-09-04,4.57
Malawi,MWI,2021-09-05,4.58
Malawi,MWI,2021-09-06,4.58
Malawi,MWI,2021-09-07,4.61
Malawi,MWI,2021-09-10,4.69
Malawi,MWI,2021-09-11,4.72
Malawi,MWI,2021-09-12,4.73
Malawi,MWI,2021-09-13,4.76
Malawi,MWI,2021-09-14,4.81
Malawi,MWI,2021-09-16,4.87
Malawi,MWI,2021-09-17,4.9
Malawi,MWI,2021-09-18,4.93
Malawi,MWI,2021-09-19,4.94
Malawi,MWI,2021-09-20,4.95
Malawi,MWI,2021-09-21,4.99
Malawi,MWI,2021-09-22,5.04
Malawi,MWI,2021-09-23,5.08
Malawi,MWI,2021-09-24,5.13
Malawi,MWI,2021-09-25,5.17
Malawi,MWI,2021-09-26,5.18
Malawi,MWI,2021-09-27,5.18
Malawi,MWI,2021-09-29,5.27
Malawi,MWI,2021-10-01,5.34
Malawi,MWI,2021-10-02,5.36
Malawi,MWI,2021-10-03,5.37
Malawi,MWI,2021-10-04,5.37
Malawi,MWI,2021-10-05,5.41
Malawi,MWI,2021-10-06,5.45
Malawi,MWI,2021-10-07,5.49
Malawi,MWI,2021-10-08,5.53
Malawi,MWI,2021-10-09,5.58
Malawi,MWI,2021-10-10,5.61
Malawi,MWI,2021-10-11,5.62
Malawi,MWI,2021-10-12,5.64
Malawi,MWI,2021-10-14,5.71
Malawi,MWI,2021-10-15,5.74
Malawi,MWI,2021-10-16,5.76
Malawi,MWI,2021-10-17,5.77
Malawi,MWI,2021-10-19,5.8
Malawi,MWI,2021-10-20,5.84
Malawi,MWI,2021-10-22,5.92
Malawi,MWI,2021-10-23,5.95
Malawi,MWI,2021-10-24,5.98
Malawi,MWI,2021-10-25,6
Malawi,MWI,2021-10-26,6.05
Malawi,MWI,2021-10-27,6.09
Malawi,MWI,2021-10-28,6.12
Malawi,MWI,2021-10-29,6.17
Malawi,MWI,2021-10-30,6.21
Malawi,MWI,2021-10-31,6.23
Malawi,MWI,2021-11-01,6.23
Malawi,MWI,2021-11-03,6.29
Malawi,MWI,2021-11-04,6.31
Malawi,MWI,2021-11-05,6.33
Malawi,MWI,2021-11-06,6.35
Malawi,MWI,2021-11-07,6.35
Malawi,MWI,2021-11-08,6.38
Malawi,MWI,2021-11-09,6.41
Malawi,MWI,2021-11-10,6.44
Malawi,MWI,2021-11-11,6.48
Malawi,MWI,2021-11-13,6.54
Malawi,MWI,2021-11-14,6.56
Malawi,MWI,2021-11-16,6.64
Malawi,MWI,2021-11-17,6.67
Malawi,MWI,2021-11-19,6.75
Malawi,MWI,2021-11-20,6.79
Malawi,MWI,2021-11-22,6.8
Malawi,MWI,2021-11-23,6.91
Malawi,MWI,2021-11-24,6.95
Malawi,MWI,2021-11-25,7
Malawi,MWI,2021-11-26,7.03
Malawi,MWI,2021-11-28,7.08
Malawi,MWI,2021-11-29,7.08
Malawi,MWI,2021-11-30,7.11
Malawi,MWI,2021-12-01,7.2
Malawi,MWI,2021-12-02,7.29
Malawi,MWI,2021-12-04,7.4
Malawi,MWI,2021-12-05,7.43
Malawi,MWI,2021-12-06,7.44
Malawi,MWI,2021-12-07,7.5
Malawi,MWI,2021-12-08,7.55
Malawi,MWI,2021-12-09,7.6
Malawi,MWI,2021-12-10,7.68
Malawi,MWI,2021-12-11,7.74
Malawi,MWI,2021-12-12,7.81
Malawi,MWI,2021-12-13,7.84
Malawi,MWI,2021-12-14,7.92
Malawi,MWI,2021-12-15,7.98
Malawi,MWI,2021-12-16,8.05
Malawi,MWI,2021-12-17,8.19
Malawi,MWI,2021-12-18,8.24
Malawi,MWI,2021-12-19,8.31
Malawi,MWI,2021-12-20,8.34
Malawi,MWI,2021-12-21,8.42
Malawi,MWI,2021-12-22,8.47
Malawi,MWI,2021-12-23,8.61
Malawi,MWI,2021-12-24,8.7
Malawi,MWI,2021-12-25,8.74
Malawi,MWI,2021-12-26,8.77
Malawi,MWI,2021-12-27,8.78
Malawi,MWI,2021-12-28,8.87
Malawi,MWI,2021-12-29,8.94
Malawi,MWI,2021-12-31,9.05
Malawi,MWI,2022-01-01,9.09
Malawi,MWI,2022-01-02,9.09
Malawi,MWI,2022-01-03,9.1
Malawi,MWI,2022-01-04,9.12
Malawi,MWI,2022-01-05,9.13
Malawi,MWI,2022-01-06,9.21
Malawi,MWI,2022-01-07,9.22
Malawi,MWI,2022-01-08,9.24
Malawi,MWI,2022-01-09,9.25
Malawi,MWI,2022-01-11,9.29
Malawi,MWI,2022-01-13,9.33
Malawi,MWI,2022-01-14,9.33
Malawi,MWI,2022-01-15,9.34
Malawi,MWI,2022-01-16,9.35
Malawi,MWI,2022-01-18,9.36
Malawi,MWI,2022-01-20,9.38
Malawi,MWI,2022-01-21,9.39
Malawi,MWI,2022-01-22,9.4
Malawi,MWI,2022-01-23,9.4
Malawi,MWI,2022-01-24,9.4
Malawi,MWI,2022-01-25,9.41
Malawi,MWI,2022-01-26,9.41
Malawi,MWI,2022-01-27,9.42
Malawi,MWI,2022-01-28,9.43
Malawi,MWI,2022-01-29,9.44
Malawi,MWI,2022-01-31,9.46
Malawi,MWI,2022-02-01,9.47
Malawi,MWI,2022-02-02,9.48
Malawi,MWI,2022-02-03,9.48
Malawi,MWI,2022-02-04,9.49
Malawi,MWI,2022-02-05,9.49
Malawi,MWI,2022-02-07,9.5
Malawi,MWI,2022-02-08,9.51
Malawi,MWI,2022-02-09,9.52
Malawi,MWI,2022-02-11,9.53
Malawi,MWI,2022-02-12,9.54
Malawi,MWI,2022-02-14,9.55
Malawi,MWI,2022-02-15,9.61
Malawi,MWI,2022-02-17,9.62
Malawi,MWI,2022-02-18,9.62
Malawi,MWI,2022-02-19,9.62
Malawi,MWI,2022-02-20,9.62
Malawi,MWI,2022-02-21,9.62
Malawi,MWI,2022-02-23,9.65
Malawi,MWI,2022-02-25,9.66
Malawi,MWI,2022-02-26,9.66
Malawi,MWI,2022-02-27,9.73
Malawi,MWI,2022-03-13,10.03
Malawi,MWI,2022-04-26,10.33
Malawi,MWI,2022-05-22,10.89
Malawi,MWI,2022-05-29,10.89
Malawi,MWI,2022-07-10,15.95
Malaysia,MYS,2021-02-24,0
Malaysia,MYS,2021-02-25,0
Malaysia,MYS,2021-02-26,0.02
Malaysia,MYS,2021-02-27,0.04
Malaysia,MYS,2021-02-28,0.06
Malaysia,MYS,2021-03-01,0.1
Malaysia,MYS,2021-03-02,0.17
Malaysia,MYS,2021-03-03,0.23
Malaysia,MYS,2021-03-04,0.29
Malaysia,MYS,2021-03-05,0.33
Malaysia,MYS,2021-03-06,0.38
Malaysia,MYS,2021-03-07,0.42
Malaysia,MYS,2021-03-08,0.5
Malaysia,MYS,2021-03-09,0.59
Malaysia,MYS,2021-03-10,0.68
Malaysia,MYS,2021-03-11,0.76
Malaysia,MYS,2021-03-12,0.83
Malaysia,MYS,2021-03-13,0.88
Malaysia,MYS,2021-03-14,0.91
Malaysia,MYS,2021-03-15,0.98
Malaysia,MYS,2021-03-16,1.05
Malaysia,MYS,2021-03-17,1.11
Malaysia,MYS,2021-03-18,1.17
Malaysia,MYS,2021-03-19,1.21
Malaysia,MYS,2021-03-20,1.25
Malaysia,MYS,2021-03-21,1.3
Malaysia,MYS,2021-03-22,1.37
Malaysia,MYS,2021-03-23,1.46
Malaysia,MYS,2021-03-24,1.54
Malaysia,MYS,2021-03-25,1.62
Malaysia,MYS,2021-03-26,1.67
Malaysia,MYS,2021-03-27,1.72
Malaysia,MYS,2021-03-28,1.77
Malaysia,MYS,2021-03-29,1.87
Malaysia,MYS,2021-03-30,2
Malaysia,MYS,2021-03-31,2.11
Malaysia,MYS,2021-04-01,2.23
Malaysia,MYS,2021-04-02,2.32
Malaysia,MYS,2021-04-03,2.38
Malaysia,MYS,2021-04-04,2.42
Malaysia,MYS,2021-04-05,2.51
Malaysia,MYS,2021-04-06,2.6
Malaysia,MYS,2021-04-07,2.7
Malaysia,MYS,2021-04-08,2.78
Malaysia,MYS,2021-04-09,2.84
Malaysia,MYS,2021-04-10,2.89
Malaysia,MYS,2021-04-11,2.96
Malaysia,MYS,2021-04-12,3.07
Malaysia,MYS,2021-04-13,3.15
Malaysia,MYS,2021-04-14,3.23
Malaysia,MYS,2021-04-15,3.31
Malaysia,MYS,2021-04-16,3.37
Malaysia,MYS,2021-04-17,3.4
Malaysia,MYS,2021-04-18,3.43
Malaysia,MYS,2021-04-19,3.53
Malaysia,MYS,2021-04-20,3.63
Malaysia,MYS,2021-04-21,3.71
Malaysia,MYS,2021-04-22,3.8
Malaysia,MYS,2021-04-23,3.86
Malaysia,MYS,2021-04-24,3.89
Malaysia,MYS,2021-04-25,3.93
Malaysia,MYS,2021-04-26,4.03
Malaysia,MYS,2021-04-27,4.13
Malaysia,MYS,2021-04-28,4.25
Malaysia,MYS,2021-04-29,4.28
Malaysia,MYS,2021-04-30,4.36
Malaysia,MYS,2021-05-01,4.38
Malaysia,MYS,2021-05-02,4.43
Malaysia,MYS,2021-05-03,4.58
Malaysia,MYS,2021-05-04,4.73
Malaysia,MYS,2021-05-05,4.89
Malaysia,MYS,2021-05-06,5.06
Malaysia,MYS,2021-05-07,5.2
Malaysia,MYS,2021-05-08,5.28
Malaysia,MYS,2021-05-09,5.38
Malaysia,MYS,2021-05-10,5.56
Malaysia,MYS,2021-05-11,5.71
Malaysia,MYS,2021-05-12,5.76
Malaysia,MYS,2021-05-13,5.76
Malaysia,MYS,2021-05-14,5.76
Malaysia,MYS,2021-05-15,5.8
Malaysia,MYS,2021-05-16,5.83
Malaysia,MYS,2021-05-17,6.01
Malaysia,MYS,2021-05-18,6.24
Malaysia,MYS,2021-05-19,6.49
Malaysia,MYS,2021-05-20,6.73
Malaysia,MYS,2021-05-21,6.92
Malaysia,MYS,2021-05-22,7.06
Malaysia,MYS,2021-05-23,7.19
Malaysia,MYS,2021-05-24,7.48
Malaysia,MYS,2021-05-25,7.78
Malaysia,MYS,2021-05-26,7.85
Malaysia,MYS,2021-05-27,8.17
Malaysia,MYS,2021-05-28,8.39
Malaysia,MYS,2021-05-29,8.59
Malaysia,MYS,2021-05-30,8.78
Malaysia,MYS,2021-05-31,9.06
Malaysia,MYS,2021-06-01,9.36
Malaysia,MYS,2021-06-02,9.68
Malaysia,MYS,2021-06-03,10.04
Malaysia,MYS,2021-06-04,10.31
Malaysia,MYS,2021-06-05,10.53
Malaysia,MYS,2021-06-06,10.78
Malaysia,MYS,2021-06-07,10.97
Malaysia,MYS,2021-06-08,11.43
Malaysia,MYS,2021-06-09,11.9
Malaysia,MYS,2021-06-10,12.38
Malaysia,MYS,2021-06-11,12.76
Malaysia,MYS,2021-06-12,13.17
Malaysia,MYS,2021-06-13,13.56
Malaysia,MYS,2021-06-14,14.17
Malaysia,MYS,2021-06-15,14.84
Malaysia,MYS,2021-06-16,15.48
Malaysia,MYS,2021-06-17,16.16
Malaysia,MYS,2021-06-18,16.71
Malaysia,MYS,2021-06-19,17.23
Malaysia,MYS,2021-06-20,17.66
Malaysia,MYS,2021-06-21,18.4
Malaysia,MYS,2021-06-22,19.17
Malaysia,MYS,2021-06-23,19.96
Malaysia,MYS,2021-06-24,20.79
Malaysia,MYS,2021-06-25,21.46
Malaysia,MYS,2021-06-26,22.05
Malaysia,MYS,2021-06-27,22.58
Malaysia,MYS,2021-06-28,23.21
Malaysia,MYS,2021-06-29,23.93
Malaysia,MYS,2021-06-30,24.74
Malaysia,MYS,2021-07-01,25.55
Malaysia,MYS,2021-07-02,26.26
Malaysia,MYS,2021-07-03,26.93
Malaysia,MYS,2021-07-04,27.58
Malaysia,MYS,2021-07-05,28.55
Malaysia,MYS,2021-07-06,29.61
Malaysia,MYS,2021-07-07,30.79
Malaysia,MYS,2021-07-08,31.96
Malaysia,MYS,2021-07-09,33
Malaysia,MYS,2021-07-10,34
Malaysia,MYS,2021-07-11,34.89
Malaysia,MYS,2021-07-12,36.19
Malaysia,MYS,2021-07-13,37.5
Malaysia,MYS,2021-07-14,38.87
Malaysia,MYS,2021-07-15,40.29
Malaysia,MYS,2021-07-16,41.54
Malaysia,MYS,2021-07-17,42.72
Malaysia,MYS,2021-07-18,43.79
Malaysia,MYS,2021-07-19,45.11
Malaysia,MYS,2021-07-20,46.04
Malaysia,MYS,2021-07-21,47.41
Malaysia,MYS,2021-07-22,48.95
Malaysia,MYS,2021-07-23,50.38
Malaysia,MYS,2021-07-24,51.67
Malaysia,MYS,2021-07-25,52.92
Malaysia,MYS,2021-07-26,54.52
Malaysia,MYS,2021-07-27,56.23
Malaysia,MYS,2021-07-28,57.96
Malaysia,MYS,2021-07-29,59.7
Malaysia,MYS,2021-07-30,61.29
Malaysia,MYS,2021-07-31,62.91
Malaysia,MYS,2021-08-01,64.39
Malaysia,MYS,2021-08-02,65.85
Malaysia,MYS,2021-08-03,67.35
Malaysia,MYS,2021-08-04,68.89
Malaysia,MYS,2021-08-05,70.5
Malaysia,MYS,2021-08-06,71.9
Malaysia,MYS,2021-08-07,73.25
Malaysia,MYS,2021-08-08,74.48
Malaysia,MYS,2021-08-09,75.93
Malaysia,MYS,2021-08-10,77.06
Malaysia,MYS,2021-08-11,78.61
Malaysia,MYS,2021-08-12,80.26
Malaysia,MYS,2021-08-13,81.74
Malaysia,MYS,2021-08-14,83.14
Malaysia,MYS,2021-08-15,84.46
Malaysia,MYS,2021-08-16,86.03
Malaysia,MYS,2021-08-17,87.66
Malaysia,MYS,2021-08-18,89.37
Malaysia,MYS,2021-08-19,91.01
Malaysia,MYS,2021-08-20,92.54
Malaysia,MYS,2021-08-21,94.04
Malaysia,MYS,2021-08-22,95.42
Malaysia,MYS,2021-08-23,96.67
Malaysia,MYS,2021-08-24,98
Malaysia,MYS,2021-08-25,99.35
Malaysia,MYS,2021-08-26,100.66
Malaysia,MYS,2021-08-27,101.79
Malaysia,MYS,2021-08-28,102.9
Malaysia,MYS,2021-08-29,103.9
Malaysia,MYS,2021-08-30,105.07
Malaysia,MYS,2021-08-31,105.92
Malaysia,MYS,2021-09-01,107.21
Malaysia,MYS,2021-09-02,108.41
Malaysia,MYS,2021-09-03,109.49
Malaysia,MYS,2021-09-04,110.49
Malaysia,MYS,2021-09-05,111.43
Malaysia,MYS,2021-09-06,112.46
Malaysia,MYS,2021-09-07,113.51
Malaysia,MYS,2021-09-08,114.56
Malaysia,MYS,2021-09-09,115.61
Malaysia,MYS,2021-09-10,116.56
Malaysia,MYS,2021-09-11,117.41
Malaysia,MYS,2021-09-12,118.16
Malaysia,MYS,2021-09-13,118.91
Malaysia,MYS,2021-09-14,119.71
Malaysia,MYS,2021-09-15,120.53
Malaysia,MYS,2021-09-16,121.18
Malaysia,MYS,2021-09-17,121.97
Malaysia,MYS,2021-09-18,122.73
Malaysia,MYS,2021-09-19,123.44
Malaysia,MYS,2021-09-20,124.37
Malaysia,MYS,2021-09-21,125.2
Malaysia,MYS,2021-09-22,126.21
Malaysia,MYS,2021-09-23,127.25
Malaysia,MYS,2021-09-24,128.12
Malaysia,MYS,2021-09-25,128.95
Malaysia,MYS,2021-09-26,129.8
Malaysia,MYS,2021-09-27,130.8
Malaysia,MYS,2021-09-28,131.83
Malaysia,MYS,2021-09-29,132.89
Malaysia,MYS,2021-09-30,133.92
Malaysia,MYS,2021-10-01,134.66
Malaysia,MYS,2021-10-02,135.33
Malaysia,MYS,2021-10-03,135.98
Malaysia,MYS,2021-10-04,136.68
Malaysia,MYS,2021-10-05,137.38
Malaysia,MYS,2021-10-06,138.04
Malaysia,MYS,2021-10-07,138.65
Malaysia,MYS,2021-10-08,139.2
Malaysia,MYS,2021-10-09,139.65
Malaysia,MYS,2021-10-10,140.06
Malaysia,MYS,2021-10-11,140.65
Malaysia,MYS,2021-10-12,141.3
Malaysia,MYS,2021-10-13,141.95
Malaysia,MYS,2021-10-14,142.59
Malaysia,MYS,2021-10-15,143.15
Malaysia,MYS,2021-10-16,143.56
Malaysia,MYS,2021-10-17,143.99
Malaysia,MYS,2021-10-18,144.63
Malaysia,MYS,2021-10-19,145.05
Malaysia,MYS,2021-10-20,145.85
Malaysia,MYS,2021-10-21,146.59
Malaysia,MYS,2021-10-22,147.09
Malaysia,MYS,2021-10-23,147.45
Malaysia,MYS,2021-10-24,147.84
Malaysia,MYS,2021-10-25,148.42
Malaysia,MYS,2021-10-26,148.98
Malaysia,MYS,2021-10-27,149.51
Malaysia,MYS,2021-10-28,150.09
Malaysia,MYS,2021-10-29,150.53
Malaysia,MYS,2021-10-30,150.76
Malaysia,MYS,2021-10-31,150.97
Malaysia,MYS,2021-11-01,151.3
Malaysia,MYS,2021-11-02,151.68
Malaysia,MYS,2021-11-03,152.04
Malaysia,MYS,2021-11-04,152.17
Malaysia,MYS,2021-11-05,152.43
Malaysia,MYS,2021-11-06,152.56
Malaysia,MYS,2021-11-07,152.69
Malaysia,MYS,2021-11-08,153.02
Malaysia,MYS,2021-11-09,153.38
Malaysia,MYS,2021-11-10,153.79
Malaysia,MYS,2021-11-11,154.23
Malaysia,MYS,2021-11-12,154.59
Malaysia,MYS,2021-11-13,154.76
Malaysia,MYS,2021-11-14,154.9
Malaysia,MYS,2021-11-15,155.22
Malaysia,MYS,2021-11-16,155.6
Malaysia,MYS,2021-11-17,155.96
Malaysia,MYS,2021-11-18,156.35
Malaysia,MYS,2021-11-19,156.67
Malaysia,MYS,2021-11-20,156.82
Malaysia,MYS,2021-11-21,156.93
Malaysia,MYS,2021-11-22,157.27
Malaysia,MYS,2021-11-23,157.69
Malaysia,MYS,2021-11-24,158.12
Malaysia,MYS,2021-11-25,158.54
Malaysia,MYS,2021-11-26,158.89
Malaysia,MYS,2021-11-27,159.06
Malaysia,MYS,2021-11-28,159.19
Malaysia,MYS,2021-11-29,159.53
Malaysia,MYS,2021-11-30,159.94
Malaysia,MYS,2021-12-01,160.38
Malaysia,MYS,2021-12-02,160.85
Malaysia,MYS,2021-12-03,161.23
Malaysia,MYS,2021-12-04,161.45
Malaysia,MYS,2021-12-05,161.62
Malaysia,MYS,2021-12-06,161.92
Malaysia,MYS,2021-12-07,162.31
Malaysia,MYS,2021-12-08,162.7
Malaysia,MYS,2021-12-09,163.14
Malaysia,MYS,2021-12-10,163.52
Malaysia,MYS,2021-12-11,163.74
Malaysia,MYS,2021-12-12,163.95
Malaysia,MYS,2021-12-13,164.35
Malaysia,MYS,2021-12-14,164.85
Malaysia,MYS,2021-12-15,165.37
Malaysia,MYS,2021-12-16,165.9
Malaysia,MYS,2021-12-17,166.39
Malaysia,MYS,2021-12-18,166.61
Malaysia,MYS,2021-12-19,166.85
Malaysia,MYS,2021-12-20,167.3
Malaysia,MYS,2021-12-21,167.81
Malaysia,MYS,2021-12-22,168.36
Malaysia,MYS,2021-12-23,168.9
Malaysia,MYS,2021-12-24,169.33
Malaysia,MYS,2021-12-25,169.41
Malaysia,MYS,2021-12-26,169.61
Malaysia,MYS,2021-12-27,170
Malaysia,MYS,2021-12-28,170.47
Malaysia,MYS,2021-12-29,171.04
Malaysia,MYS,2021-12-30,171.67
Malaysia,MYS,2021-12-31,172.22
Malaysia,MYS,2022-01-01,172.35
Malaysia,MYS,2022-01-02,172.64
Malaysia,MYS,2022-01-03,173.28
Malaysia,MYS,2022-01-04,174.01
Malaysia,MYS,2022-01-05,174.76
Malaysia,MYS,2022-01-06,175.53
Malaysia,MYS,2022-01-07,176.19
Malaysia,MYS,2022-01-08,176.57
Malaysia,MYS,2022-01-09,176.91
Malaysia,MYS,2022-01-10,177.59
Malaysia,MYS,2022-01-11,178.36
Malaysia,MYS,2022-01-12,179.13
Malaysia,MYS,2022-01-13,179.94
Malaysia,MYS,2022-01-14,180.66
Malaysia,MYS,2022-01-15,181.17
Malaysia,MYS,2022-01-16,181.61
Malaysia,MYS,2022-01-17,182.35
Malaysia,MYS,2022-01-18,182.75
Malaysia,MYS,2022-01-19,183.57
Malaysia,MYS,2022-01-20,184.32
Malaysia,MYS,2022-01-21,184.92
Malaysia,MYS,2022-01-22,185.4
Malaysia,MYS,2022-01-23,185.8
Malaysia,MYS,2022-01-24,186.42
Malaysia,MYS,2022-01-25,187.08
Malaysia,MYS,2022-01-26,187.71
Malaysia,MYS,2022-01-27,188.34
Malaysia,MYS,2022-01-28,188.88
Malaysia,MYS,2022-01-29,189.18
Malaysia,MYS,2022-01-30,189.43
Malaysia,MYS,2022-01-31,189.72
Malaysia,MYS,2022-02-01,189.81
Malaysia,MYS,2022-02-02,189.9
Malaysia,MYS,2022-02-03,190.21
Malaysia,MYS,2022-02-04,190.49
Malaysia,MYS,2022-02-05,190.71
Malaysia,MYS,2022-02-06,190.93
Malaysia,MYS,2022-02-07,191.29
Malaysia,MYS,2022-02-08,191.77
Malaysia,MYS,2022-02-09,192.28
Malaysia,MYS,2022-02-10,192.81
Malaysia,MYS,2022-02-11,193.3
Malaysia,MYS,2022-02-12,193.74
Malaysia,MYS,2022-02-13,194.1
Malaysia,MYS,2022-02-14,194.56
Malaysia,MYS,2022-02-15,195.03
Malaysia,MYS,2022-02-16,195.53
Malaysia,MYS,2022-02-17,196.06
Malaysia,MYS,2022-02-18,196.55
Malaysia,MYS,2022-02-19,197.01
Malaysia,MYS,2022-02-20,197.4
Malaysia,MYS,2022-02-21,197.82
Malaysia,MYS,2022-02-22,198.28
Malaysia,MYS,2022-02-23,198.72
Malaysia,MYS,2022-02-24,199.14
Malaysia,MYS,2022-02-25,199.54
Malaysia,MYS,2022-02-26,199.9
Malaysia,MYS,2022-02-27,200.21
Malaysia,MYS,2022-02-28,200.57
Malaysia,MYS,2022-03-01,200.88
Malaysia,MYS,2022-03-02,201.18
Malaysia,MYS,2022-03-03,201.48
Malaysia,MYS,2022-03-04,201.73
Malaysia,MYS,2022-03-05,201.94
Malaysia,MYS,2022-03-06,202.12
Malaysia,MYS,2022-03-07,202.31
Malaysia,MYS,2022-03-08,202.52
Malaysia,MYS,2022-03-09,202.72
Malaysia,MYS,2022-03-10,202.92
Malaysia,MYS,2022-03-11,203.09
Malaysia,MYS,2022-03-12,203.24
Malaysia,MYS,2022-03-13,203.38
Malaysia,MYS,2022-03-14,203.54
Malaysia,MYS,2022-03-15,203.71
Malaysia,MYS,2022-03-16,203.86
Malaysia,MYS,2022-03-17,204.01
Malaysia,MYS,2022-03-18,204.13
Malaysia,MYS,2022-03-19,204.24
Malaysia,MYS,2022-03-20,204.33
Malaysia,MYS,2022-03-21,204.41
Malaysia,MYS,2022-03-22,204.51
Malaysia,MYS,2022-03-23,204.59
Malaysia,MYS,2022-03-24,204.68
Malaysia,MYS,2022-03-25,204.78
Malaysia,MYS,2022-03-26,204.88
Malaysia,MYS,2022-03-27,204.96
Malaysia,MYS,2022-03-28,205.09
Malaysia,MYS,2022-03-29,205.24
Malaysia,MYS,2022-03-30,205.4
Malaysia,MYS,2022-03-31,205.58
Malaysia,MYS,2022-04-01,205.69
Malaysia,MYS,2022-04-02,205.77
Malaysia,MYS,2022-04-03,205.82
Malaysia,MYS,2022-04-04,205.9
Malaysia,MYS,2022-04-05,205.97
Malaysia,MYS,2022-04-06,206.05
Malaysia,MYS,2022-04-07,206.15
Malaysia,MYS,2022-04-08,206.26
Malaysia,MYS,2022-04-09,206.4
Malaysia,MYS,2022-04-10,206.52
Malaysia,MYS,2022-04-11,206.66
Malaysia,MYS,2022-04-12,206.81
Malaysia,MYS,2022-04-13,206.96
Malaysia,MYS,2022-04-14,207.15
Malaysia,MYS,2022-04-15,207.33
Malaysia,MYS,2022-04-16,207.58
Malaysia,MYS,2022-04-17,207.77
Malaysia,MYS,2022-04-18,207.94
Malaysia,MYS,2022-04-19,208.09
Malaysia,MYS,2022-04-20,208.29
Malaysia,MYS,2022-04-21,208.49
Malaysia,MYS,2022-04-22,208.69
Malaysia,MYS,2022-04-23,208.93
Malaysia,MYS,2022-04-24,209.1
Malaysia,MYS,2022-04-25,209.23
Malaysia,MYS,2022-04-26,209.34
Malaysia,MYS,2022-04-27,209.46
Malaysia,MYS,2022-04-28,209.56
Malaysia,MYS,2022-04-29,209.69
Malaysia,MYS,2022-04-30,209.8
Malaysia,MYS,2022-05-01,209.84
Malaysia,MYS,2022-05-02,209.85
Malaysia,MYS,2022-05-03,209.86
Malaysia,MYS,2022-05-04,209.87
Malaysia,MYS,2022-05-05,209.91
Malaysia,MYS,2022-05-06,209.98
Malaysia,MYS,2022-05-07,210.05
Malaysia,MYS,2022-05-08,210.15
Malaysia,MYS,2022-05-09,210.24
Malaysia,MYS,2022-05-10,210.34
Malaysia,MYS,2022-05-11,210.45
Malaysia,MYS,2022-05-12,210.58
Malaysia,MYS,2022-05-13,210.75
Malaysia,MYS,2022-05-14,210.9
Malaysia,MYS,2022-05-15,210.98
Malaysia,MYS,2022-05-16,211.01
Malaysia,MYS,2022-05-17,211.07
Malaysia,MYS,2022-05-18,211.12
Malaysia,MYS,2022-05-19,211.17
Malaysia,MYS,2022-05-20,211.25
Malaysia,MYS,2022-05-21,211.33
Malaysia,MYS,2022-05-22,211.38
Malaysia,MYS,2022-05-23,211.42
Malaysia,MYS,2022-05-24,211.46
Malaysia,MYS,2022-05-25,211.5
Malaysia,MYS,2022-05-26,211.55
Malaysia,MYS,2022-05-27,211.62
Malaysia,MYS,2022-05-28,211.69
Malaysia,MYS,2022-05-29,211.73
Malaysia,MYS,2022-05-30,211.78
Malaysia,MYS,2022-05-31,211.83
Malaysia,MYS,2022-06-01,211.84
Malaysia,MYS,2022-06-02,211.87
Malaysia,MYS,2022-06-03,211.9
Malaysia,MYS,2022-06-04,211.93
Malaysia,MYS,2022-06-05,211.95
Malaysia,MYS,2022-06-06,211.95
Malaysia,MYS,2022-06-07,211.98
Malaysia,MYS,2022-06-08,212
Malaysia,MYS,2022-06-09,212.03
Malaysia,MYS,2022-06-10,212.07
Malaysia,MYS,2022-06-11,212.11
Malaysia,MYS,2022-06-12,212.13
Malaysia,MYS,2022-06-13,212.16
Malaysia,MYS,2022-06-14,212.18
Malaysia,MYS,2022-06-15,212.21
Malaysia,MYS,2022-06-16,212.25
Malaysia,MYS,2022-06-17,212.3
Malaysia,MYS,2022-06-18,212.35
Malaysia,MYS,2022-06-19,212.39
Malaysia,MYS,2022-06-20,212.41
Malaysia,MYS,2022-06-21,212.43
Malaysia,MYS,2022-06-22,212.47
Malaysia,MYS,2022-06-23,212.51
Malaysia,MYS,2022-06-24,212.57
Malaysia,MYS,2022-06-25,212.61
Malaysia,MYS,2022-06-26,212.63
Malaysia,MYS,2022-06-27,212.65
Malaysia,MYS,2022-06-28,212.67
Malaysia,MYS,2022-06-29,212.69
Malaysia,MYS,2022-06-30,212.71
Malaysia,MYS,2022-07-01,212.74
Malaysia,MYS,2022-07-02,212.77
Malaysia,MYS,2022-07-03,212.79
Malaysia,MYS,2022-07-04,212.81
Malaysia,MYS,2022-07-05,212.84
Malaysia,MYS,2022-07-06,212.87
Malaysia,MYS,2022-07-07,212.92
Malaysia,MYS,2022-07-08,212.98
Malaysia,MYS,2022-07-09,213.02
Malaysia,MYS,2022-07-10,213.03
Malaysia,MYS,2022-07-11,213.05
Malaysia,MYS,2022-07-12,213.08
Malaysia,MYS,2022-07-13,213.12
Malaysia,MYS,2022-07-14,213.17
Malaysia,MYS,2022-07-15,213.24
Malaysia,MYS,2022-07-16,213.3
Malaysia,MYS,2022-07-17,213.34
Malaysia,MYS,2022-07-18,213.37
Malaysia,MYS,2022-07-19,213.42
Malaysia,MYS,2022-07-20,213.46
Malaysia,MYS,2022-07-21,213.52
Malaysia,MYS,2022-07-22,213.59
Malaysia,MYS,2022-07-23,213.64
Malaysia,MYS,2022-07-24,213.68
Malaysia,MYS,2022-07-25,213.73
Malaysia,MYS,2022-07-26,213.78
Malaysia,MYS,2022-07-27,213.82
Malaysia,MYS,2022-07-28,213.87
Malaysia,MYS,2022-07-29,213.93
Malaysia,MYS,2022-07-30,213.96
Malaysia,MYS,2022-07-31,213.99
Malaysia,MYS,2022-08-01,214.01
Malaysia,MYS,2022-08-02,214.04
Malaysia,MYS,2022-08-03,214.07
Maldives,MDV,2021-02-02,0.17
Maldives,MDV,2021-02-03,0.3
Maldives,MDV,2021-02-04,0.61
Maldives,MDV,2021-02-05,0.82
Maldives,MDV,2021-02-06,1.31
Maldives,MDV,2021-02-07,1.87
Maldives,MDV,2021-02-08,2.48
Maldives,MDV,2021-02-09,3.12
Maldives,MDV,2021-02-10,3.87
Maldives,MDV,2021-02-11,4.86
Maldives,MDV,2021-02-12,5.25
Maldives,MDV,2021-02-13,6.35
Maldives,MDV,2021-02-14,7.4
Maldives,MDV,2021-02-15,8.4
Maldives,MDV,2021-02-16,9.6
Maldives,MDV,2021-02-17,10.78
Maldives,MDV,2021-02-18,12.28
Maldives,MDV,2021-02-20,13.43
Maldives,MDV,2021-02-21,14.39
Maldives,MDV,2021-02-22,15.37
Maldives,MDV,2021-02-23,16.32
Maldives,MDV,2021-02-24,17.43
Maldives,MDV,2021-02-25,18.85
Maldives,MDV,2021-02-26,19.07
Maldives,MDV,2021-02-27,20.23
Maldives,MDV,2021-02-28,21.37
Maldives,MDV,2021-03-01,22.46
Maldives,MDV,2021-03-02,23.72
Maldives,MDV,2021-03-03,24.82
Maldives,MDV,2021-03-04,26.3
Maldives,MDV,2021-03-05,26.62
Maldives,MDV,2021-03-06,27.95
Maldives,MDV,2021-03-07,29.08
Maldives,MDV,2021-03-08,30.26
Maldives,MDV,2021-03-09,31.77
Maldives,MDV,2021-03-10,33.65
Maldives,MDV,2021-03-11,35.85
Maldives,MDV,2021-03-12,36.14
Maldives,MDV,2021-03-13,38.01
Maldives,MDV,2021-03-14,39.53
Maldives,MDV,2021-03-15,40.79
Maldives,MDV,2021-03-16,41.13
Maldives,MDV,2021-03-17,41.39
Maldives,MDV,2021-03-18,41.73
Maldives,MDV,2021-03-19,41.81
Maldives,MDV,2021-03-20,41.93
Maldives,MDV,2021-03-21,41.98
Maldives,MDV,2021-03-22,42.34
Maldives,MDV,2021-03-23,42.76
Maldives,MDV,2021-03-24,43.14
Maldives,MDV,2021-03-25,43.61
Maldives,MDV,2021-03-26,43.67
Maldives,MDV,2021-03-27,44.13
Maldives,MDV,2021-03-28,44.52
Maldives,MDV,2021-03-29,44.85
Maldives,MDV,2021-03-30,45.2
Maldives,MDV,2021-03-31,45.59
Maldives,MDV,2021-04-01,46.17
Maldives,MDV,2021-04-02,46.24
Maldives,MDV,2021-04-03,47.07
Maldives,MDV,2021-04-04,48.06
Maldives,MDV,2021-04-05,49.26
Maldives,MDV,2021-04-06,50.6
Maldives,MDV,2021-04-07,51.94
Maldives,MDV,2021-04-08,53.73
Maldives,MDV,2021-04-09,54.26
Maldives,MDV,2021-04-10,54.42
Maldives,MDV,2021-04-12,57.34
Maldives,MDV,2021-04-14,58.25
Maldives,MDV,2021-04-15,59.84
Maldives,MDV,2021-04-16,60.09
Maldives,MDV,2021-04-17,61.28
Maldives,MDV,2021-04-18,62.84
Maldives,MDV,2021-04-19,64.3
Maldives,MDV,2021-04-20,65.66
Maldives,MDV,2021-04-21,67.07
Maldives,MDV,2021-04-22,68.79
Maldives,MDV,2021-04-23,69.23
Maldives,MDV,2021-04-24,70.6
Maldives,MDV,2021-04-25,71.96
Maldives,MDV,2021-04-26,73.27
Maldives,MDV,2021-04-27,74.19
Maldives,MDV,2021-04-28,75.29
Maldives,MDV,2021-04-29,76.3
Maldives,MDV,2021-05-01,76.62
Maldives,MDV,2021-05-02,77.88
Maldives,MDV,2021-05-03,79.13
Maldives,MDV,2021-05-04,80.34
Maldives,MDV,2021-05-05,81.27
Maldives,MDV,2021-05-06,81.93
Maldives,MDV,2021-05-07,82.24
Maldives,MDV,2021-05-08,82.8
Maldives,MDV,2021-05-09,83.47
Maldives,MDV,2021-05-10,83.98
Maldives,MDV,2021-05-11,84.57
Maldives,MDV,2021-05-12,84.87
Maldives,MDV,2021-05-13,84.99
Maldives,MDV,2021-05-14,85.13
Maldives,MDV,2021-05-15,85.51
Maldives,MDV,2021-05-16,86.05
Maldives,MDV,2021-05-17,86.6
Maldives,MDV,2021-05-18,87.03
Maldives,MDV,2021-05-19,87.44
Maldives,MDV,2021-05-21,88.09
Maldives,MDV,2021-05-22,88.57
Maldives,MDV,2021-05-23,89.08
Maldives,MDV,2021-05-24,89.51
Maldives,MDV,2021-05-25,90.01
Maldives,MDV,2021-05-26,90.29
Maldives,MDV,2021-05-27,90.65
Maldives,MDV,2021-05-28,90.71
Maldives,MDV,2021-05-29,91.02
Maldives,MDV,2021-05-30,91.34
Maldives,MDV,2021-05-31,91.65
Maldives,MDV,2021-06-01,91.91
Maldives,MDV,2021-06-02,92.23
Maldives,MDV,2021-06-03,92.5
Maldives,MDV,2021-06-04,92.55
Maldives,MDV,2021-06-05,92.82
Maldives,MDV,2021-06-06,93.09
Maldives,MDV,2021-06-07,93.36
Maldives,MDV,2021-06-08,93.62
Maldives,MDV,2021-06-09,93.86
Maldives,MDV,2021-06-10,94.05
Maldives,MDV,2021-06-12,94.32
Maldives,MDV,2021-06-13,94.49
Maldives,MDV,2021-06-14,94.66
Maldives,MDV,2021-06-15,94.89
Maldives,MDV,2021-06-16,95.09
Maldives,MDV,2021-06-17,95.24
Maldives,MDV,2021-06-19,95.48
Maldives,MDV,2021-06-20,95.63
Maldives,MDV,2021-06-21,95.81
Maldives,MDV,2021-06-22,95.98
Maldives,MDV,2021-06-23,96.17
Maldives,MDV,2021-06-24,96.37
Maldives,MDV,2021-06-25,96.43
Maldives,MDV,2021-06-26,96.65
Maldives,MDV,2021-06-27,96.9
Maldives,MDV,2021-06-28,97.08
Maldives,MDV,2021-06-29,97.24
Maldives,MDV,2021-06-30,97.37
Maldives,MDV,2021-07-01,97.54
Maldives,MDV,2021-07-02,97.6
Maldives,MDV,2021-07-03,97.73
Maldives,MDV,2021-07-04,98.22
Maldives,MDV,2021-07-05,99.21
Maldives,MDV,2021-07-06,100.49
Maldives,MDV,2021-07-07,101.81
Maldives,MDV,2021-07-08,103.13
Maldives,MDV,2021-07-09,103.38
Maldives,MDV,2021-07-11,106.31
Maldives,MDV,2021-07-12,107.73
Maldives,MDV,2021-07-13,108.65
Maldives,MDV,2021-07-14,109.56
Maldives,MDV,2021-07-15,110.41
Maldives,MDV,2021-07-16,110.54
Maldives,MDV,2021-07-17,111.09
Maldives,MDV,2021-07-19,111.35
Maldives,MDV,2021-07-21,111.47
Maldives,MDV,2021-07-22,111.56
Maldives,MDV,2021-07-23,111.62
Maldives,MDV,2021-07-24,111.68
Maldives,MDV,2021-07-26,111.81
Maldives,MDV,2021-07-27,111.93
Maldives,MDV,2021-07-28,112.12
Maldives,MDV,2021-07-30,112.51
Maldives,MDV,2021-07-31,113.33
Maldives,MDV,2021-08-01,114.13
Maldives,MDV,2021-08-02,115.06
Maldives,MDV,2021-08-03,115.98
Maldives,MDV,2021-08-04,116.58
Maldives,MDV,2021-08-06,117.37
Maldives,MDV,2021-08-07,117.91
Maldives,MDV,2021-08-08,118.43
Maldives,MDV,2021-08-09,118.98
Maldives,MDV,2021-08-10,121.14
Maldives,MDV,2021-08-11,121.57
Maldives,MDV,2021-08-12,122.08
Maldives,MDV,2021-08-13,122.19
Maldives,MDV,2021-08-14,122.53
Maldives,MDV,2021-08-15,123.69
Maldives,MDV,2021-08-16,124.78
Maldives,MDV,2021-08-17,125.4
Maldives,MDV,2021-08-18,126.03
Maldives,MDV,2021-08-19,127.03
Maldives,MDV,2021-08-20,127.19
Maldives,MDV,2021-08-21,127.95
Maldives,MDV,2021-08-22,128.94
Maldives,MDV,2021-08-23,129.77
Maldives,MDV,2021-08-24,130.37
Maldives,MDV,2021-08-25,130.6
Maldives,MDV,2021-08-26,130.94
Maldives,MDV,2021-08-27,131
Maldives,MDV,2021-08-28,131.21
Maldives,MDV,2021-08-29,131.35
Maldives,MDV,2021-08-30,131.52
Maldives,MDV,2021-08-31,131.74
Maldives,MDV,2021-09-03,132.14
Maldives,MDV,2021-09-04,132.23
Maldives,MDV,2021-09-05,132.36
Maldives,MDV,2021-09-06,132.72
Maldives,MDV,2021-09-07,133.26
Maldives,MDV,2021-09-08,133.81
Maldives,MDV,2021-09-09,134.63
Maldives,MDV,2021-09-10,134.88
Maldives,MDV,2021-09-11,135.75
Maldives,MDV,2021-09-12,136.31
Maldives,MDV,2021-09-13,136.78
Maldives,MDV,2021-09-14,137.3
Maldives,MDV,2021-09-15,137.87
Maldives,MDV,2021-09-16,138.2
Maldives,MDV,2021-09-17,138.26
Maldives,MDV,2021-09-18,138.53
Maldives,MDV,2021-09-20,138.78
Maldives,MDV,2021-09-21,139.03
Maldives,MDV,2021-09-23,139.37
Maldives,MDV,2021-09-24,139.39
Maldives,MDV,2021-09-25,139.54
Maldives,MDV,2021-09-27,139.85
Maldives,MDV,2021-09-29,140.09
Maldives,MDV,2021-09-30,140.34
Maldives,MDV,2021-10-02,140.61
Maldives,MDV,2021-10-03,140.76
Maldives,MDV,2021-10-04,140.95
Maldives,MDV,2021-10-05,141.13
Maldives,MDV,2021-10-06,141.34
Maldives,MDV,2021-10-08,141.56
Maldives,MDV,2021-10-09,141.73
Maldives,MDV,2021-10-10,141.89
Maldives,MDV,2021-10-11,142.08
Maldives,MDV,2021-10-12,142.31
Maldives,MDV,2021-10-13,142.47
Maldives,MDV,2021-10-14,142.74
Maldives,MDV,2021-10-16,142.84
Maldives,MDV,2021-10-17,142.92
Maldives,MDV,2021-10-19,143.14
Maldives,MDV,2021-10-20,143.25
Maldives,MDV,2021-10-21,143.39
Maldives,MDV,2021-10-23,143.52
Maldives,MDV,2021-10-24,143.61
Maldives,MDV,2021-10-25,143.72
Maldives,MDV,2021-10-26,143.83
Maldives,MDV,2021-10-28,144.12
Maldives,MDV,2021-10-30,144.19
Maldives,MDV,2021-10-31,144.28
Maldives,MDV,2021-11-01,144.37
Maldives,MDV,2021-11-02,144.49
Maldives,MDV,2021-11-06,144.63
Maldives,MDV,2021-11-08,144.72
Maldives,MDV,2021-11-09,144.8
Maldives,MDV,2021-11-10,144.9
Maldives,MDV,2021-11-14,144.99
Maldives,MDV,2021-11-15,145.04
Maldives,MDV,2021-11-16,146.12
Maldives,MDV,2021-11-17,146.22
Maldives,MDV,2021-11-18,146.37
Maldives,MDV,2021-11-21,146.59
Maldives,MDV,2021-11-22,146.75
Maldives,MDV,2021-11-23,146.93
Maldives,MDV,2021-11-25,147.24
Maldives,MDV,2021-11-27,147.37
Maldives,MDV,2021-11-28,147.58
Maldives,MDV,2021-11-30,148.06
Maldives,MDV,2021-12-01,148.22
Maldives,MDV,2021-12-02,148.51
Maldives,MDV,2021-12-04,148.78
Maldives,MDV,2021-12-05,148.91
Maldives,MDV,2021-12-06,149.07
Maldives,MDV,2021-12-07,149.26
Maldives,MDV,2021-12-09,149.66
Maldives,MDV,2021-12-11,149.79
Maldives,MDV,2021-12-12,149.95
Maldives,MDV,2021-12-13,150.09
Maldives,MDV,2021-12-14,150.21
Maldives,MDV,2021-12-15,150.34
Maldives,MDV,2021-12-16,150.47
Maldives,MDV,2021-12-18,150.52
Maldives,MDV,2021-12-19,150.59
Maldives,MDV,2021-12-20,150.67
Maldives,MDV,2021-12-22,150.92
Maldives,MDV,2021-12-26,151.09
Maldives,MDV,2021-12-27,151.3
Maldives,MDV,2021-12-28,151.44
Maldives,MDV,2021-12-29,151.53
Maldives,MDV,2022-01-02,151.68
Maldives,MDV,2022-01-04,151.81
Maldives,MDV,2022-01-05,151.87
Maldives,MDV,2022-01-06,151.94
Maldives,MDV,2022-01-08,151.99
Maldives,MDV,2022-01-09,152.07
Maldives,MDV,2022-01-10,152.16
Maldives,MDV,2022-01-12,152.43
Maldives,MDV,2022-01-15,153.12
Maldives,MDV,2022-01-16,153.63
Maldives,MDV,2022-01-17,154.16
Maldives,MDV,2022-01-19,155.27
Maldives,MDV,2022-01-22,156.42
Maldives,MDV,2022-01-23,157.09
Maldives,MDV,2022-01-24,157.71
Maldives,MDV,2022-01-25,158.37
Maldives,MDV,2022-01-26,159.06
Maldives,MDV,2022-01-29,160.61
Maldives,MDV,2022-01-30,161.14
Maldives,MDV,2022-01-31,161.74
Maldives,MDV,2022-02-01,162.24
Maldives,MDV,2022-02-02,162.98
Maldives,MDV,2022-02-05,164.06
Maldives,MDV,2022-02-06,164.8
Maldives,MDV,2022-02-07,165.52
Maldives,MDV,2022-02-08,166.11
Maldives,MDV,2022-02-09,166.71
Maldives,MDV,2022-02-10,167.32
Maldives,MDV,2022-02-12,167.82
Maldives,MDV,2022-02-13,168.21
Maldives,MDV,2022-02-15,168.98
Maldives,MDV,2022-02-17,169.79
Maldives,MDV,2022-02-19,170.13
Maldives,MDV,2022-02-21,170.82
Maldives,MDV,2022-02-22,171.12
Maldives,MDV,2022-02-23,171.38
Maldives,MDV,2022-02-24,171.75
Maldives,MDV,2022-02-26,172.22
Maldives,MDV,2022-02-27,172.57
Maldives,MDV,2022-02-28,172.98
Maldives,MDV,2022-03-01,173.24
Maldives,MDV,2022-03-02,173.51
Maldives,MDV,2022-03-03,173.71
Maldives,MDV,2022-03-05,173.86
Maldives,MDV,2022-03-06,174.11
Maldives,MDV,2022-03-07,174.28
Maldives,MDV,2022-03-08,174.41
Maldives,MDV,2022-03-09,174.56
Maldives,MDV,2022-03-10,174.89
Maldives,MDV,2022-03-12,175.14
Maldives,MDV,2022-03-26,179.66
Maldives,MDV,2022-04-02,180.1
Maldives,MDV,2022-04-09,180.2
Maldives,MDV,2022-04-16,180.35
Maldives,MDV,2022-04-24,180.47
Maldives,MDV,2022-05-09,180.67
Maldives,MDV,2022-05-29,180.99
Maldives,MDV,2022-06-06,181.14
Maldives,MDV,2022-06-13,181.23
Maldives,MDV,2022-06-20,181.38
Maldives,MDV,2022-07-11,181.93
Maldives,MDV,2022-07-18,181.97
Maldives,MDV,2022-07-25,182.06
Mali,MLI,2021-03-30,0
Mali,MLI,2021-04-02,0
Mali,MLI,2021-04-12,0.12
Mali,MLI,2021-04-25,0.23
Mali,MLI,2021-05-14,0.38
Mali,MLI,2021-05-21,0.4
Mali,MLI,2021-05-26,0.5
Mali,MLI,2021-05-31,0.58
Mali,MLI,2021-06-08,0.7
Mali,MLI,2021-06-10,0.72
Mali,MLI,2021-06-14,0.75
Mali,MLI,2021-06-20,0.8
Mali,MLI,2021-06-24,0.82
Mali,MLI,2021-07-05,0.87
Mali,MLI,2021-07-12,0.9
Mali,MLI,2021-08-03,0.94
Mali,MLI,2021-08-09,1.19
Mali,MLI,2021-08-28,1.35
Mali,MLI,2021-09-01,1.45
Mali,MLI,2021-09-06,1.57
Mali,MLI,2021-09-13,1.69
Mali,MLI,2021-09-20,1.81
Mali,MLI,2021-09-22,1.82
Mali,MLI,2021-09-27,1.85
Mali,MLI,2021-10-01,1.89
Mali,MLI,2021-10-15,2.67
Mali,MLI,2021-10-27,2.67
Mali,MLI,2021-11-02,2.72
Mali,MLI,2021-11-21,2.87
Mali,MLI,2021-11-24,3.35
Mali,MLI,2021-11-28,3.87
Mali,MLI,2021-12-05,4.29
Mali,MLI,2021-12-08,4.4
Mali,MLI,2021-12-16,4.52
Mali,MLI,2021-12-20,4.6
Mali,MLI,2021-12-23,4.73
Mali,MLI,2021-12-28,4.83
Mali,MLI,2022-01-02,4.96
Mali,MLI,2022-01-05,5.46
Mali,MLI,2022-01-07,6.79
Mali,MLI,2022-02-21,7.25
Mali,MLI,2022-02-25,7.46
Mali,MLI,2022-03-04,7.92
Mali,MLI,2022-03-11,8.08
Mali,MLI,2022-03-18,8.28
Mali,MLI,2022-03-25,8.55
Mali,MLI,2022-04-26,8.55
Mali,MLI,2022-05-01,9.1
Mali,MLI,2022-05-08,9.1
Mali,MLI,2022-05-22,9.66
Mali,MLI,2022-05-29,10.04
Mali,MLI,2022-06-05,10.54
Mali,MLI,2022-06-19,10.99
Mali,MLI,2022-07-03,11.79
Mali,MLI,2022-07-17,12.25
Malta,MLT,2021-01-17,2.22
Malta,MLT,2021-01-18,2.47
Malta,MLT,2021-01-19,2.71
Malta,MLT,2021-01-20,2.91
Malta,MLT,2021-01-21,3.14
Malta,MLT,2021-01-22,3.37
Malta,MLT,2021-01-24,3.79
Malta,MLT,2021-01-25,4.02
Malta,MLT,2021-01-26,4.25
Malta,MLT,2021-01-27,4.46
Malta,MLT,2021-01-28,4.69
Malta,MLT,2021-01-29,4.9
Malta,MLT,2021-01-30,5.1
Malta,MLT,2021-01-31,5.27
Malta,MLT,2021-02-01,5.51
Malta,MLT,2021-02-02,5.74
Malta,MLT,2021-02-03,6.01
Malta,MLT,2021-02-04,6.36
Malta,MLT,2021-02-05,6.77
Malta,MLT,2021-02-06,7.14
Malta,MLT,2021-02-07,7.45
Malta,MLT,2021-02-08,7.84
Malta,MLT,2021-02-09,8.23
Malta,MLT,2021-02-10,8.47
Malta,MLT,2021-02-11,8.8
Malta,MLT,2021-02-12,9.2
Malta,MLT,2021-02-13,9.53
Malta,MLT,2021-02-14,9.8
Malta,MLT,2021-02-15,10.18
Malta,MLT,2021-02-16,10.58
Malta,MLT,2021-02-17,10.95
Malta,MLT,2021-02-18,11.33
Malta,MLT,2021-02-19,11.78
Malta,MLT,2021-02-20,12.02
Malta,MLT,2021-02-21,12.23
Malta,MLT,2021-02-22,12.59
Malta,MLT,2021-02-23,13.06
Malta,MLT,2021-02-24,13.59
Malta,MLT,2021-02-25,13.98
Malta,MLT,2021-02-26,14.46
Malta,MLT,2021-02-27,14.8
Malta,MLT,2021-02-28,15.12
Malta,MLT,2021-03-01,15.55
Malta,MLT,2021-03-02,15.97
Malta,MLT,2021-03-03,16.49
Malta,MLT,2021-03-04,17.08
Malta,MLT,2021-03-05,17.62
Malta,MLT,2021-03-06,18.21
Malta,MLT,2021-03-07,18.58
Malta,MLT,2021-03-08,19.32
Malta,MLT,2021-03-09,20.01
Malta,MLT,2021-03-10,20.69
Malta,MLT,2021-03-11,21.5
Malta,MLT,2021-03-12,22.23
Malta,MLT,2021-03-13,22.8
Malta,MLT,2021-03-14,23.23
Malta,MLT,2021-03-15,23.97
Malta,MLT,2021-03-16,24.84
Malta,MLT,2021-03-17,25.41
Malta,MLT,2021-03-18,26.25
Malta,MLT,2021-03-19,26.64
Malta,MLT,2021-03-20,27.18
Malta,MLT,2021-03-21,27.7
Malta,MLT,2021-03-22,28.65
Malta,MLT,2021-03-23,29.55
Malta,MLT,2021-03-24,30.42
Malta,MLT,2021-03-25,31.53
Malta,MLT,2021-03-26,32.63
Malta,MLT,2021-03-27,33.53
Malta,MLT,2021-03-28,34.28
Malta,MLT,2021-03-29,35.33
Malta,MLT,2021-03-30,36.4
Malta,MLT,2021-03-31,37.47
Malta,MLT,2021-04-01,38.64
Malta,MLT,2021-04-02,39.69
Malta,MLT,2021-04-03,40.34
Malta,MLT,2021-04-04,40.95
Malta,MLT,2021-04-05,41.61
Malta,MLT,2021-04-06,42.34
Malta,MLT,2021-04-07,43.21
Malta,MLT,2021-04-08,44.11
Malta,MLT,2021-04-09,45.15
Malta,MLT,2021-04-10,45.75
Malta,MLT,2021-04-11,46.46
Malta,MLT,2021-04-12,47.35
Malta,MLT,2021-04-13,48.39
Malta,MLT,2021-04-14,49.22
Malta,MLT,2021-04-15,50.24
Malta,MLT,2021-04-16,51.21
Malta,MLT,2021-04-17,52.14
Malta,MLT,2021-04-18,52.49
Malta,MLT,2021-04-19,53.7
Malta,MLT,2021-04-20,54.83
Malta,MLT,2021-04-21,56.12
Malta,MLT,2021-04-22,57.26
Malta,MLT,2021-04-23,58.4
Malta,MLT,2021-04-24,59.15
Malta,MLT,2021-04-25,59.47
Malta,MLT,2021-04-26,60.5
Malta,MLT,2021-04-27,61.38
Malta,MLT,2021-04-28,62.07
Malta,MLT,2021-04-29,62.92
Malta,MLT,2021-04-30,63.76
Malta,MLT,2021-05-01,64.5
Malta,MLT,2021-05-02,64.91
Malta,MLT,2021-05-03,65.87
Malta,MLT,2021-05-04,66.91
Malta,MLT,2021-05-05,68.24
Malta,MLT,2021-05-06,69.46
Malta,MLT,2021-05-07,70.74
Malta,MLT,2021-05-08,71.38
Malta,MLT,2021-05-09,72.13
Malta,MLT,2021-05-10,73.42
Malta,MLT,2021-05-11,74.6
Malta,MLT,2021-05-12,75.96
Malta,MLT,2021-05-13,77.25
Malta,MLT,2021-05-14,78.72
Malta,MLT,2021-05-15,79.89
Malta,MLT,2021-05-16,80.56
Malta,MLT,2021-05-17,81.73
Malta,MLT,2021-05-18,83.09
Malta,MLT,2021-05-19,84.64
Malta,MLT,2021-05-20,86.13
Malta,MLT,2021-05-21,87.56
Malta,MLT,2021-05-22,89
Malta,MLT,2021-05-23,90.08
Malta,MLT,2021-05-24,91.61
Malta,MLT,2021-05-25,93.12
Malta,MLT,2021-05-26,94.68
Malta,MLT,2021-05-27,95.89
Malta,MLT,2021-05-28,96.69
Malta,MLT,2021-05-29,97.24
Malta,MLT,2021-05-30,97.9
Malta,MLT,2021-05-31,98.72
Malta,MLT,2021-06-01,100.35
Malta,MLT,2021-06-02,101.5
Malta,MLT,2021-06-03,102.74
Malta,MLT,2021-06-04,103.78
Malta,MLT,2021-06-05,104.7
Malta,MLT,2021-06-06,105.14
Malta,MLT,2021-06-07,105.99
Malta,MLT,2021-06-08,107.21
Malta,MLT,2021-06-09,108.31
Malta,MLT,2021-06-10,109.4
Malta,MLT,2021-06-11,110.53
Malta,MLT,2021-06-12,111.47
Malta,MLT,2021-06-13,111.91
Malta,MLT,2021-06-14,113.16
Malta,MLT,2021-06-15,114.67
Malta,MLT,2021-06-16,115.78
Malta,MLT,2021-06-17,116.96
Malta,MLT,2021-06-18,118.02
Malta,MLT,2021-06-19,118.81
Malta,MLT,2021-06-20,119.36
Malta,MLT,2021-06-21,119.88
Malta,MLT,2021-06-22,120.75
Malta,MLT,2021-06-23,121.64
Malta,MLT,2021-06-24,122.76
Malta,MLT,2021-06-25,123.48
Malta,MLT,2021-06-26,123.97
Malta,MLT,2021-06-27,124.28
Malta,MLT,2021-06-28,125.2
Malta,MLT,2021-06-29,126.22
Malta,MLT,2021-06-30,127.34
Malta,MLT,2021-07-01,128.15
Malta,MLT,2021-07-02,129.01
Malta,MLT,2021-07-03,129.61
Malta,MLT,2021-07-04,130.05
Malta,MLT,2021-07-05,130.98
Malta,MLT,2021-07-06,131.48
Malta,MLT,2021-07-07,132.29
Malta,MLT,2021-07-08,132.93
Malta,MLT,2021-07-09,133.64
Malta,MLT,2021-07-10,134
Malta,MLT,2021-07-11,134.19
Malta,MLT,2021-07-12,134.62
Malta,MLT,2021-07-13,135.16
Malta,MLT,2021-07-14,135.82
Malta,MLT,2021-07-15,136.39
Malta,MLT,2021-07-16,136.96
Malta,MLT,2021-07-17,137.31
Malta,MLT,2021-07-18,137.51
Malta,MLT,2021-07-19,138.23
Malta,MLT,2021-07-20,138.68
Malta,MLT,2021-07-21,139.3
Malta,MLT,2021-07-22,139.86
Malta,MLT,2021-07-23,140.93
Malta,MLT,2021-07-24,141.19
Malta,MLT,2021-07-25,141.34
Malta,MLT,2021-07-26,141.79
Malta,MLT,2021-07-27,142.5
Malta,MLT,2021-07-28,142.68
Malta,MLT,2021-07-29,143.46
Malta,MLT,2021-07-30,143.95
Malta,MLT,2021-07-31,144.25
Malta,MLT,2021-08-01,144.36
Malta,MLT,2021-08-02,144.82
Malta,MLT,2021-08-03,145.31
Malta,MLT,2021-08-04,145.77
Malta,MLT,2021-08-05,146.27
Malta,MLT,2021-08-06,146.79
Malta,MLT,2021-08-07,146.99
Malta,MLT,2021-08-08,147.11
Malta,MLT,2021-08-09,147.54
Malta,MLT,2021-08-10,147.88
Malta,MLT,2021-08-11,148.22
Malta,MLT,2021-08-12,148.57
Malta,MLT,2021-08-13,148.83
Malta,MLT,2021-08-14,148.96
Malta,MLT,2021-08-15,148.98
Malta,MLT,2021-08-16,149.22
Malta,MLT,2021-08-17,149.44
Malta,MLT,2021-08-18,149.65
Malta,MLT,2021-08-19,149.89
Malta,MLT,2021-08-20,150.13
Malta,MLT,2021-08-21,150.21
Malta,MLT,2021-08-22,150.22
Malta,MLT,2021-08-23,150.39
Malta,MLT,2021-08-24,150.55
Malta,MLT,2021-08-25,150.71
Malta,MLT,2021-08-26,150.84
Malta,MLT,2021-08-27,150.96
Malta,MLT,2021-08-28,151.03
Malta,MLT,2021-08-29,151.05
Malta,MLT,2021-08-30,151.18
Malta,MLT,2021-08-31,151.31
Malta,MLT,2021-09-01,151.41
Malta,MLT,2021-09-02,151.51
Malta,MLT,2021-09-03,151.64
Malta,MLT,2021-09-04,151.71
Malta,MLT,2021-09-05,151.73
Malta,MLT,2021-09-06,151.98
Malta,MLT,2021-09-07,152.26
Malta,MLT,2021-09-08,152.41
Malta,MLT,2021-09-09,152.63
Malta,MLT,2021-09-10,152.79
Malta,MLT,2021-09-11,152.91
Malta,MLT,2021-09-12,152.92
Malta,MLT,2021-09-13,153.15
Malta,MLT,2021-09-14,153.36
Malta,MLT,2021-09-15,153.58
Malta,MLT,2021-09-16,153.8
Malta,MLT,2021-09-17,154
Malta,MLT,2021-09-18,154.1
Malta,MLT,2021-09-19,154.11
Malta,MLT,2021-09-20,154.31
Malta,MLT,2021-09-21,154.37
Malta,MLT,2021-09-22,154.55
Malta,MLT,2021-09-23,154.71
Malta,MLT,2021-09-24,154.94
Malta,MLT,2021-09-25,155.05
Malta,MLT,2021-09-26,155.06
Malta,MLT,2021-09-27,155.41
Malta,MLT,2021-10-08,159.17
Malta,MLT,2021-10-09,159.4
Malta,MLT,2021-10-10,159.6
Malta,MLT,2021-10-11,159.97
Malta,MLT,2021-10-12,160.37
Malta,MLT,2021-10-13,160.74
Malta,MLT,2021-10-14,161.07
Malta,MLT,2021-10-15,161.47
Malta,MLT,2021-10-16,161.79
Malta,MLT,2021-10-17,162.07
Malta,MLT,2021-10-18,162.57
Malta,MLT,2021-10-19,163.05
Malta,MLT,2021-10-20,163.44
Malta,MLT,2021-10-21,163.87
Malta,MLT,2021-10-22,164.29
Malta,MLT,2021-10-23,164.59
Malta,MLT,2021-10-24,164.75
Malta,MLT,2021-10-25,165.11
Malta,MLT,2021-10-26,165.47
Malta,MLT,2021-10-27,165.9
Malta,MLT,2021-10-28,166.28
Malta,MLT,2021-10-29,166.55
Malta,MLT,2021-10-30,166.82
Malta,MLT,2021-10-31,167.05
Malta,MLT,2021-11-01,167.41
Malta,MLT,2021-11-02,167.65
Malta,MLT,2021-11-03,167.89
Malta,MLT,2021-11-04,168.14
Malta,MLT,2021-11-05,168.35
Malta,MLT,2021-11-06,168.65
Malta,MLT,2021-11-07,168.75
Malta,MLT,2021-11-08,169.39
Malta,MLT,2021-11-09,169.98
Malta,MLT,2021-11-10,170.53
Malta,MLT,2021-11-11,171.09
Malta,MLT,2021-11-12,171.5
Malta,MLT,2021-11-13,172.08
Malta,MLT,2021-11-14,172.51
Malta,MLT,2021-11-15,173.07
Malta,MLT,2021-11-16,173.7
Malta,MLT,2021-11-17,174.34
Malta,MLT,2021-11-18,174.87
Malta,MLT,2021-11-19,175.43
Malta,MLT,2021-11-20,176.01
Malta,MLT,2021-11-21,176.64
Malta,MLT,2021-11-22,177.27
Malta,MLT,2021-11-23,177.85
Malta,MLT,2021-11-24,178.4
Malta,MLT,2021-11-25,178.97
Malta,MLT,2021-11-26,179.57
Malta,MLT,2021-11-27,180.23
Malta,MLT,2021-11-28,180.89
Malta,MLT,2021-11-29,181.56
Malta,MLT,2021-11-30,182.23
Malta,MLT,2021-12-01,182.76
Malta,MLT,2021-12-02,183.35
Malta,MLT,2021-12-03,183.82
Malta,MLT,2021-12-04,184.42
Malta,MLT,2021-12-05,185.03
Malta,MLT,2021-12-06,185.6
Malta,MLT,2021-12-07,185.81
Malta,MLT,2021-12-08,186.37
Malta,MLT,2021-12-09,186.98
Malta,MLT,2021-12-10,187.59
Malta,MLT,2021-12-11,188.13
Malta,MLT,2021-12-12,188.59
Malta,MLT,2021-12-13,189.36
Malta,MLT,2021-12-14,189.91
Malta,MLT,2021-12-15,190.35
Malta,MLT,2021-12-16,190.81
Malta,MLT,2021-12-17,191.22
Malta,MLT,2021-12-18,191.74
Malta,MLT,2021-12-19,192.26
Malta,MLT,2021-12-20,192.95
Malta,MLT,2021-12-21,193.55
Malta,MLT,2021-12-22,194.3
Malta,MLT,2021-12-23,195.14
Malta,MLT,2021-12-24,195.63
Malta,MLT,2021-12-25,195.78
Malta,MLT,2021-12-26,196.21
Malta,MLT,2021-12-27,198.02
Malta,MLT,2021-12-28,199.72
Malta,MLT,2021-12-29,201.32
Malta,MLT,2021-12-30,202.9
Malta,MLT,2021-12-31,203.56
Malta,MLT,2022-01-01,203.71
Malta,MLT,2022-01-02,204.27
Malta,MLT,2022-01-03,206.24
Malta,MLT,2022-01-04,208.26
Malta,MLT,2022-01-05,210.09
Malta,MLT,2022-01-06,211.6
Malta,MLT,2022-01-07,213.2
Malta,MLT,2022-01-08,214.17
Malta,MLT,2022-01-09,215.16
Malta,MLT,2022-01-10,216.3
Malta,MLT,2022-01-11,217.65
Malta,MLT,2022-01-12,218.89
Malta,MLT,2022-01-13,220.04
Malta,MLT,2022-01-14,221.25
Malta,MLT,2022-01-15,221.88
Malta,MLT,2022-01-16,222.26
Malta,MLT,2022-01-17,223.09
Malta,MLT,2022-01-18,224.01
Malta,MLT,2022-01-19,224.83
Malta,MLT,2022-01-20,225.56
Malta,MLT,2022-01-21,226.25
Malta,MLT,2022-01-22,226.61
Malta,MLT,2022-01-23,226.87
Malta,MLT,2022-01-24,227.46
Malta,MLT,2022-01-25,228.08
Malta,MLT,2022-01-26,228.68
Malta,MLT,2022-01-27,229.11
Malta,MLT,2022-01-28,229.45
Malta,MLT,2022-01-29,229.67
Malta,MLT,2022-01-30,229.89
Malta,MLT,2022-01-31,230.35
Malta,MLT,2022-02-01,230.7
Malta,MLT,2022-02-02,231.02
Malta,MLT,2022-02-03,231.33
Malta,MLT,2022-02-04,231.68
Malta,MLT,2022-02-05,231.91
Malta,MLT,2022-02-06,232.09
Malta,MLT,2022-02-07,232.33
Malta,MLT,2022-02-08,232.58
Malta,MLT,2022-02-09,232.79
Malta,MLT,2022-02-10,233.02
Malta,MLT,2022-02-11,233.3
Malta,MLT,2022-02-12,233.59
Malta,MLT,2022-02-13,233.73
Malta,MLT,2022-02-14,233.97
Malta,MLT,2022-02-15,234.14
Malta,MLT,2022-02-16,234.26
Malta,MLT,2022-02-17,234.4
Malta,MLT,2022-02-18,234.55
Malta,MLT,2022-02-19,234.76
Malta,MLT,2022-02-20,234.87
Malta,MLT,2022-02-21,235.06
Malta,MLT,2022-02-22,235.2
Malta,MLT,2022-02-23,235.34
Malta,MLT,2022-02-24,235.47
Malta,MLT,2022-02-25,235.59
Malta,MLT,2022-02-26,235.73
Malta,MLT,2022-02-27,235.83
Malta,MLT,2022-02-28,235.95
Malta,MLT,2022-03-01,236.08
Malta,MLT,2022-03-02,236.16
Malta,MLT,2022-03-03,236.26
Malta,MLT,2022-03-04,236.37
Malta,MLT,2022-03-05,236.49
Malta,MLT,2022-03-06,236.56
Malta,MLT,2022-03-07,236.7
Malta,MLT,2022-03-08,236.79
Malta,MLT,2022-03-09,236.9
Malta,MLT,2022-03-10,236.98
Malta,MLT,2022-03-11,237.09
Malta,MLT,2022-03-12,237.18
Malta,MLT,2022-03-13,237.24
Malta,MLT,2022-03-14,237.36
Malta,MLT,2022-03-15,237.46
Malta,MLT,2022-03-16,237.54
Malta,MLT,2022-03-17,237.62
Malta,MLT,2022-03-18,237.7
Malta,MLT,2022-03-19,237.8
Malta,MLT,2022-03-20,237.84
Malta,MLT,2022-03-21,237.92
Malta,MLT,2022-03-22,238
Malta,MLT,2022-03-23,238.09
Malta,MLT,2022-03-24,238.18
Malta,MLT,2022-03-25,238.27
Malta,MLT,2022-03-26,238.29
Malta,MLT,2022-03-27,238.33
Malta,MLT,2022-03-28,238.42
Malta,MLT,2022-03-29,238.48
Malta,MLT,2022-03-30,238.54
Malta,MLT,2022-03-31,238.59
Malta,MLT,2022-04-01,238.68
Malta,MLT,2022-04-02,238.74
Malta,MLT,2022-04-03,238.77
Malta,MLT,2022-04-04,238.83
Malta,MLT,2022-04-05,238.89
Malta,MLT,2022-04-06,238.93
Malta,MLT,2022-04-07,238.98
Malta,MLT,2022-04-08,239.04
Malta,MLT,2022-04-09,239.11
Malta,MLT,2022-04-10,239.13
Malta,MLT,2022-04-11,239.2
Malta,MLT,2022-04-12,239.25
Malta,MLT,2022-04-13,239.3
Malta,MLT,2022-04-14,239.39
Malta,MLT,2022-04-15,239.41
Malta,MLT,2022-04-16,239.44
Malta,MLT,2022-04-17,239.45
Malta,MLT,2022-04-18,240.37
Malta,MLT,2022-04-19,240.56
Malta,MLT,2022-04-20,240.79
Malta,MLT,2022-04-21,240.97
Malta,MLT,2022-04-22,241.15
Malta,MLT,2022-04-23,241.27
Malta,MLT,2022-04-24,241.39
Malta,MLT,2022-04-25,241.6
Malta,MLT,2022-04-26,241.87
Malta,MLT,2022-04-27,242.03
Malta,MLT,2022-04-28,242.18
Malta,MLT,2022-04-29,242.31
Malta,MLT,2022-04-30,242.41
Malta,MLT,2022-05-01,242.46
Malta,MLT,2022-05-02,242.58
Malta,MLT,2022-05-03,242.68
Malta,MLT,2022-05-04,242.73
Malta,MLT,2022-05-05,242.79
Malta,MLT,2022-05-06,242.85
Malta,MLT,2022-05-07,242.9
Malta,MLT,2022-05-08,242.91
Malta,MLT,2022-05-09,243.09
Malta,MLT,2022-05-10,243.27
Malta,MLT,2022-05-11,243.58
Malta,MLT,2022-05-12,243.81
Malta,MLT,2022-05-13,244.03
Malta,MLT,2022-05-14,244.11
Malta,MLT,2022-05-15,244.19
Malta,MLT,2022-05-16,244.5
Malta,MLT,2022-05-17,244.72
Malta,MLT,2022-05-18,244.92
Malta,MLT,2022-05-19,245.13
Malta,MLT,2022-05-20,245.35
Malta,MLT,2022-05-21,245.44
Malta,MLT,2022-05-22,245.52
Malta,MLT,2022-05-23,245.71
Malta,MLT,2022-05-24,245.92
Malta,MLT,2022-05-25,246.12
Malta,MLT,2022-05-26,246.31
Malta,MLT,2022-05-27,246.52
Malta,MLT,2022-05-28,246.58
Malta,MLT,2022-05-29,246.6
Malta,MLT,2022-05-30,246.76
Malta,MLT,2022-05-31,246.95
Malta,MLT,2022-06-01,247.14
Malta,MLT,2022-06-02,247.29
Malta,MLT,2022-06-03,247.46
Malta,MLT,2022-06-04,247.51
Malta,MLT,2022-06-05,247.55
Malta,MLT,2022-06-06,247.66
Malta,MLT,2022-06-07,247.75
Malta,MLT,2022-06-08,247.87
Malta,MLT,2022-06-09,247.99
Malta,MLT,2022-06-10,248.15
Malta,MLT,2022-06-11,248.23
Malta,MLT,2022-06-12,248.25
Malta,MLT,2022-06-13,248.36
Malta,MLT,2022-06-14,248.5
Malta,MLT,2022-06-15,248.65
Malta,MLT,2022-06-16,248.76
Malta,MLT,2022-06-17,248.88
Malta,MLT,2022-06-18,248.94
Malta,MLT,2022-06-19,248.95
Malta,MLT,2022-06-20,249.06
Malta,MLT,2022-06-21,249.22
Malta,MLT,2022-06-22,249.41
Malta,MLT,2022-06-23,249.57
Malta,MLT,2022-06-24,249.7
Malta,MLT,2022-06-25,249.75
Malta,MLT,2022-06-26,249.78
Malta,MLT,2022-06-27,249.89
Malta,MLT,2022-06-28,250
Malta,MLT,2022-06-29,250.04
Malta,MLT,2022-06-30,250.08
Malta,MLT,2022-07-01,250.12
Malta,MLT,2022-07-02,250.14
Malta,MLT,2022-07-03,250.14
Malta,MLT,2022-07-04,250.19
Malta,MLT,2022-07-05,250.29
Malta,MLT,2022-07-06,250.38
Malta,MLT,2022-07-07,250.48
Malta,MLT,2022-07-08,250.56
Malta,MLT,2022-07-09,250.64
Malta,MLT,2022-07-10,250.64
Malta,MLT,2022-07-11,250.72
Malta,MLT,2022-07-12,250.76
Malta,MLT,2022-07-13,250.92
Malta,MLT,2022-07-14,251.02
Malta,MLT,2022-07-15,251.1
Malta,MLT,2022-07-16,251.14
Malta,MLT,2022-07-17,251.15
Malta,MLT,2022-07-18,251.25
Malta,MLT,2022-07-19,251.38
Malta,MLT,2022-07-20,251.5
Malta,MLT,2022-07-21,251.61
Malta,MLT,2022-07-22,251.79
Malta,MLT,2022-07-23,251.89
Malta,MLT,2022-07-24,251.9
Malta,MLT,2022-07-25,251.93
Malta,MLT,2022-07-26,252.05
Malta,MLT,2022-07-27,252.17
Malta,MLT,2022-07-28,252.28
Malta,MLT,2022-07-29,252.37
Malta,MLT,2022-07-30,252.44
Malta,MLT,2022-07-31,252.45
Malta,MLT,2022-08-01,252.5
Malta,MLT,2022-08-02,252.59
Mauritania,MRT,2021-03-26,0
Mauritania,MRT,2021-04-01,0.03
Mauritania,MRT,2021-04-08,0.06
Mauritania,MRT,2021-04-18,0.15
Mauritania,MRT,2021-05-09,0.34
Mauritania,MRT,2021-05-21,0.56
Mauritania,MRT,2021-05-23,0.61
Mauritania,MRT,2021-05-26,0.62
Mauritania,MRT,2021-05-31,0.81
Mauritania,MRT,2021-06-08,0.94
Mauritania,MRT,2021-06-10,0.97
Mauritania,MRT,2021-06-14,1.01
Mauritania,MRT,2021-06-15,1.07
Mauritania,MRT,2021-06-23,3.08
Mauritania,MRT,2021-06-30,3.49
Mauritania,MRT,2021-07-05,3.72
Mauritania,MRT,2021-07-07,3.78
Mauritania,MRT,2021-07-12,3.82
Mauritania,MRT,2021-07-13,3.88
Mauritania,MRT,2021-07-15,3.96
Mauritania,MRT,2021-07-19,4.1
Mauritania,MRT,2021-07-24,4.14
Mauritania,MRT,2021-07-26,4.16
Mauritania,MRT,2021-07-29,4.2
Mauritania,MRT,2021-08-03,4.75
Mauritania,MRT,2021-08-05,4.85
Mauritania,MRT,2021-08-09,5.13
Mauritania,MRT,2021-08-12,5.26
Mauritania,MRT,2021-08-16,5.49
Mauritania,MRT,2021-08-23,5.51
Mauritania,MRT,2021-09-01,5.76
Mauritania,MRT,2021-09-09,6.65
Mauritania,MRT,2021-09-15,7.22
Mauritania,MRT,2021-09-27,24.23
Mauritania,MRT,2021-10-13,28.15
Mauritania,MRT,2021-10-18,28.19
Mauritania,MRT,2021-10-29,33.72
Mauritania,MRT,2021-11-04,35.23
Mauritania,MRT,2021-11-08,36.4
Mauritania,MRT,2021-11-10,36.48
Mauritania,MRT,2021-11-11,36.71
Mauritania,MRT,2021-11-15,36.95
Mauritania,MRT,2021-11-18,37.16
Mauritania,MRT,2021-11-22,37.4
Mauritania,MRT,2021-11-24,37.57
Mauritania,MRT,2021-12-02,38.13
Mauritania,MRT,2021-12-06,38.63
Mauritania,MRT,2021-12-08,38.91
Mauritania,MRT,2021-12-13,39.28
Mauritania,MRT,2021-12-15,39.33
Mauritania,MRT,2021-12-16,39.44
Mauritania,MRT,2021-12-17,39.53
Mauritania,MRT,2021-12-23,39.84
Mauritania,MRT,2021-12-26,39.94
Mauritania,MRT,2021-12-30,41.98
Mauritania,MRT,2022-04-06,45.9
Mauritania,MRT,2022-05-22,57.42
Mauritania,MRT,2022-05-29,61.52
Mauritania,MRT,2022-06-05,61.67
Mauritania,MRT,2022-06-19,61.76
Mauritania,MRT,2022-07-03,61.83
Mauritania,MRT,2022-07-17,61.83
Mauritius,MUS,2021-01-25,0
Mauritius,MUS,2021-02-01,0.02
Mauritius,MUS,2021-02-17,0.3
Mauritius,MUS,2021-03-24,9.03
Mauritius,MUS,2021-05-12,16.99
Mauritius,MUS,2021-05-31,30.86
Mauritius,MUS,2021-06-08,35.05
Mauritius,MUS,2021-06-20,46.1
Mauritius,MUS,2021-06-24,54.43
Mauritius,MUS,2021-07-12,69.41
Mauritius,MUS,2021-07-19,80.14
Mauritius,MUS,2021-07-24,84.34
Mauritius,MUS,2021-07-26,89.03
Mauritius,MUS,2021-08-03,95.29
Mauritius,MUS,2021-08-09,99.86
Mauritius,MUS,2021-08-19,109.82
Mauritius,MUS,2021-08-25,115.21
Mauritius,MUS,2021-09-01,120.48
Mauritius,MUS,2021-09-09,122.52
Mauritius,MUS,2021-09-15,125.17
Mauritius,MUS,2021-09-22,125.79
Mauritius,MUS,2021-09-30,127.46
Mauritius,MUS,2021-10-07,129.8
Mauritius,MUS,2021-10-14,131.94
Mauritius,MUS,2021-10-21,132.86
Mauritius,MUS,2021-10-28,134.73
Mauritius,MUS,2021-11-04,135.5
Mauritius,MUS,2021-11-10,135.83
Mauritius,MUS,2021-11-18,137.98
Mauritius,MUS,2021-11-19,140.69
Mauritius,MUS,2021-11-23,144.36
Mauritius,MUS,2021-12-17,155
Mauritius,MUS,2021-12-23,155.27
Mauritius,MUS,2021-12-28,156.82
Mauritius,MUS,2022-02-15,181.19
Mauritius,MUS,2022-05-29,196.21
Mauritius,MUS,2022-06-05,196.44
Mauritius,MUS,2022-06-19,196.68
Mauritius,MUS,2022-06-26,197.07
Mauritius,MUS,2022-07-10,197.4
Mauritius,MUS,2022-07-17,197.4
Mexico,MEX,2020-12-24,0
Mexico,MEX,2020-12-27,0.01
Mexico,MEX,2020-12-28,0.01
Mexico,MEX,2020-12-29,0.01
Mexico,MEX,2020-12-30,0.02
Mexico,MEX,2021-01-04,0.03
Mexico,MEX,2021-01-05,0.04
Mexico,MEX,2021-01-06,0.04
Mexico,MEX,2021-01-07,0.05
Mexico,MEX,2021-01-08,0.05
Mexico,MEX,2021-01-09,0.06
Mexico,MEX,2021-01-10,0.06
Mexico,MEX,2021-01-11,0.07
Mexico,MEX,2021-01-12,0.07
Mexico,MEX,2021-01-13,0.15
Mexico,MEX,2021-01-14,0.26
Mexico,MEX,2021-01-15,0.33
Mexico,MEX,2021-01-16,0.37
Mexico,MEX,2021-01-17,0.37
Mexico,MEX,2021-01-18,0.39
Mexico,MEX,2021-01-19,0.39
Mexico,MEX,2021-01-20,0.4
Mexico,MEX,2021-01-21,0.44
Mexico,MEX,2021-01-22,0.49
Mexico,MEX,2021-01-23,0.49
Mexico,MEX,2021-01-24,0.5
Mexico,MEX,2021-01-25,0.51
Mexico,MEX,2021-01-26,0.51
Mexico,MEX,2021-01-27,0.52
Mexico,MEX,2021-01-28,0.52
Mexico,MEX,2021-01-29,0.52
Mexico,MEX,2021-01-30,0.53
Mexico,MEX,2021-01-31,0.53
Mexico,MEX,2021-02-01,0.53
Mexico,MEX,2021-02-02,0.53
Mexico,MEX,2021-02-03,0.54
Mexico,MEX,2021-02-04,0.55
Mexico,MEX,2021-02-05,0.55
Mexico,MEX,2021-02-06,0.56
Mexico,MEX,2021-02-07,0.56
Mexico,MEX,2021-02-08,0.57
Mexico,MEX,2021-02-10,0.57
Mexico,MEX,2021-02-11,0.57
Mexico,MEX,2021-02-12,0.57
Mexico,MEX,2021-02-13,0.57
Mexico,MEX,2021-02-15,0.59
Mexico,MEX,2021-02-16,0.72
Mexico,MEX,2021-02-17,0.84
Mexico,MEX,2021-02-18,1.04
Mexico,MEX,2021-02-19,1.24
Mexico,MEX,2021-02-20,1.31
Mexico,MEX,2021-02-21,1.33
Mexico,MEX,2021-02-22,1.37
Mexico,MEX,2021-02-23,1.42
Mexico,MEX,2021-02-24,1.5
Mexico,MEX,2021-02-25,1.65
Mexico,MEX,2021-02-26,1.79
Mexico,MEX,2021-02-27,1.88
Mexico,MEX,2021-02-28,1.94
Mexico,MEX,2021-03-01,1.99
Mexico,MEX,2021-03-02,2.04
Mexico,MEX,2021-03-03,2.08
Mexico,MEX,2021-03-04,2.11
Mexico,MEX,2021-03-05,2.16
Mexico,MEX,2021-03-06,2.18
Mexico,MEX,2021-03-07,2.2
Mexico,MEX,2021-03-08,2.25
Mexico,MEX,2021-03-09,2.45
Mexico,MEX,2021-03-10,2.75
Mexico,MEX,2021-03-11,3
Mexico,MEX,2021-03-12,3.16
Mexico,MEX,2021-03-13,3.33
Mexico,MEX,2021-03-14,3.43
Mexico,MEX,2021-03-15,3.48
Mexico,MEX,2021-03-16,3.58
Mexico,MEX,2021-03-17,3.74
Mexico,MEX,2021-03-18,3.9
Mexico,MEX,2021-03-19,4.09
Mexico,MEX,2021-03-20,4.31
Mexico,MEX,2021-03-21,4.43
Mexico,MEX,2021-03-22,4.56
Mexico,MEX,2021-03-23,4.68
Mexico,MEX,2021-03-24,4.83
Mexico,MEX,2021-03-25,4.93
Mexico,MEX,2021-03-26,5.12
Mexico,MEX,2021-03-27,5.31
Mexico,MEX,2021-03-28,5.41
Mexico,MEX,2021-03-29,5.54
Mexico,MEX,2021-03-30,5.84
Mexico,MEX,2021-03-31,6.2
Mexico,MEX,2021-04-02,6.82
Mexico,MEX,2021-04-03,7.09
Mexico,MEX,2021-04-04,7.13
Mexico,MEX,2021-04-05,7.33
Mexico,MEX,2021-04-06,7.64
Mexico,MEX,2021-04-07,7.96
Mexico,MEX,2021-04-08,8.4
Mexico,MEX,2021-04-09,8.67
Mexico,MEX,2021-04-10,8.84
Mexico,MEX,2021-04-11,8.99
Mexico,MEX,2021-04-12,9.24
Mexico,MEX,2021-04-13,9.79
Mexico,MEX,2021-04-14,10.19
Mexico,MEX,2021-04-15,10.59
Mexico,MEX,2021-04-16,11.03
Mexico,MEX,2021-04-17,11.24
Mexico,MEX,2021-04-18,11.34
Mexico,MEX,2021-04-19,11.5
Mexico,MEX,2021-04-20,11.84
Mexico,MEX,2021-04-21,12.22
Mexico,MEX,2021-04-22,12.53
Mexico,MEX,2021-04-23,12.8
Mexico,MEX,2021-04-24,12.95
Mexico,MEX,2021-04-25,13.02
Mexico,MEX,2021-04-26,13.17
Mexico,MEX,2021-04-28,13.7
Mexico,MEX,2021-04-29,13.98
Mexico,MEX,2021-04-30,14.27
Mexico,MEX,2021-05-01,14.46
Mexico,MEX,2021-05-02,14.58
Mexico,MEX,2021-05-03,14.86
Mexico,MEX,2021-05-04,15.26
Mexico,MEX,2021-05-05,15.75
Mexico,MEX,2021-05-06,16.21
Mexico,MEX,2021-05-07,16.58
Mexico,MEX,2021-05-08,16.75
Mexico,MEX,2021-05-09,16.81
Mexico,MEX,2021-05-11,17.04
Mexico,MEX,2021-05-12,17.35
Mexico,MEX,2021-05-13,17.69
Mexico,MEX,2021-05-16,18.29
Mexico,MEX,2021-05-17,18.39
Mexico,MEX,2021-05-19,19.12
Mexico,MEX,2021-05-20,19.72
Mexico,MEX,2021-05-21,20.23
Mexico,MEX,2021-05-22,20.64
Mexico,MEX,2021-05-23,20.9
Mexico,MEX,2021-05-24,21.04
Mexico,MEX,2021-05-25,21.27
Mexico,MEX,2021-05-26,21.87
Mexico,MEX,2021-05-28,23.08
Mexico,MEX,2021-05-29,23.57
Mexico,MEX,2021-05-30,23.91
Mexico,MEX,2021-05-31,24.05
Mexico,MEX,2021-06-01,24.46
Mexico,MEX,2021-06-02,25.11
Mexico,MEX,2021-06-03,25.95
Mexico,MEX,2021-06-04,26.66
Mexico,MEX,2021-06-05,27.2
Mexico,MEX,2021-06-07,27.35
Mexico,MEX,2021-06-08,27.75
Mexico,MEX,2021-06-09,28.54
Mexico,MEX,2021-06-10,28.75
Mexico,MEX,2021-06-11,29.19
Mexico,MEX,2021-06-12,29.43
Mexico,MEX,2021-06-13,29.61
Mexico,MEX,2021-06-14,29.84
Mexico,MEX,2021-06-15,30.19
Mexico,MEX,2021-06-16,30.49
Mexico,MEX,2021-06-17,30.9
Mexico,MEX,2021-06-18,31.27
Mexico,MEX,2021-06-19,31.59
Mexico,MEX,2021-06-20,31.75
Mexico,MEX,2021-06-21,32.12
Mexico,MEX,2021-06-22,32.65
Mexico,MEX,2021-06-23,33.27
Mexico,MEX,2021-06-24,33.77
Mexico,MEX,2021-06-25,34.23
Mexico,MEX,2021-06-26,34.53
Mexico,MEX,2021-06-27,34.66
Mexico,MEX,2021-06-28,35.03
Mexico,MEX,2021-06-29,35.6
Mexico,MEX,2021-06-30,36.22
Mexico,MEX,2021-07-01,36.66
Mexico,MEX,2021-07-02,37.05
Mexico,MEX,2021-07-04,37.25
Mexico,MEX,2021-07-05,37.68
Mexico,MEX,2021-07-06,38.28
Mexico,MEX,2021-07-07,38.83
Mexico,MEX,2021-07-08,39.35
Mexico,MEX,2021-07-09,39.75
Mexico,MEX,2021-07-10,40.01
Mexico,MEX,2021-07-11,40.11
Mexico,MEX,2021-07-12,40.51
Mexico,MEX,2021-07-13,41.03
Mexico,MEX,2021-07-14,41.6
Mexico,MEX,2021-07-15,42.1
Mexico,MEX,2021-07-16,42.55
Mexico,MEX,2021-07-17,42.84
Mexico,MEX,2021-07-18,43.05
Mexico,MEX,2021-07-20,43.49
Mexico,MEX,2021-07-21,44.13
Mexico,MEX,2021-07-22,44.89
Mexico,MEX,2021-07-23,45.97
Mexico,MEX,2021-07-24,47.02
Mexico,MEX,2021-07-25,47.79
Mexico,MEX,2021-07-26,48.05
Mexico,MEX,2021-07-27,48.82
Mexico,MEX,2021-07-28,49.97
Mexico,MEX,2021-07-29,50.9
Mexico,MEX,2021-07-30,51.8
Mexico,MEX,2021-07-31,52.65
Mexico,MEX,2021-08-01,53.16
Mexico,MEX,2021-08-02,53.35
Mexico,MEX,2021-08-03,53.74
Mexico,MEX,2021-08-04,54.32
Mexico,MEX,2021-08-05,55.1
Mexico,MEX,2021-08-06,55.88
Mexico,MEX,2021-08-08,56.55
Mexico,MEX,2021-08-09,56.93
Mexico,MEX,2021-08-10,57.21
Mexico,MEX,2021-08-11,57.6
Mexico,MEX,2021-08-12,58.22
Mexico,MEX,2021-08-13,59.04
Mexico,MEX,2021-08-14,59.81
Mexico,MEX,2021-08-15,60.45
Mexico,MEX,2021-08-16,60.95
Mexico,MEX,2021-08-17,61.22
Mexico,MEX,2021-08-18,62.16
Mexico,MEX,2021-08-19,62.66
Mexico,MEX,2021-08-20,63.09
Mexico,MEX,2021-08-21,63.46
Mexico,MEX,2021-08-22,63.68
Mexico,MEX,2021-08-23,63.84
Mexico,MEX,2021-08-24,64.14
Mexico,MEX,2021-08-25,64.66
Mexico,MEX,2021-08-26,65.25
Mexico,MEX,2021-08-27,65.85
Mexico,MEX,2021-08-28,66.32
Mexico,MEX,2021-08-29,66.6
Mexico,MEX,2021-08-30,66.73
Mexico,MEX,2021-08-31,67.04
Mexico,MEX,2021-09-01,67.38
Mexico,MEX,2021-09-02,67.75
Mexico,MEX,2021-09-04,68.5
Mexico,MEX,2021-09-05,68.67
Mexico,MEX,2021-09-06,68.84
Mexico,MEX,2021-09-07,69.26
Mexico,MEX,2021-09-09,69.92
Mexico,MEX,2021-09-10,71.32
Mexico,MEX,2021-09-11,71.96
Mexico,MEX,2021-09-12,72.39
Mexico,MEX,2021-09-13,72.67
Mexico,MEX,2021-09-14,73.2
Mexico,MEX,2021-09-15,73.86
Mexico,MEX,2021-09-16,74.3
Mexico,MEX,2021-09-17,74.43
Mexico,MEX,2021-09-18,74.87
Mexico,MEX,2021-09-19,75.19
Mexico,MEX,2021-09-20,75.48
Mexico,MEX,2021-09-21,75.83
Mexico,MEX,2021-09-22,76.39
Mexico,MEX,2021-09-23,76.97
Mexico,MEX,2021-09-24,77.57
Mexico,MEX,2021-09-25,78.05
Mexico,MEX,2021-09-26,78.28
Mexico,MEX,2021-09-27,78.42
Mexico,MEX,2021-09-28,78.82
Mexico,MEX,2021-09-29,79.33
Mexico,MEX,2021-09-30,79.86
Mexico,MEX,2021-10-02,80.33
Mexico,MEX,2021-10-04,81.01
Mexico,MEX,2021-10-06,82.52
Mexico,MEX,2021-10-07,83.12
Mexico,MEX,2021-10-08,83.75
Mexico,MEX,2021-10-09,84.24
Mexico,MEX,2021-10-10,84.57
Mexico,MEX,2021-10-11,84.75
Mexico,MEX,2021-10-12,85.18
Mexico,MEX,2021-10-14,85.98
Mexico,MEX,2021-10-17,87.27
Mexico,MEX,2021-10-18,88.55
Mexico,MEX,2021-10-19,88.87
Mexico,MEX,2021-10-20,89.18
Mexico,MEX,2021-10-21,89.56
Mexico,MEX,2021-10-22,89.94
Mexico,MEX,2021-10-23,90.41
Mexico,MEX,2021-10-24,90.91
Mexico,MEX,2021-10-25,91.25
Mexico,MEX,2021-10-26,92.53
Mexico,MEX,2021-10-29,93.8
Mexico,MEX,2021-10-30,99.52
Mexico,MEX,2021-10-31,99.71
Mexico,MEX,2021-11-01,99.78
Mexico,MEX,2021-11-03,99.86
Mexico,MEX,2021-11-04,100.14
Mexico,MEX,2021-11-07,101.21
Mexico,MEX,2021-11-08,101.3
Mexico,MEX,2021-11-10,101.76
Mexico,MEX,2021-11-11,101.97
Mexico,MEX,2021-11-14,102.45
Mexico,MEX,2021-11-15,102.49
Mexico,MEX,2021-11-16,102.5
Mexico,MEX,2021-11-17,102.6
Mexico,MEX,2021-11-18,102.79
Mexico,MEX,2021-11-20,103.22
Mexico,MEX,2021-11-21,103.37
Mexico,MEX,2021-11-22,103.45
Mexico,MEX,2021-11-24,103.69
Mexico,MEX,2021-11-25,103.86
Mexico,MEX,2021-11-27,104.26
Mexico,MEX,2021-11-28,104.42
Mexico,MEX,2021-11-29,104.51
Mexico,MEX,2021-11-30,104.68
Mexico,MEX,2021-12-01,104.84
Mexico,MEX,2021-12-02,105.17
Mexico,MEX,2021-12-05,106.05
Mexico,MEX,2021-12-08,106.56
Mexico,MEX,2021-12-09,106.93
Mexico,MEX,2021-12-11,107.99
Mexico,MEX,2021-12-12,108.26
Mexico,MEX,2021-12-13,108.41
Mexico,MEX,2021-12-15,109.59
Mexico,MEX,2021-12-16,110.35
Mexico,MEX,2021-12-19,111.85
Mexico,MEX,2021-12-20,117.18
Mexico,MEX,2021-12-24,117.21
Mexico,MEX,2021-12-28,117.35
Mexico,MEX,2021-12-30,117.45
Mexico,MEX,2022-01-01,117.55
Mexico,MEX,2022-01-02,117.55
Mexico,MEX,2022-01-03,117.55
Mexico,MEX,2022-01-04,117.9
Mexico,MEX,2022-01-05,118.05
Mexico,MEX,2022-01-06,118.53
Mexico,MEX,2022-01-08,119.54
Mexico,MEX,2022-01-09,119.92
Mexico,MEX,2022-01-10,120
Mexico,MEX,2022-01-11,120.21
Mexico,MEX,2022-01-13,121.28
Mexico,MEX,2022-01-14,122.02
Mexico,MEX,2022-01-15,122.66
Mexico,MEX,2022-01-16,123.03
Mexico,MEX,2022-01-18,123.45
Mexico,MEX,2022-01-19,124.02
Mexico,MEX,2022-01-20,124.6
Mexico,MEX,2022-01-21,125.22
Mexico,MEX,2022-01-23,126.66
Mexico,MEX,2022-01-24,126.92
Mexico,MEX,2022-01-25,127.44
Mexico,MEX,2022-01-26,127.85
Mexico,MEX,2022-01-27,130.1
Mexico,MEX,2022-01-30,130.65
Mexico,MEX,2022-01-31,130.82
Mexico,MEX,2022-02-01,131.09
Mexico,MEX,2022-02-02,131.62
Mexico,MEX,2022-02-03,132.34
Mexico,MEX,2022-02-04,133.01
Mexico,MEX,2022-02-06,133.88
Mexico,MEX,2022-02-07,133.92
Mexico,MEX,2022-02-08,134.02
Mexico,MEX,2022-02-09,134.33
Mexico,MEX,2022-02-10,134.73
Mexico,MEX,2022-02-11,135.32
Mexico,MEX,2022-02-12,135.78
Mexico,MEX,2022-02-13,136.13
Mexico,MEX,2022-02-14,136.28
Mexico,MEX,2022-02-15,136.57
Mexico,MEX,2022-02-16,137.19
Mexico,MEX,2022-02-17,138.09
Mexico,MEX,2022-02-18,139.05
Mexico,MEX,2022-02-20,140.42
Mexico,MEX,2022-02-21,140.59
Mexico,MEX,2022-02-23,141.49
Mexico,MEX,2022-02-24,142.11
Mexico,MEX,2022-02-27,143.35
Mexico,MEX,2022-02-28,143.6
Mexico,MEX,2022-03-01,143.79
Mexico,MEX,2022-03-02,144.01
Mexico,MEX,2022-03-03,144.25
Mexico,MEX,2022-03-04,144.46
Mexico,MEX,2022-03-06,144.83
Mexico,MEX,2022-03-08,145.15
Mexico,MEX,2022-03-09,145.43
Mexico,MEX,2022-03-10,145.86
Mexico,MEX,2022-03-12,146.91
Mexico,MEX,2022-03-14,147.22
Mexico,MEX,2022-03-15,147.43
Mexico,MEX,2022-03-16,147.73
Mexico,MEX,2022-03-17,148.1
Mexico,MEX,2022-03-18,148.5
Mexico,MEX,2022-03-20,148.98
Mexico,MEX,2022-03-21,149.05
Mexico,MEX,2022-03-22,149.07
Mexico,MEX,2022-03-23,149.23
Mexico,MEX,2022-03-25,149.8
Mexico,MEX,2022-03-26,150.11
Mexico,MEX,2022-03-27,150.22
Mexico,MEX,2022-03-28,150.3
Mexico,MEX,2022-03-29,151.46
Mexico,MEX,2022-04-13,153.54
Mexico,MEX,2022-04-17,154.32
Mexico,MEX,2022-04-20,155.04
Mexico,MEX,2022-04-21,155.48
Mexico,MEX,2022-04-22,155.87
Mexico,MEX,2022-04-24,156.55
Mexico,MEX,2022-04-25,156.67
Mexico,MEX,2022-05-06,159.32
Mexico,MEX,2022-05-13,162.29
Mexico,MEX,2022-05-16,163.33
Mexico,MEX,2022-05-20,163.33
Mexico,MEX,2022-06-03,164.66
Mexico,MEX,2022-06-10,164.76
Mexico,MEX,2022-06-17,164.97
Mexico,MEX,2022-06-24,165.09
Mexico,MEX,2022-07-08,165.48
Mexico,MEX,2022-07-22,165.48
Moldova,MDA,2021-03-05,0.13
Moldova,MDA,2021-03-10,0.21
Moldova,MDA,2021-03-11,0.27
Moldova,MDA,2021-03-12,0.31
Moldova,MDA,2021-03-13,0.37
Moldova,MDA,2021-03-15,0.42
Moldova,MDA,2021-03-16,0.48
Moldova,MDA,2021-03-17,0.53
Moldova,MDA,2021-03-19,0.61
Moldova,MDA,2021-03-21,0.67
Moldova,MDA,2021-03-23,0.69
Moldova,MDA,2021-03-24,0.77
Moldova,MDA,2021-03-25,0.9
Moldova,MDA,2021-03-26,1
Moldova,MDA,2021-03-27,1.11
Moldova,MDA,2021-03-31,1.32
Moldova,MDA,2021-04-01,1.38
Moldova,MDA,2021-04-04,1.55
Moldova,MDA,2021-04-06,1.68
Moldova,MDA,2021-04-07,1.79
Moldova,MDA,2021-04-09,1.88
Moldova,MDA,2021-04-11,2.1
Moldova,MDA,2021-04-12,2.19
Moldova,MDA,2021-04-13,2.34
Moldova,MDA,2021-04-14,2.57
Moldova,MDA,2021-04-15,2.81
Moldova,MDA,2021-04-16,3
Moldova,MDA,2021-04-18,3.05
Moldova,MDA,2021-04-19,3.15
Moldova,MDA,2021-04-20,3.25
Moldova,MDA,2021-04-22,3.59
Moldova,MDA,2021-04-23,3.93
Moldova,MDA,2021-04-26,4.07
Moldova,MDA,2021-04-27,4.33
Moldova,MDA,2021-04-28,4.56
Moldova,MDA,2021-04-29,4.74
Moldova,MDA,2021-04-30,4.81
Moldova,MDA,2021-05-04,4.91
Moldova,MDA,2021-05-05,5.24
Moldova,MDA,2021-05-06,5.61
Moldova,MDA,2021-05-07,5.97
Moldova,MDA,2021-05-08,6.03
Moldova,MDA,2021-05-10,6.05
Moldova,MDA,2021-05-11,6.3
Moldova,MDA,2021-05-12,6.63
Moldova,MDA,2021-05-13,7.08
Moldova,MDA,2021-05-14,7.48
Moldova,MDA,2021-05-15,7.63
Moldova,MDA,2021-05-17,7.94
Moldova,MDA,2021-05-18,8.27
Moldova,MDA,2021-05-19,8.64
Moldova,MDA,2021-05-20,9
Moldova,MDA,2021-05-21,9.41
Moldova,MDA,2021-05-22,9.63
Moldova,MDA,2021-05-23,9.75
Moldova,MDA,2021-05-24,10.02
Moldova,MDA,2021-05-25,11.49
Moldova,MDA,2021-05-27,12.31
Moldova,MDA,2021-05-28,13.02
Moldova,MDA,2021-05-29,13.29
Moldova,MDA,2021-05-31,13.61
Moldova,MDA,2021-06-01,13.92
Moldova,MDA,2021-06-02,14.34
Moldova,MDA,2021-06-03,15.19
Moldova,MDA,2021-06-05,15.34
Moldova,MDA,2021-06-06,15.38
Moldova,MDA,2021-06-07,15.68
Moldova,MDA,2021-06-09,16.39
Moldova,MDA,2021-06-10,16.73
Moldova,MDA,2021-06-11,17.08
Moldova,MDA,2021-06-12,17.26
Moldova,MDA,2021-06-13,17.32
Moldova,MDA,2021-06-14,17.6
Moldova,MDA,2021-06-15,18.18
Moldova,MDA,2021-06-16,18.87
Moldova,MDA,2021-06-17,19.52
Moldova,MDA,2021-06-18,20.04
Moldova,MDA,2021-06-19,20.19
Moldova,MDA,2021-06-20,20.62
Moldova,MDA,2021-06-21,20.99
Moldova,MDA,2021-06-23,21.41
Moldova,MDA,2021-06-24,21.81
Moldova,MDA,2021-06-25,22.22
Moldova,MDA,2021-06-26,22.48
Moldova,MDA,2021-06-28,22.76
Moldova,MDA,2021-06-29,23.09
Moldova,MDA,2021-06-30,23.75
Moldova,MDA,2021-07-02,24.04
Moldova,MDA,2021-07-03,24.15
Moldova,MDA,2021-07-04,24.18
Moldova,MDA,2021-07-05,24.38
Moldova,MDA,2021-07-06,24.67
Moldova,MDA,2021-07-07,24.95
Moldova,MDA,2021-07-08,25.29
Moldova,MDA,2021-07-09,25.63
Moldova,MDA,2021-07-10,25.7
Moldova,MDA,2021-07-11,25.91
Moldova,MDA,2021-07-12,26.23
Moldova,MDA,2021-07-13,26.58
Moldova,MDA,2021-07-14,26.94
Moldova,MDA,2021-07-15,27.71
Moldova,MDA,2021-07-17,28.16
Moldova,MDA,2021-07-19,29.15
Moldova,MDA,2021-07-21,29.75
Moldova,MDA,2021-07-22,30.75
Moldova,MDA,2021-07-24,31.09
Moldova,MDA,2021-07-25,31.22
Moldova,MDA,2021-07-26,31.81
Moldova,MDA,2021-07-27,32.43
Moldova,MDA,2021-07-28,32.95
Moldova,MDA,2021-07-29,33.39
Moldova,MDA,2021-07-30,33.79
Moldova,MDA,2021-07-31,34.06
Moldova,MDA,2021-08-01,34.12
Moldova,MDA,2021-08-02,34.33
Moldova,MDA,2021-08-03,34.96
Moldova,MDA,2021-08-06,35.6
Moldova,MDA,2021-09-23,44.94
Moldova,MDA,2021-09-24,45.12
Moldova,MDA,2021-09-26,45.2
Moldova,MDA,2021-09-27,45.36
Moldova,MDA,2021-09-28,45.49
Moldova,MDA,2021-09-30,45.78
Moldova,MDA,2021-10-01,45.93
Moldova,MDA,2021-10-02,46
Moldova,MDA,2021-10-03,46.03
Moldova,MDA,2021-10-04,46.13
Moldova,MDA,2021-10-06,46.43
Moldova,MDA,2021-10-07,46.61
Moldova,MDA,2021-10-08,46.74
Moldova,MDA,2021-10-09,46.84
Moldova,MDA,2021-10-10,46.94
Moldova,MDA,2021-10-12,47.1
Moldova,MDA,2021-10-13,47.23
Moldova,MDA,2021-10-14,47.35
Moldova,MDA,2021-10-15,47.5
Moldova,MDA,2021-10-16,47.57
Moldova,MDA,2021-10-17,47.61
Moldova,MDA,2021-10-18,47.77
Moldova,MDA,2021-10-19,48.11
Moldova,MDA,2021-10-22,48.46
Moldova,MDA,2021-10-23,48.54
Moldova,MDA,2021-10-24,48.58
Moldova,MDA,2021-10-26,48.91
Moldova,MDA,2021-10-27,49.09
Moldova,MDA,2021-10-28,49.28
Moldova,MDA,2021-10-30,49.59
Moldova,MDA,2021-10-31,49.67
Moldova,MDA,2021-11-01,49.84
Moldova,MDA,2021-11-02,49.98
Moldova,MDA,2021-11-03,50.12
Moldova,MDA,2021-11-04,50.27
Moldova,MDA,2021-11-05,50.41
Moldova,MDA,2021-11-06,50.47
Moldova,MDA,2021-11-07,50.5
Moldova,MDA,2021-11-08,50.59
Moldova,MDA,2021-11-10,50.86
Moldova,MDA,2021-11-13,51.18
Moldova,MDA,2021-11-14,51.22
Moldova,MDA,2021-11-15,51.33
Moldova,MDA,2021-11-16,51.47
Moldova,MDA,2021-11-17,51.61
Moldova,MDA,2021-11-18,51.74
Moldova,MDA,2021-11-19,51.88
Moldova,MDA,2021-11-20,51.94
Moldova,MDA,2021-11-21,51.96
Moldova,MDA,2021-11-22,52.09
Moldova,MDA,2021-11-24,52.36
Moldova,MDA,2021-11-25,52.5
Moldova,MDA,2021-11-28,52.73
Moldova,MDA,2021-11-29,52.89
Moldova,MDA,2021-11-30,53.09
Moldova,MDA,2021-12-02,53.43
Moldova,MDA,2021-12-03,53.61
Moldova,MDA,2021-12-04,53.71
Moldova,MDA,2021-12-06,53.9
Moldova,MDA,2021-12-07,54.11
Moldova,MDA,2021-12-08,54.35
Moldova,MDA,2021-12-10,54.75
Moldova,MDA,2021-12-11,54.9
Moldova,MDA,2021-12-12,54.93
Moldova,MDA,2021-12-13,55.28
Moldova,MDA,2021-12-15,55.48
Moldova,MDA,2021-12-17,55.96
Moldova,MDA,2021-12-19,56.06
Moldova,MDA,2021-12-20,56.22
Moldova,MDA,2021-12-21,56.44
Moldova,MDA,2021-12-22,56.59
Moldova,MDA,2021-12-23,56.88
Moldova,MDA,2021-12-25,57.18
Moldova,MDA,2021-12-26,57.21
Moldova,MDA,2021-12-27,57.41
Moldova,MDA,2021-12-28,57.83
Moldova,MDA,2021-12-30,57.98
Moldova,MDA,2021-12-31,58.03
Moldova,MDA,2022-01-01,58.03
Moldova,MDA,2022-01-02,58.04
Moldova,MDA,2022-01-03,58.13
Moldova,MDA,2022-01-04,58.29
Moldova,MDA,2022-01-05,58.5
Moldova,MDA,2022-01-06,58.65
Moldova,MDA,2022-01-07,58.66
Moldova,MDA,2022-01-08,58.7
Moldova,MDA,2022-01-09,58.77
Moldova,MDA,2022-01-10,58.92
Moldova,MDA,2022-01-11,59.18
Moldova,MDA,2022-01-12,59.72
Moldova,MDA,2022-01-14,59.99
Moldova,MDA,2022-01-15,60.07
Moldova,MDA,2022-01-16,60.09
Moldova,MDA,2022-01-17,60.32
Moldova,MDA,2022-01-18,60.6
Moldova,MDA,2022-01-19,60.85
Moldova,MDA,2022-01-20,61.13
Moldova,MDA,2022-01-21,61.54
Moldova,MDA,2022-01-23,61.57
Moldova,MDA,2022-01-24,61.8
Moldova,MDA,2022-01-25,62.07
Moldova,MDA,2022-01-26,62.31
Moldova,MDA,2022-01-27,62.56
Moldova,MDA,2022-01-28,62.82
Moldova,MDA,2022-01-29,62.9
Moldova,MDA,2022-01-30,62.91
Moldova,MDA,2022-01-31,63.1
Moldova,MDA,2022-02-01,63.31
Moldova,MDA,2022-02-02,63.55
Moldova,MDA,2022-02-03,63.79
Moldova,MDA,2022-02-05,64.13
Moldova,MDA,2022-02-07,64.15
Moldova,MDA,2022-02-08,64.53
Moldova,MDA,2022-02-10,64.98
Moldova,MDA,2022-02-12,65.23
Moldova,MDA,2022-02-13,65.3
Moldova,MDA,2022-02-14,65.5
Moldova,MDA,2022-02-16,65.92
Moldova,MDA,2022-02-18,66.1
Moldova,MDA,2022-02-19,66.35
Moldova,MDA,2022-02-21,66.58
Moldova,MDA,2022-02-22,66.75
Moldova,MDA,2022-02-24,67.09
Moldova,MDA,2022-02-26,67.27
Moldova,MDA,2022-02-27,67.34
Moldova,MDA,2022-02-28,67.52
Moldova,MDA,2022-03-01,67.64
Moldova,MDA,2022-03-02,67.76
Moldova,MDA,2022-03-03,67.89
Moldova,MDA,2022-03-04,68.02
Moldova,MDA,2022-03-07,68.16
Moldova,MDA,2022-03-08,68.17
Moldova,MDA,2022-03-09,68.28
Moldova,MDA,2022-03-10,68.4
Moldova,MDA,2022-03-14,68.7
Moldova,MDA,2022-03-15,68.83
Moldova,MDA,2022-03-17,68.94
Moldova,MDA,2022-03-18,68.99
Moldova,MDA,2022-03-19,69
Moldova,MDA,2022-03-20,69
Moldova,MDA,2022-03-21,69.05
Moldova,MDA,2022-03-22,69.1
Moldova,MDA,2022-03-23,69.15
Moldova,MDA,2022-03-24,69.21
Moldova,MDA,2022-03-25,69.26
Moldova,MDA,2022-03-26,69.28
Moldova,MDA,2022-03-27,69.28
Moldova,MDA,2022-03-29,69.37
Moldova,MDA,2022-03-30,69.42
Moldova,MDA,2022-04-05,69.57
Moldova,MDA,2022-04-06,69.61
Moldova,MDA,2022-04-09,69.69
Moldova,MDA,2022-04-10,69.69
Moldova,MDA,2022-04-11,69.72
Moldova,MDA,2022-04-13,69.78
Moldova,MDA,2022-04-14,69.82
Moldova,MDA,2022-04-17,69.87
Moldova,MDA,2022-04-19,69.91
Moldova,MDA,2022-04-20,69.94
Moldova,MDA,2022-04-21,69.97
Moldova,MDA,2022-04-22,70.01
Moldova,MDA,2022-04-27,70.03
Moldova,MDA,2022-05-03,70.17
Moldova,MDA,2022-06-02,70.74
Monaco,MCO,2020-12-30,0
Monaco,MCO,2021-01-18,6.54
Monaco,MCO,2021-03-04,42.56
Monaco,MCO,2021-03-19,49.29
Monaco,MCO,2021-04-02,55.91
Monaco,MCO,2021-04-15,62.57
Monaco,MCO,2021-04-22,66.48
Monaco,MCO,2021-04-29,68.43
Monaco,MCO,2021-05-06,70.7
Monaco,MCO,2021-05-18,78.13
Monaco,MCO,2021-05-27,81.85
Monaco,MCO,2021-06-03,86.61
Monaco,MCO,2021-06-10,92.58
Monaco,MCO,2021-06-24,99.79
Monaco,MCO,2021-07-01,103.23
Monaco,MCO,2021-07-08,105.9
Monaco,MCO,2021-07-15,108.46
Monaco,MCO,2021-07-22,110.75
Monaco,MCO,2021-07-30,116.68
Monaco,MCO,2021-08-05,120.1
Monaco,MCO,2021-08-19,126.25
Monaco,MCO,2021-08-26,130.52
Monaco,MCO,2021-09-02,132.72
Monaco,MCO,2021-09-09,134.28
Monaco,MCO,2021-09-16,136.24
Monaco,MCO,2021-12-21,177.56
Mongolia,MNG,2021-02-22,0
Mongolia,MNG,2021-02-25,0.09
Mongolia,MNG,2021-02-26,0.15
Mongolia,MNG,2021-02-27,0.2
Mongolia,MNG,2021-03-02,0.28
Mongolia,MNG,2021-03-04,0.39
Mongolia,MNG,2021-03-09,0.63
Mongolia,MNG,2021-03-10,0.91
Mongolia,MNG,2021-03-11,1.44
Mongolia,MNG,2021-03-12,2.02
Mongolia,MNG,2021-03-13,2.51
Mongolia,MNG,2021-03-14,2.99
Mongolia,MNG,2021-03-15,3.53
Mongolia,MNG,2021-03-16,3.78
Mongolia,MNG,2021-03-17,4.17
Mongolia,MNG,2021-03-18,5.12
Mongolia,MNG,2021-03-19,5.67
Mongolia,MNG,2021-03-20,6.1
Mongolia,MNG,2021-03-21,6.25
Mongolia,MNG,2021-03-23,6.67
Mongolia,MNG,2021-03-24,7.68
Mongolia,MNG,2021-03-27,8.25
Mongolia,MNG,2021-03-29,8.34
Mongolia,MNG,2021-03-30,8.67
Mongolia,MNG,2021-03-31,8.97
Mongolia,MNG,2021-04-01,9.3
Mongolia,MNG,2021-04-02,9.67
Mongolia,MNG,2021-04-03,10.06
Mongolia,MNG,2021-04-04,11.24
Mongolia,MNG,2021-04-05,12.38
Mongolia,MNG,2021-04-06,13.95
Mongolia,MNG,2021-04-08,17.02
Mongolia,MNG,2021-04-09,17.9
Mongolia,MNG,2021-04-22,20.04
Mongolia,MNG,2021-04-27,30.08
Mongolia,MNG,2021-04-28,32.28
Mongolia,MNG,2021-04-29,34.01
Mongolia,MNG,2021-04-30,36.1
Mongolia,MNG,2021-05-01,38.73
Mongolia,MNG,2021-05-02,41.78
Mongolia,MNG,2021-05-03,45.78
Mongolia,MNG,2021-05-04,49.63
Mongolia,MNG,2021-05-05,52.47
Mongolia,MNG,2021-05-06,58.14
Mongolia,MNG,2021-05-07,62.34
Mongolia,MNG,2021-05-08,64.36
Mongolia,MNG,2021-05-09,66.11
Mongolia,MNG,2021-05-10,67.84
Mongolia,MNG,2021-05-11,69
Mongolia,MNG,2021-05-12,70.11
Mongolia,MNG,2021-05-13,70.88
Mongolia,MNG,2021-05-14,71.63
Mongolia,MNG,2021-05-15,72.03
Mongolia,MNG,2021-05-16,72.36
Mongolia,MNG,2021-05-17,73.01
Mongolia,MNG,2021-05-18,73.74
Mongolia,MNG,2021-05-19,74.55
Mongolia,MNG,2021-05-20,75.36
Mongolia,MNG,2021-05-21,76.36
Mongolia,MNG,2021-05-22,77.09
Mongolia,MNG,2021-05-23,77.8
Mongolia,MNG,2021-05-24,79.58
Mongolia,MNG,2021-05-25,81.55
Mongolia,MNG,2021-05-26,83.28
Mongolia,MNG,2021-05-27,85.81
Mongolia,MNG,2021-05-28,90.43
Mongolia,MNG,2021-05-30,92.12
Mongolia,MNG,2021-05-31,94.54
Mongolia,MNG,2021-06-01,95.07
Mongolia,MNG,2021-06-02,96.6
Mongolia,MNG,2021-06-03,98.74
Mongolia,MNG,2021-06-04,100.31
Mongolia,MNG,2021-06-05,100.99
Mongolia,MNG,2021-06-06,101.49
Mongolia,MNG,2021-06-07,102.66
Mongolia,MNG,2021-06-08,103.98
Mongolia,MNG,2021-06-10,104.8
Mongolia,MNG,2021-06-11,105.4
Mongolia,MNG,2021-06-12,105.58
Mongolia,MNG,2021-06-13,105.69
Mongolia,MNG,2021-06-14,106.12
Mongolia,MNG,2021-06-15,106.51
Mongolia,MNG,2021-06-17,107.18
Mongolia,MNG,2021-06-18,107.52
Mongolia,MNG,2021-06-20,107.79
Mongolia,MNG,2021-06-22,108.53
Mongolia,MNG,2021-06-23,108.89
Mongolia,MNG,2021-06-25,109.69
Mongolia,MNG,2021-06-27,110.01
Mongolia,MNG,2021-06-28,111.12
Mongolia,MNG,2021-06-30,112.54
Mongolia,MNG,2021-07-01,113.16
Mongolia,MNG,2021-07-02,113.81
Mongolia,MNG,2021-07-04,114.33
Mongolia,MNG,2021-07-06,115.47
Mongolia,MNG,2021-07-07,115.88
Mongolia,MNG,2021-07-08,116.14
Mongolia,MNG,2021-07-10,116.49
Mongolia,MNG,2021-07-14,116.57
Mongolia,MNG,2021-07-15,116.88
Mongolia,MNG,2021-07-17,117.28
Mongolia,MNG,2021-07-18,117.42
Mongolia,MNG,2021-07-19,118.01
Mongolia,MNG,2021-07-20,118.66
Mongolia,MNG,2021-07-21,119.45
Mongolia,MNG,2021-07-22,120.22
Mongolia,MNG,2021-07-23,120.9
Mongolia,MNG,2021-07-25,121.53
Mongolia,MNG,2021-07-26,122.2
Mongolia,MNG,2021-07-27,122.8
Mongolia,MNG,2021-07-28,123.28
Mongolia,MNG,2021-07-30,124.1
Mongolia,MNG,2021-08-01,124.32
Mongolia,MNG,2021-08-02,124.61
Mongolia,MNG,2021-08-03,124.65
Mongolia,MNG,2021-08-04,125.02
Mongolia,MNG,2021-08-05,125.22
Mongolia,MNG,2021-08-06,125.41
Mongolia,MNG,2021-08-07,125.45
Mongolia,MNG,2021-08-08,125.48
Mongolia,MNG,2021-08-09,125.66
Mongolia,MNG,2021-08-10,125.8
Mongolia,MNG,2021-08-11,125.99
Mongolia,MNG,2021-08-12,126.19
Mongolia,MNG,2021-08-13,126.44
Mongolia,MNG,2021-08-14,126.52
Mongolia,MNG,2021-08-15,126.53
Mongolia,MNG,2021-08-16,126.67
Mongolia,MNG,2021-08-18,127.09
Mongolia,MNG,2021-08-19,127.28
Mongolia,MNG,2021-08-20,127.79
Mongolia,MNG,2021-08-21,127.87
Mongolia,MNG,2021-08-22,127.93
Mongolia,MNG,2021-08-23,128.2
Mongolia,MNG,2021-08-24,128.4
Mongolia,MNG,2021-08-25,128.62
Mongolia,MNG,2021-08-26,128.78
Mongolia,MNG,2021-08-28,129.05
Mongolia,MNG,2021-08-29,129.08
Mongolia,MNG,2021-08-30,129.28
Mongolia,MNG,2021-08-31,129.45
Mongolia,MNG,2021-09-01,129.56
Mongolia,MNG,2021-09-02,129.66
Mongolia,MNG,2021-09-03,129.76
Mongolia,MNG,2021-09-04,129.81
Mongolia,MNG,2021-09-05,129.83
Mongolia,MNG,2021-09-06,129.91
Mongolia,MNG,2021-09-07,130
Mongolia,MNG,2021-09-08,130.09
Mongolia,MNG,2021-09-09,130.12
Mongolia,MNG,2021-09-11,130.2
Mongolia,MNG,2021-09-13,130.31
Mongolia,MNG,2021-09-14,130.37
Mongolia,MNG,2021-09-15,130.42
Mongolia,MNG,2021-09-16,130.46
Mongolia,MNG,2021-09-17,130.52
Mongolia,MNG,2021-09-19,130.55
Mongolia,MNG,2021-09-20,130.59
Mongolia,MNG,2021-09-21,130.62
Mongolia,MNG,2021-09-22,130.66
Mongolia,MNG,2021-09-23,130.69
Mongolia,MNG,2021-09-24,130.72
Mongolia,MNG,2021-09-26,130.74
Mongolia,MNG,2021-09-27,130.78
Mongolia,MNG,2021-09-28,130.81
Mongolia,MNG,2021-09-29,130.84
Mongolia,MNG,2021-09-30,130.87
Mongolia,MNG,2021-10-01,130.89
Mongolia,MNG,2021-10-02,130.9
Mongolia,MNG,2021-10-03,130.91
Mongolia,MNG,2021-10-04,130.93
Mongolia,MNG,2021-10-05,130.96
Mongolia,MNG,2021-10-06,130.98
Mongolia,MNG,2021-10-07,130.99
Mongolia,MNG,2021-10-10,131.03
Mongolia,MNG,2021-10-11,131.04
Mongolia,MNG,2021-10-12,131.06
Mongolia,MNG,2021-10-13,131.08
Mongolia,MNG,2021-10-14,131.1
Mongolia,MNG,2021-10-15,131.12
Mongolia,MNG,2021-10-17,131.13
Mongolia,MNG,2021-10-18,131.14
Mongolia,MNG,2021-10-19,131.15
Mongolia,MNG,2021-10-20,131.17
Mongolia,MNG,2021-10-24,131.2
Mongolia,MNG,2021-10-26,131.23
Mongolia,MNG,2021-10-28,131.26
Mongolia,MNG,2021-10-31,131.29
Mongolia,MNG,2021-11-05,131.35
Mongolia,MNG,2021-11-06,131.35
Mongolia,MNG,2021-11-08,131.38
Mongolia,MNG,2021-11-10,131.42
Mongolia,MNG,2021-11-11,131.44
Mongolia,MNG,2021-11-12,131.49
Mongolia,MNG,2021-11-14,131.5
Mongolia,MNG,2021-11-15,131.52
Mongolia,MNG,2021-11-16,131.54
Mongolia,MNG,2021-11-18,131.58
Mongolia,MNG,2021-11-19,131.6
Mongolia,MNG,2021-11-21,131.61
Mongolia,MNG,2021-11-22,131.63
Mongolia,MNG,2021-11-23,131.65
Mongolia,MNG,2021-11-24,131.68
Mongolia,MNG,2021-11-25,131.7
Mongolia,MNG,2021-11-27,131.71
Mongolia,MNG,2021-11-28,131.72
Mongolia,MNG,2021-11-29,131.75
Mongolia,MNG,2021-12-01,131.8
Mongolia,MNG,2021-12-02,131.83
Mongolia,MNG,2021-12-03,131.85
Mongolia,MNG,2021-12-04,131.87
Mongolia,MNG,2021-12-05,131.88
Mongolia,MNG,2021-12-06,131.9
Mongolia,MNG,2021-12-08,131.95
Mongolia,MNG,2021-12-09,131.96
Mongolia,MNG,2021-12-11,131.99
Mongolia,MNG,2021-12-12,131.99
Mongolia,MNG,2021-12-13,132
Mongolia,MNG,2021-12-14,132.02
Mongolia,MNG,2021-12-15,156.73
Mongolia,MNG,2021-12-22,158.21
Mongolia,MNG,2021-12-23,158.43
Mongolia,MNG,2021-12-24,158.7
Mongolia,MNG,2021-12-25,158.97
Mongolia,MNG,2021-12-27,159.08
Mongolia,MNG,2021-12-28,159.27
Mongolia,MNG,2021-12-29,159.44
Mongolia,MNG,2021-12-31,159.53
Mongolia,MNG,2022-01-01,159.7
Mongolia,MNG,2022-01-02,159.75
Mongolia,MNG,2022-01-04,159.81
Mongolia,MNG,2022-01-05,159.91
Mongolia,MNG,2022-01-06,160.03
Mongolia,MNG,2022-01-07,160.18
Mongolia,MNG,2022-01-08,160.32
Mongolia,MNG,2022-01-09,160.38
Mongolia,MNG,2022-01-10,160.41
Mongolia,MNG,2022-01-11,160.55
Mongolia,MNG,2022-01-12,160.72
Mongolia,MNG,2022-01-13,160.93
Mongolia,MNG,2022-01-14,161
Mongolia,MNG,2022-01-16,161.39
Mongolia,MNG,2022-01-17,161.44
Mongolia,MNG,2022-01-18,161.65
Mongolia,MNG,2022-01-19,161.8
Mongolia,MNG,2022-01-20,161.93
Mongolia,MNG,2022-01-21,162.08
Mongolia,MNG,2022-01-22,162.22
Mongolia,MNG,2022-01-23,162.27
Mongolia,MNG,2022-01-24,162.29
Mongolia,MNG,2022-01-25,162.4
Mongolia,MNG,2022-01-26,162.48
Mongolia,MNG,2022-01-27,162.56
Mongolia,MNG,2022-01-28,162.62
Mongolia,MNG,2022-01-29,162.68
Mongolia,MNG,2022-01-30,162.7
Mongolia,MNG,2022-01-31,162.7
Mongolia,MNG,2022-02-01,162.74
Mongolia,MNG,2022-02-03,162.75
Mongolia,MNG,2022-02-09,162.84
Mongolia,MNG,2022-02-10,162.87
Mongolia,MNG,2022-02-11,162.92
Mongolia,MNG,2022-02-13,162.97
Mongolia,MNG,2022-02-14,162.98
Mongolia,MNG,2022-02-15,163.01
Mongolia,MNG,2022-02-16,163.03
Mongolia,MNG,2022-02-18,163.11
Mongolia,MNG,2022-02-20,163.14
Mongolia,MNG,2022-02-22,163.2
Mongolia,MNG,2022-02-24,163.27
Mongolia,MNG,2022-02-25,163.29
Mongolia,MNG,2022-02-26,163.32
Mongolia,MNG,2022-03-02,163.38
Mongolia,MNG,2022-03-03,163.4
Mongolia,MNG,2022-03-04,163.42
Mongolia,MNG,2022-03-07,163.43
Mongolia,MNG,2022-03-08,163.45
Mongolia,MNG,2022-03-10,163.47
Mongolia,MNG,2022-03-11,163.49
Mongolia,MNG,2022-03-12,163.5
Mongolia,MNG,2022-03-15,163.52
Mongolia,MNG,2022-03-16,163.54
Mongolia,MNG,2022-03-18,163.57
Mongolia,MNG,2022-03-20,163.58
Mongolia,MNG,2022-03-23,163.61
Mongolia,MNG,2022-03-24,163.62
Mongolia,MNG,2022-03-25,163.63
Mongolia,MNG,2022-03-26,163.64
Mongolia,MNG,2022-03-29,163.65
Mongolia,MNG,2022-04-01,163.69
Mongolia,MNG,2022-04-05,163.71
Mongolia,MNG,2022-04-06,163.72
Mongolia,MNG,2022-04-08,163.74
Mongolia,MNG,2022-04-10,163.74
Mongolia,MNG,2022-04-12,163.75
Mongolia,MNG,2022-04-13,163.76
Mongolia,MNG,2022-04-14,163.77
Mongolia,MNG,2022-04-18,163.79
Mongolia,MNG,2022-04-21,163.84
Mongolia,MNG,2022-04-22,163.87
Mongolia,MNG,2022-04-28,163.92
Mongolia,MNG,2022-04-29,163.95
Mongolia,MNG,2022-05-05,164.01
Mongolia,MNG,2022-05-11,164.05
Mongolia,MNG,2022-05-18,164.08
Montenegro,MNE,2021-02-20,0
Montenegro,MNE,2021-02-25,0.18
Montenegro,MNE,2021-02-26,0.21
Montenegro,MNE,2021-03-01,0.24
Montenegro,MNE,2021-03-03,0.31
Montenegro,MNE,2021-03-05,0.36
Montenegro,MNE,2021-03-06,0.38
Montenegro,MNE,2021-03-08,0.49
Montenegro,MNE,2021-03-12,0.54
Montenegro,MNE,2021-03-14,0.6
Montenegro,MNE,2021-03-16,0.8
Montenegro,MNE,2021-03-17,0.91
Montenegro,MNE,2021-03-18,0.97
Montenegro,MNE,2021-03-19,1.09
Montenegro,MNE,2021-03-20,1.16
Montenegro,MNE,2021-03-23,1.38
Montenegro,MNE,2021-03-24,1.72
Montenegro,MNE,2021-03-25,2.06
Montenegro,MNE,2021-03-26,2.35
Montenegro,MNE,2021-03-27,2.62
Montenegro,MNE,2021-03-28,2.97
Montenegro,MNE,2021-03-29,3.21
Montenegro,MNE,2021-03-30,3.24
Montenegro,MNE,2021-03-31,3.57
Montenegro,MNE,2021-04-01,3.67
Montenegro,MNE,2021-04-02,3.98
Montenegro,MNE,2021-04-03,4.3
Montenegro,MNE,2021-04-04,4.73
Montenegro,MNE,2021-04-05,5.04
Montenegro,MNE,2021-04-06,5.47
Montenegro,MNE,2021-04-07,5.87
Montenegro,MNE,2021-04-08,6.14
Montenegro,MNE,2021-04-09,6.34
Montenegro,MNE,2021-04-10,6.59
Montenegro,MNE,2021-04-11,6.76
Montenegro,MNE,2021-04-12,6.83
Montenegro,MNE,2021-04-13,7.16
Montenegro,MNE,2021-04-14,7.47
Montenegro,MNE,2021-04-15,7.85
Montenegro,MNE,2021-04-16,8.09
Montenegro,MNE,2021-04-17,8.34
Montenegro,MNE,2021-04-18,8.7
Montenegro,MNE,2021-04-19,8.84
Montenegro,MNE,2021-04-20,8.99
Montenegro,MNE,2021-04-21,9.15
Montenegro,MNE,2021-04-22,9.26
Montenegro,MNE,2021-04-23,9.35
Montenegro,MNE,2021-04-24,9.45
Montenegro,MNE,2021-04-25,9.54
Montenegro,MNE,2021-04-26,9.56
Montenegro,MNE,2021-04-27,9.59
Montenegro,MNE,2021-04-28,9.62
Montenegro,MNE,2021-04-29,9.69
Montenegro,MNE,2021-04-30,9.83
Montenegro,MNE,2021-05-01,10.04
Montenegro,MNE,2021-05-03,10.16
Montenegro,MNE,2021-05-04,10.43
Montenegro,MNE,2021-05-05,13.59
Montenegro,MNE,2021-05-06,15.02
Montenegro,MNE,2021-05-08,16.38
Montenegro,MNE,2021-05-09,17.44
Montenegro,MNE,2021-05-10,18.25
Montenegro,MNE,2021-05-11,19.24
Montenegro,MNE,2021-05-12,20.01
Montenegro,MNE,2021-05-13,20.79
Montenegro,MNE,2021-05-14,21.28
Montenegro,MNE,2021-05-15,21.86
Montenegro,MNE,2021-05-16,22.32
Montenegro,MNE,2021-05-17,22.59
Montenegro,MNE,2021-05-18,23.14
Montenegro,MNE,2021-05-19,23.61
Montenegro,MNE,2021-05-20,24.13
Montenegro,MNE,2021-05-21,24.54
Montenegro,MNE,2021-05-23,24.97
Montenegro,MNE,2021-05-24,25.1
Montenegro,MNE,2021-05-25,25.5
Montenegro,MNE,2021-05-26,28.8
Montenegro,MNE,2021-05-28,30.45
Montenegro,MNE,2021-05-29,31.89
Montenegro,MNE,2021-05-30,32.9
Montenegro,MNE,2021-05-31,33.56
Montenegro,MNE,2021-06-01,34.77
Montenegro,MNE,2021-06-02,35.62
Montenegro,MNE,2021-06-03,36.6
Montenegro,MNE,2021-06-04,37.31
Montenegro,MNE,2021-06-05,38.05
Montenegro,MNE,2021-06-06,38.55
Montenegro,MNE,2021-06-07,38.88
Montenegro,MNE,2021-06-08,39.58
Montenegro,MNE,2021-06-09,40.18
Montenegro,MNE,2021-06-10,40.78
Montenegro,MNE,2021-06-11,41.32
Montenegro,MNE,2021-06-12,41.62
Montenegro,MNE,2021-06-14,41.96
Montenegro,MNE,2021-06-15,42.36
Montenegro,MNE,2021-06-17,43.04
Montenegro,MNE,2021-06-18,43.42
Montenegro,MNE,2021-06-19,43.72
Montenegro,MNE,2021-06-20,43.9
Montenegro,MNE,2021-06-21,44.02
Montenegro,MNE,2021-06-22,44.3
Montenegro,MNE,2021-06-23,44.54
Montenegro,MNE,2021-06-24,44.87
Montenegro,MNE,2021-06-26,45.4
Montenegro,MNE,2021-06-27,45.53
Montenegro,MNE,2021-06-28,45.6
Montenegro,MNE,2021-06-29,45.81
Montenegro,MNE,2021-06-30,46.01
Montenegro,MNE,2021-07-01,46.23
Montenegro,MNE,2021-07-02,46.45
Montenegro,MNE,2021-07-03,46.64
Montenegro,MNE,2021-07-04,46.8
Montenegro,MNE,2021-07-05,46.87
Montenegro,MNE,2021-07-06,47.17
Montenegro,MNE,2021-07-07,47.4
Montenegro,MNE,2021-07-08,47.68
Montenegro,MNE,2021-07-09,47.88
Montenegro,MNE,2021-07-10,48.07
Montenegro,MNE,2021-07-11,48.15
Montenegro,MNE,2021-07-12,48.19
Montenegro,MNE,2021-07-13,48.36
Montenegro,MNE,2021-07-14,48.41
Montenegro,MNE,2021-07-15,48.52
Montenegro,MNE,2021-07-16,48.7
Montenegro,MNE,2021-07-17,48.92
Montenegro,MNE,2021-07-18,49.01
Montenegro,MNE,2021-07-19,49.05
Montenegro,MNE,2021-07-20,49.44
Montenegro,MNE,2021-07-22,49.73
Montenegro,MNE,2021-07-23,49.99
Montenegro,MNE,2021-07-24,50.27
Montenegro,MNE,2021-07-25,50.5
Montenegro,MNE,2021-07-26,50.6
Montenegro,MNE,2021-07-27,51.02
Montenegro,MNE,2021-07-28,51.41
Montenegro,MNE,2021-07-29,51.83
Montenegro,MNE,2021-07-30,52.18
Montenegro,MNE,2021-07-31,52.55
Montenegro,MNE,2021-08-01,52.88
Montenegro,MNE,2021-08-02,53.04
Montenegro,MNE,2021-08-03,53.49
Montenegro,MNE,2021-08-04,53.82
Montenegro,MNE,2021-08-05,54.23
Montenegro,MNE,2021-08-06,54.62
Montenegro,MNE,2021-08-07,55
Montenegro,MNE,2021-08-08,55.19
Montenegro,MNE,2021-08-09,55.31
Montenegro,MNE,2021-08-10,55.65
Montenegro,MNE,2021-08-11,55.94
Montenegro,MNE,2021-08-12,56.33
Montenegro,MNE,2021-08-13,56.69
Montenegro,MNE,2021-08-14,57.05
Montenegro,MNE,2021-08-15,57.23
Montenegro,MNE,2021-08-16,57.35
Montenegro,MNE,2021-08-17,57.71
Montenegro,MNE,2021-08-18,58.1
Montenegro,MNE,2021-08-19,58.52
Montenegro,MNE,2021-08-20,58.97
Montenegro,MNE,2021-08-21,59.4
Montenegro,MNE,2021-08-22,59.67
Montenegro,MNE,2021-08-23,59.81
Montenegro,MNE,2021-08-24,60.26
Montenegro,MNE,2021-08-25,60.65
Montenegro,MNE,2021-08-26,61.12
Montenegro,MNE,2021-08-27,61.65
Montenegro,MNE,2021-08-28,62.09
Montenegro,MNE,2021-08-29,62.33
Montenegro,MNE,2021-08-30,62.47
Montenegro,MNE,2021-08-31,62.82
Montenegro,MNE,2021-09-01,63.13
Montenegro,MNE,2021-09-02,63.52
Montenegro,MNE,2021-09-03,63.89
Montenegro,MNE,2021-09-04,64.27
Montenegro,MNE,2021-09-05,64.4
Montenegro,MNE,2021-09-06,64.48
Montenegro,MNE,2021-09-07,64.75
Montenegro,MNE,2021-09-08,64.99
Montenegro,MNE,2021-09-09,65.34
Montenegro,MNE,2021-09-10,65.75
Montenegro,MNE,2021-09-11,66.22
Montenegro,MNE,2021-09-12,66.48
Montenegro,MNE,2021-09-13,66.6
Montenegro,MNE,2021-09-14,67.09
Montenegro,MNE,2021-09-15,67.49
Montenegro,MNE,2021-09-16,67.96
Montenegro,MNE,2021-09-17,68.83
Montenegro,MNE,2021-09-19,69.01
Montenegro,MNE,2021-09-20,69.1
Montenegro,MNE,2021-09-21,69.47
Montenegro,MNE,2021-09-22,70.09
Montenegro,MNE,2021-09-24,70.45
Montenegro,MNE,2021-09-25,70.91
Montenegro,MNE,2021-09-26,71.16
Montenegro,MNE,2021-09-27,71.27
Montenegro,MNE,2021-09-28,71.74
Montenegro,MNE,2021-09-29,72.12
Montenegro,MNE,2021-09-30,72.47
Montenegro,MNE,2021-10-01,72.86
Montenegro,MNE,2021-10-02,73.27
Montenegro,MNE,2021-10-03,73.45
Montenegro,MNE,2021-10-04,73.56
Montenegro,MNE,2021-10-05,73.92
Montenegro,MNE,2021-10-07,74.6
Montenegro,MNE,2021-10-08,74.97
Montenegro,MNE,2021-10-09,75.28
Montenegro,MNE,2021-10-10,75.39
Montenegro,MNE,2021-10-11,75.78
Montenegro,MNE,2021-10-13,76.04
Montenegro,MNE,2021-10-14,76.29
Montenegro,MNE,2021-10-15,76.58
Montenegro,MNE,2021-10-16,77.05
Montenegro,MNE,2021-10-18,77.15
Montenegro,MNE,2021-10-19,77.51
Montenegro,MNE,2021-10-20,77.83
Montenegro,MNE,2021-10-21,78.09
Montenegro,MNE,2021-10-22,78.35
Montenegro,MNE,2021-10-23,78.59
Montenegro,MNE,2021-10-24,78.7
Montenegro,MNE,2021-10-25,78.75
Montenegro,MNE,2021-10-26,78.98
Montenegro,MNE,2021-10-27,79.15
Montenegro,MNE,2021-10-28,79.32
Montenegro,MNE,2021-10-29,79.5
Montenegro,MNE,2021-10-30,79.69
Montenegro,MNE,2021-10-31,79.76
Montenegro,MNE,2021-11-01,79.79
Montenegro,MNE,2021-11-02,79.95
Montenegro,MNE,2021-11-03,80.08
Montenegro,MNE,2021-11-04,80.37
Montenegro,MNE,2021-11-06,80.56
Montenegro,MNE,2021-11-07,80.69
Montenegro,MNE,2021-11-08,80.76
Montenegro,MNE,2021-11-09,80.98
Montenegro,MNE,2021-11-10,81.19
Montenegro,MNE,2021-11-11,81.39
Montenegro,MNE,2021-11-12,81.61
Montenegro,MNE,2021-11-13,81.83
Montenegro,MNE,2021-11-14,81.96
Montenegro,MNE,2021-11-15,82.02
Montenegro,MNE,2021-11-16,82.23
Montenegro,MNE,2021-11-18,82.59
Montenegro,MNE,2021-11-20,82.94
Montenegro,MNE,2021-11-22,83.26
Montenegro,MNE,2021-11-24,83.41
Montenegro,MNE,2021-11-25,83.5
Montenegro,MNE,2021-11-26,83.72
Montenegro,MNE,2021-11-27,83.94
Montenegro,MNE,2021-11-28,84.11
Montenegro,MNE,2021-11-29,84.2
Montenegro,MNE,2021-11-30,84.46
Montenegro,MNE,2021-12-01,84.68
Montenegro,MNE,2021-12-02,84.88
Montenegro,MNE,2021-12-03,85.09
Montenegro,MNE,2021-12-04,85.33
Montenegro,MNE,2021-12-05,85.48
Montenegro,MNE,2021-12-06,85.54
Montenegro,MNE,2021-12-07,85.79
Montenegro,MNE,2021-12-08,85.97
Montenegro,MNE,2021-12-09,86.15
Montenegro,MNE,2021-12-10,86.32
Montenegro,MNE,2021-12-11,86.49
Montenegro,MNE,2021-12-12,86.58
Montenegro,MNE,2021-12-13,86.62
Montenegro,MNE,2021-12-14,86.76
Montenegro,MNE,2021-12-15,86.9
Montenegro,MNE,2021-12-16,87.02
Montenegro,MNE,2021-12-17,87.16
Montenegro,MNE,2021-12-18,87.31
Montenegro,MNE,2021-12-19,87.4
Montenegro,MNE,2021-12-20,87.43
Montenegro,MNE,2021-12-21,87.58
Montenegro,MNE,2021-12-22,98.7
Montenegro,MNE,2021-12-23,98.97
Montenegro,MNE,2021-12-24,99.24
Montenegro,MNE,2021-12-25,99.55
Montenegro,MNE,2021-12-26,99.76
Montenegro,MNE,2021-12-28,100.15
Montenegro,MNE,2021-12-29,100.44
Montenegro,MNE,2021-12-30,100.76
Montenegro,MNE,2021-12-31,101.06
Montenegro,MNE,2022-01-01,101.23
Montenegro,MNE,2022-01-03,101.25
Montenegro,MNE,2022-01-04,101.31
Montenegro,MNE,2022-01-05,101.56
Montenegro,MNE,2022-01-06,101.78
Montenegro,MNE,2022-01-07,101.87
Montenegro,MNE,2022-01-08,101.89
Montenegro,MNE,2022-01-09,101.97
Montenegro,MNE,2022-01-12,102.33
Montenegro,MNE,2022-01-13,102.49
Montenegro,MNE,2022-01-14,102.66
Montenegro,MNE,2022-01-15,102.82
Montenegro,MNE,2022-01-16,102.9
Montenegro,MNE,2022-01-17,102.92
Montenegro,MNE,2022-01-18,103.08
Montenegro,MNE,2022-01-19,103.21
Montenegro,MNE,2022-01-20,103.33
Montenegro,MNE,2022-01-21,103.44
Montenegro,MNE,2022-01-22,103.55
Montenegro,MNE,2022-01-23,103.61
Montenegro,MNE,2022-01-24,103.72
Montenegro,MNE,2022-01-26,103.92
Montenegro,MNE,2022-01-28,104.02
Montenegro,MNE,2022-01-30,104.15
Montenegro,MNE,2022-01-31,104.16
Montenegro,MNE,2022-02-01,104.26
Montenegro,MNE,2022-02-03,104.41
Montenegro,MNE,2022-02-04,104.49
Montenegro,MNE,2022-02-05,104.59
Montenegro,MNE,2022-02-06,104.63
Montenegro,MNE,2022-02-07,104.65
Montenegro,MNE,2022-02-08,104.74
Montenegro,MNE,2022-02-09,104.8
Montenegro,MNE,2022-02-10,104.87
Montenegro,MNE,2022-02-11,104.94
Montenegro,MNE,2022-02-12,105.01
Montenegro,MNE,2022-02-13,105.04
Montenegro,MNE,2022-02-14,105.06
Montenegro,MNE,2022-02-15,105.13
Montenegro,MNE,2022-02-16,105.18
Montenegro,MNE,2022-02-17,105.24
Montenegro,MNE,2022-02-19,105.36
Montenegro,MNE,2022-02-20,105.39
Montenegro,MNE,2022-02-21,105.4
Montenegro,MNE,2022-02-22,105.45
Montenegro,MNE,2022-02-23,105.49
Montenegro,MNE,2022-02-24,105.54
Montenegro,MNE,2022-02-25,105.59
Montenegro,MNE,2022-02-26,105.63
Montenegro,MNE,2022-02-27,105.64
Montenegro,MNE,2022-02-28,105.65
Montenegro,MNE,2022-03-01,105.7
Montenegro,MNE,2022-03-02,105.74
Montenegro,MNE,2022-03-03,105.78
Montenegro,MNE,2022-03-04,105.83
Montenegro,MNE,2022-03-05,105.86
Montenegro,MNE,2022-03-06,105.88
Montenegro,MNE,2022-03-07,105.88
Montenegro,MNE,2022-03-08,105.93
Montenegro,MNE,2022-03-09,105.95
Montenegro,MNE,2022-03-10,105.98
Montenegro,MNE,2022-03-11,106.04
Montenegro,MNE,2022-03-13,106.07
Montenegro,MNE,2022-03-14,106.07
Montenegro,MNE,2022-03-15,106.11
Montenegro,MNE,2022-03-16,106.13
Montenegro,MNE,2022-03-17,106.16
Montenegro,MNE,2022-03-19,106.21
Montenegro,MNE,2022-03-20,106.23
Montenegro,MNE,2022-03-21,106.23
Montenegro,MNE,2022-03-22,106.26
Montenegro,MNE,2022-03-23,106.28
Montenegro,MNE,2022-03-24,106.32
Montenegro,MNE,2022-03-25,106.34
Montenegro,MNE,2022-03-26,106.37
Montenegro,MNE,2022-03-27,106.39
Montenegro,MNE,2022-03-28,106.4
Montenegro,MNE,2022-03-29,106.43
Montenegro,MNE,2022-03-30,106.46
Montenegro,MNE,2022-03-31,106.48
Montenegro,MNE,2022-04-01,106.5
Montenegro,MNE,2022-04-04,106.56
Montenegro,MNE,2022-04-05,106.59
Montenegro,MNE,2022-04-06,106.61
Montenegro,MNE,2022-04-07,106.63
Montenegro,MNE,2022-04-08,106.66
Montenegro,MNE,2022-04-09,106.69
Montenegro,MNE,2022-04-10,106.7
Montenegro,MNE,2022-04-11,106.7
Montenegro,MNE,2022-04-12,106.72
Montenegro,MNE,2022-04-14,106.76
Montenegro,MNE,2022-04-15,106.78
Montenegro,MNE,2022-04-18,106.83
Montenegro,MNE,2022-04-19,106.85
Montenegro,MNE,2022-04-20,106.86
Montenegro,MNE,2022-04-21,106.88
Montenegro,MNE,2022-04-22,106.9
Montenegro,MNE,2022-04-23,106.91
Montenegro,MNE,2022-04-25,106.91
Montenegro,MNE,2022-04-26,106.91
Montenegro,MNE,2022-04-27,106.95
Montenegro,MNE,2022-04-28,106.97
Montenegro,MNE,2022-04-29,106.98
Montenegro,MNE,2022-04-30,107.01
Montenegro,MNE,2022-05-01,107.02
Montenegro,MNE,2022-05-02,107.02
Montenegro,MNE,2022-05-03,107.02
Montenegro,MNE,2022-05-04,107.02
Montenegro,MNE,2022-05-05,107.05
Montenegro,MNE,2022-05-06,107.06
Montenegro,MNE,2022-05-07,107.09
Montenegro,MNE,2022-05-08,107.1
Montenegro,MNE,2022-05-09,107.1
Montenegro,MNE,2022-05-10,107.12
Montenegro,MNE,2022-05-11,107.13
Montenegro,MNE,2022-05-12,107.15
Montenegro,MNE,2022-05-13,107.17
Montenegro,MNE,2022-05-14,107.19
Montenegro,MNE,2022-05-16,107.19
Montenegro,MNE,2022-05-17,107.21
Montenegro,MNE,2022-05-18,107.22
Montenegro,MNE,2022-05-19,107.23
Montenegro,MNE,2022-05-20,107.24
Montenegro,MNE,2022-05-21,107.25
Montenegro,MNE,2022-05-22,107.25
Montenegro,MNE,2022-05-23,107.25
Montenegro,MNE,2022-05-24,107.25
Montenegro,MNE,2022-05-25,107.27
Montenegro,MNE,2022-05-26,107.28
Montenegro,MNE,2022-05-27,107.29
Montenegro,MNE,2022-05-28,107.3
Montenegro,MNE,2022-05-29,107.31
Montenegro,MNE,2022-05-30,107.31
Montenegro,MNE,2022-05-31,107.31
Montenegro,MNE,2022-06-01,107.33
Montenegro,MNE,2022-06-02,107.34
Montenegro,MNE,2022-06-03,107.35
Montenegro,MNE,2022-06-04,107.36
Montenegro,MNE,2022-06-05,107.36
Montenegro,MNE,2022-06-06,107.36
Montenegro,MNE,2022-06-07,107.37
Montenegro,MNE,2022-06-09,107.39
Montenegro,MNE,2022-06-10,107.4
Montenegro,MNE,2022-06-11,107.41
Montenegro,MNE,2022-06-12,107.41
Montenegro,MNE,2022-06-13,107.42
Montenegro,MNE,2022-06-14,107.43
Montenegro,MNE,2022-06-15,107.44
Montenegro,MNE,2022-06-16,107.45
Montenegro,MNE,2022-06-17,107.46
Montenegro,MNE,2022-06-18,107.47
Montenegro,MNE,2022-06-19,107.47
Montenegro,MNE,2022-06-20,107.47
Montenegro,MNE,2022-06-21,107.48
Montenegro,MNE,2022-06-22,107.49
Montenegro,MNE,2022-06-23,107.49
Montenegro,MNE,2022-06-24,107.5
Montenegro,MNE,2022-06-25,107.5
Montenegro,MNE,2022-06-26,107.51
Montenegro,MNE,2022-06-27,107.51
Montenegro,MNE,2022-06-28,107.51
Montenegro,MNE,2022-06-29,107.52
Montenegro,MNE,2022-06-30,107.53
Montenegro,MNE,2022-07-02,107.55
Montenegro,MNE,2022-07-03,107.55
Montenegro,MNE,2022-07-05,107.56
Montenegro,MNE,2022-07-07,107.58
Montenegro,MNE,2022-07-09,107.6
Montenegro,MNE,2022-07-11,107.62
Montenegro,MNE,2022-07-12,107.63
Montenegro,MNE,2022-07-13,107.64
Montenegro,MNE,2022-07-14,107.64
Montenegro,MNE,2022-07-15,107.65
Montenegro,MNE,2022-07-16,107.67
Montenegro,MNE,2022-07-18,107.67
Montenegro,MNE,2022-07-19,107.68
Montenegro,MNE,2022-07-21,107.7
Montenegro,MNE,2022-07-22,107.73
Montenegro,MNE,2022-07-23,107.75
Montenegro,MNE,2022-07-24,107.75
Montenegro,MNE,2022-07-26,107.77
Montenegro,MNE,2022-07-28,107.79
Montenegro,MNE,2022-07-29,107.81
Montenegro,MNE,2022-07-30,107.84
Montenegro,MNE,2022-07-31,107.85
Montenegro,MNE,2022-08-01,107.85
Montenegro,MNE,2022-08-02,107.86
Montenegro,MNE,2022-08-03,107.88
Montserrat,MSR,2021-02-08,0
Montserrat,MSR,2021-02-23,14.76
Montserrat,MSR,2021-03-10,21.1
Montserrat,MSR,2021-03-17,29.57
Montserrat,MSR,2021-03-31,34.91
Montserrat,MSR,2021-04-14,39.64
Montserrat,MSR,2021-04-21,43.22
Montserrat,MSR,2021-05-21,54.97
Montserrat,MSR,2021-05-28,57.1
Montserrat,MSR,2021-06-11,58.5
Montserrat,MSR,2021-06-18,58.86
Montserrat,MSR,2021-06-25,59.77
Montserrat,MSR,2021-07-02,60.02
Montserrat,MSR,2021-07-09,61.01
Montserrat,MSR,2021-07-16,61.35
Montserrat,MSR,2021-07-23,61.81
Montserrat,MSR,2021-07-30,63.19
Montserrat,MSR,2021-08-06,64.03
Montserrat,MSR,2021-09-03,64.23
Montserrat,MSR,2021-09-10,64.3
Montserrat,MSR,2021-09-17,64.66
Montserrat,MSR,2021-09-24,65
Montserrat,MSR,2021-10-08,65.9
Montserrat,MSR,2021-11-12,66.76
Montserrat,MSR,2021-12-23,68.37
Montserrat,MSR,2022-01-07,70
Montserrat,MSR,2022-01-14,78.04
Montserrat,MSR,2022-01-21,83.56
Montserrat,MSR,2022-01-28,86.12
Montserrat,MSR,2022-02-04,86.89
Montserrat,MSR,2022-02-11,89.45
Montserrat,MSR,2022-02-18,92.17
Montserrat,MSR,2022-02-25,92.57
Montserrat,MSR,2022-03-11,94.16
Montserrat,MSR,2022-03-25,95.34
Montserrat,MSR,2022-04-01,95.56
Montserrat,MSR,2022-04-08,95.74
Montserrat,MSR,2022-04-22,95.88
Montserrat,MSR,2022-04-29,95.92
Montserrat,MSR,2022-05-06,96.33
Montserrat,MSR,2022-06-24,100.11
Montserrat,MSR,2022-07-08,100.86
Montserrat,MSR,2022-07-15,101.25
Montserrat,MSR,2022-07-22,101.58
Morocco,MAR,2021-01-28,0
Morocco,MAR,2021-01-30,0.24
Morocco,MAR,2021-01-31,0.34
Morocco,MAR,2021-02-01,0.54
Morocco,MAR,2021-02-02,0.69
Morocco,MAR,2021-02-03,0.83
Morocco,MAR,2021-02-04,0.95
Morocco,MAR,2021-02-05,1.1
Morocco,MAR,2021-02-06,1.25
Morocco,MAR,2021-02-08,1.48
Morocco,MAR,2021-02-09,1.66
Morocco,MAR,2021-02-10,2.01
Morocco,MAR,2021-02-11,2.31
Morocco,MAR,2021-02-12,3
Morocco,MAR,2021-02-13,3.75
Morocco,MAR,2021-02-15,4.6
Morocco,MAR,2021-02-16,5.14
Morocco,MAR,2021-02-17,5.61
Morocco,MAR,2021-02-18,6.02
Morocco,MAR,2021-02-19,6.37
Morocco,MAR,2021-02-20,6.64
Morocco,MAR,2021-02-22,6.95
Morocco,MAR,2021-02-23,7.19
Morocco,MAR,2021-02-24,7.95
Morocco,MAR,2021-02-25,8.64
Morocco,MAR,2021-02-26,9.24
Morocco,MAR,2021-02-27,9.7
Morocco,MAR,2021-03-01,10.25
Morocco,MAR,2021-03-02,10.66
Morocco,MAR,2021-03-03,11.07
Morocco,MAR,2021-03-04,11.42
Morocco,MAR,2021-03-05,11.81
Morocco,MAR,2021-03-06,12.12
Morocco,MAR,2021-03-08,12.44
Morocco,MAR,2021-03-09,12.77
Morocco,MAR,2021-03-10,13.31
Morocco,MAR,2021-03-11,13.76
Morocco,MAR,2021-03-12,14.55
Morocco,MAR,2021-03-13,15.33
Morocco,MAR,2021-03-15,16.16
Morocco,MAR,2021-03-16,16.72
Morocco,MAR,2021-03-17,17.16
Morocco,MAR,2021-03-19,17.83
Morocco,MAR,2021-03-20,18.04
Morocco,MAR,2021-03-22,18.29
Morocco,MAR,2021-03-23,18.5
Morocco,MAR,2021-03-24,19.23
Morocco,MAR,2021-03-25,19.85
Morocco,MAR,2021-03-26,20.3
Morocco,MAR,2021-03-27,20.59
Morocco,MAR,2021-03-29,20.93
Morocco,MAR,2021-03-30,21.26
Morocco,MAR,2021-03-31,21.56
Morocco,MAR,2021-04-01,21.84
Morocco,MAR,2021-04-02,22.04
Morocco,MAR,2021-04-03,22.23
Morocco,MAR,2021-04-05,22.39
Morocco,MAR,2021-04-06,22.59
Morocco,MAR,2021-04-07,22.79
Morocco,MAR,2021-04-08,22.95
Morocco,MAR,2021-04-09,23.07
Morocco,MAR,2021-04-10,23.21
Morocco,MAR,2021-04-11,23.29
Morocco,MAR,2021-04-13,23.33
Morocco,MAR,2021-04-14,23.45
Morocco,MAR,2021-04-15,23.54
Morocco,MAR,2021-04-16,23.64
Morocco,MAR,2021-04-17,23.85
Morocco,MAR,2021-04-19,23.9
Morocco,MAR,2021-04-20,23.95
Morocco,MAR,2021-04-21,24.01
Morocco,MAR,2021-04-22,24.04
Morocco,MAR,2021-04-23,24.12
Morocco,MAR,2021-04-26,24.14
Morocco,MAR,2021-04-27,24.39
Morocco,MAR,2021-04-28,24.92
Morocco,MAR,2021-04-30,25.12
Morocco,MAR,2021-05-01,25.13
Morocco,MAR,2021-05-03,25.32
Morocco,MAR,2021-05-04,25.78
Morocco,MAR,2021-05-05,26.11
Morocco,MAR,2021-05-07,26.41
Morocco,MAR,2021-05-08,26.61
Morocco,MAR,2021-05-10,27.33
Morocco,MAR,2021-05-11,27.83
Morocco,MAR,2021-05-12,28.15
Morocco,MAR,2021-05-14,28.3
Morocco,MAR,2021-05-15,28.78
Morocco,MAR,2021-05-17,29.67
Morocco,MAR,2021-05-18,30.61
Morocco,MAR,2021-05-19,31.57
Morocco,MAR,2021-05-20,32.41
Morocco,MAR,2021-05-21,33.13
Morocco,MAR,2021-05-22,33.63
Morocco,MAR,2021-05-24,34.27
Morocco,MAR,2021-05-25,35.51
Morocco,MAR,2021-05-31,38.15
Morocco,MAR,2021-06-01,38.88
Morocco,MAR,2021-06-02,39.42
Morocco,MAR,2021-06-03,40.22
Morocco,MAR,2021-06-05,40.48
Morocco,MAR,2021-06-07,41.48
Morocco,MAR,2021-06-08,42.61
Morocco,MAR,2021-06-09,43.27
Morocco,MAR,2021-06-10,43.79
Morocco,MAR,2021-06-11,44.26
Morocco,MAR,2021-06-12,44.39
Morocco,MAR,2021-06-14,45.01
Morocco,MAR,2021-06-15,45.55
Morocco,MAR,2021-06-16,45.99
Morocco,MAR,2021-06-17,46.56
Morocco,MAR,2021-06-18,47.02
Morocco,MAR,2021-06-19,47.18
Morocco,MAR,2021-06-21,48.67
Morocco,MAR,2021-06-23,49.23
Morocco,MAR,2021-06-24,49.71
Morocco,MAR,2021-06-25,50.18
Morocco,MAR,2021-06-26,50.29
Morocco,MAR,2021-06-28,50.88
Morocco,MAR,2021-06-30,51.54
Morocco,MAR,2021-07-01,51.7
Morocco,MAR,2021-07-02,51.84
Morocco,MAR,2021-07-03,51.86
Morocco,MAR,2021-07-04,51.87
Morocco,MAR,2021-07-05,52.06
Morocco,MAR,2021-07-06,52.2
Morocco,MAR,2021-07-07,52.52
Morocco,MAR,2021-07-08,52.68
Morocco,MAR,2021-07-09,52.78
Morocco,MAR,2021-07-10,52.81
Morocco,MAR,2021-07-11,52.81
Morocco,MAR,2021-07-12,53.57
Morocco,MAR,2021-07-13,54.27
Morocco,MAR,2021-07-14,54.87
Morocco,MAR,2021-07-15,56.09
Morocco,MAR,2021-07-17,56.19
Morocco,MAR,2021-07-18,56.21
Morocco,MAR,2021-07-19,57.43
Morocco,MAR,2021-07-22,57.95
Morocco,MAR,2021-07-24,58.05
Morocco,MAR,2021-07-25,58.11
Morocco,MAR,2021-07-26,59.14
Morocco,MAR,2021-07-27,60.54
Morocco,MAR,2021-07-28,62
Morocco,MAR,2021-07-29,63.34
Morocco,MAR,2021-07-30,63.79
Morocco,MAR,2021-07-31,64.07
Morocco,MAR,2021-08-01,64.2
Morocco,MAR,2021-08-02,65.42
Morocco,MAR,2021-08-03,67.85
Morocco,MAR,2021-08-05,68.89
Morocco,MAR,2021-08-06,69.73
Morocco,MAR,2021-08-07,69.95
Morocco,MAR,2021-08-08,70.04
Morocco,MAR,2021-08-09,71.24
Morocco,MAR,2021-08-10,71.58
Morocco,MAR,2021-08-11,72.7
Morocco,MAR,2021-08-12,73.72
Morocco,MAR,2021-08-13,74.34
Morocco,MAR,2021-08-14,74.52
Morocco,MAR,2021-08-15,74.61
Morocco,MAR,2021-08-16,75.88
Morocco,MAR,2021-08-17,77.46
Morocco,MAR,2021-08-18,79.03
Morocco,MAR,2021-08-19,80.53
Morocco,MAR,2021-08-20,81
Morocco,MAR,2021-08-21,81.28
Morocco,MAR,2021-08-22,81.45
Morocco,MAR,2021-08-23,82.75
Morocco,MAR,2021-08-24,84.28
Morocco,MAR,2021-08-27,87.49
Morocco,MAR,2021-08-28,87.77
Morocco,MAR,2021-08-29,89.03
Morocco,MAR,2021-08-31,90.95
Morocco,MAR,2021-09-01,92.14
Morocco,MAR,2021-09-03,93.1
Morocco,MAR,2021-09-04,93.43
Morocco,MAR,2021-09-05,93.56
Morocco,MAR,2021-09-06,95.81
Morocco,MAR,2021-09-08,96.35
Morocco,MAR,2021-09-09,97.11
Morocco,MAR,2021-09-10,97.83
Morocco,MAR,2021-09-14,100.44
Morocco,MAR,2021-09-19,103.67
Morocco,MAR,2021-09-22,106.6
Morocco,MAR,2021-09-25,108.62
Morocco,MAR,2021-09-28,110.85
Morocco,MAR,2021-10-02,113.27
Morocco,MAR,2021-10-09,116.31
Morocco,MAR,2021-10-13,118.86
Morocco,MAR,2021-10-17,121.01
Morocco,MAR,2021-10-19,122.04
Morocco,MAR,2021-10-24,124.32
Morocco,MAR,2021-10-26,127.18
Morocco,MAR,2021-10-31,128.47
Morocco,MAR,2021-11-02,129.11
Morocco,MAR,2021-11-06,129.69
Morocco,MAR,2021-11-14,130.6
Morocco,MAR,2021-11-17,130.98
Morocco,MAR,2021-11-21,131.12
Morocco,MAR,2021-11-24,131.4
Morocco,MAR,2021-11-28,131.57
Morocco,MAR,2021-11-29,131.76
Morocco,MAR,2021-12-04,132.14
Morocco,MAR,2021-12-08,132.67
Morocco,MAR,2021-12-12,133.01
Morocco,MAR,2021-12-14,133.43
Morocco,MAR,2021-12-19,134.12
Morocco,MAR,2021-12-22,134.88
Morocco,MAR,2021-12-27,135.57
Morocco,MAR,2022-01-02,136.47
Morocco,MAR,2022-01-04,137.03
Morocco,MAR,2022-01-10,138.1
Morocco,MAR,2022-01-12,138.42
Morocco,MAR,2022-01-16,138.92
Morocco,MAR,2022-01-18,139.35
Morocco,MAR,2022-01-22,139.96
Morocco,MAR,2022-01-25,140.32
Morocco,MAR,2022-01-26,140.46
Morocco,MAR,2022-01-30,140.8
Morocco,MAR,2022-02-01,141.21
Morocco,MAR,2022-02-06,141.88
Morocco,MAR,2022-02-13,143.02
Morocco,MAR,2022-02-19,144.13
Morocco,MAR,2022-02-27,144.93
Morocco,MAR,2022-03-06,145.36
Morocco,MAR,2022-03-16,145.94
Morocco,MAR,2022-03-23,146.19
Morocco,MAR,2022-04-03,146.48
Morocco,MAR,2022-04-14,146.62
Morocco,MAR,2022-04-18,146.67
Morocco,MAR,2022-04-27,146.8
Morocco,MAR,2022-05-05,146.87
Morocco,MAR,2022-05-08,146.92
Morocco,MAR,2022-05-10,146.95
Morocco,MAR,2022-05-15,147.07
Morocco,MAR,2022-05-23,147.25
Morocco,MAR,2022-06-01,147.45
Morocco,MAR,2022-06-05,147.56
Morocco,MAR,2022-06-15,147.69
Morocco,MAR,2022-07-03,147.7
Morocco,MAR,2022-07-10,148.06
Morocco,MAR,2022-07-18,148.14
Mozambique,MOZ,2021-03-07,0
Mozambique,MOZ,2021-03-13,0.14
Mozambique,MOZ,2021-03-23,0.18
Mozambique,MOZ,2021-05-12,1.11
Mozambique,MOZ,2021-05-18,1.23
Mozambique,MOZ,2021-05-31,1.23
Mozambique,MOZ,2021-06-10,1.23
Mozambique,MOZ,2021-06-24,1.37
Mozambique,MOZ,2021-07-05,1.58
Mozambique,MOZ,2021-07-19,2.09
Mozambique,MOZ,2021-07-24,2.09
Mozambique,MOZ,2021-07-26,2.15
Mozambique,MOZ,2021-08-03,2.23
Mozambique,MOZ,2021-08-09,4.32
Mozambique,MOZ,2021-08-16,4.64
Mozambique,MOZ,2021-08-20,5.81
Mozambique,MOZ,2021-08-25,7.16
Mozambique,MOZ,2021-09-08,7.5
Mozambique,MOZ,2021-09-14,11.36
Mozambique,MOZ,2021-10-08,11.46
Mozambique,MOZ,2021-10-15,11.79
Mozambique,MOZ,2021-10-21,11.84
Mozambique,MOZ,2021-10-28,14.91
Mozambique,MOZ,2021-10-31,18.3
Mozambique,MOZ,2021-11-04,20.53
Mozambique,MOZ,2021-11-10,23.25
Mozambique,MOZ,2021-11-18,27.72
Mozambique,MOZ,2021-11-24,30.26
Mozambique,MOZ,2021-11-29,31.63
Mozambique,MOZ,2021-12-02,32.75
Mozambique,MOZ,2021-12-03,33.67
Mozambique,MOZ,2021-12-09,34.6
Mozambique,MOZ,2021-12-13,36.57
Mozambique,MOZ,2021-12-15,37.49
Mozambique,MOZ,2021-12-20,41.31
Mozambique,MOZ,2021-12-26,44.92
Mozambique,MOZ,2021-12-30,45.89
Mozambique,MOZ,2022-01-06,48.26
Mozambique,MOZ,2022-01-10,53.1
Mozambique,MOZ,2022-01-19,59.44
Mozambique,MOZ,2022-01-28,61.69
Mozambique,MOZ,2022-02-15,61.69
Mozambique,MOZ,2022-02-21,61.69
Mozambique,MOZ,2022-03-05,73.46
Mozambique,MOZ,2022-03-10,73.46
Mozambique,MOZ,2022-03-18,81.73
Mozambique,MOZ,2022-03-25,81.73
Mozambique,MOZ,2022-04-26,83.41
Mozambique,MOZ,2022-05-01,98.56
Mozambique,MOZ,2022-05-08,98.56
Mozambique,MOZ,2022-05-15,98.56
Mozambique,MOZ,2022-05-22,98.56
Mozambique,MOZ,2022-05-29,98.56
Mozambique,MOZ,2022-06-19,98.56
Mozambique,MOZ,2022-06-26,98.56
Myanmar,MMR,2021-01-26,0
Myanmar,MMR,2021-01-27,0.01
Myanmar,MMR,2021-02-05,0.71
Myanmar,MMR,2021-03-31,1.93
Myanmar,MMR,2021-04-23,3.35
Myanmar,MMR,2021-05-04,4.73
Myanmar,MMR,2021-05-13,5.57
Myanmar,MMR,2021-06-05,6.26
Myanmar,MMR,2021-07-01,6.51
Myanmar,MMR,2021-08-21,11.62
Myanmar,MMR,2021-09-11,15.21
Myanmar,MMR,2021-09-20,16.73
Myanmar,MMR,2021-09-25,20.33
Myanmar,MMR,2021-10-02,22.8
Myanmar,MMR,2021-10-17,29.36
Myanmar,MMR,2021-10-23,33.62
Myanmar,MMR,2021-10-31,37.73
Myanmar,MMR,2021-11-06,41.18
Myanmar,MMR,2021-11-13,45.08
Myanmar,MMR,2021-11-20,48.09
Myanmar,MMR,2021-11-27,52.23
Myanmar,MMR,2021-11-30,53.36
Myanmar,MMR,2021-12-11,59.22
Myanmar,MMR,2022-01-01,67.64
Myanmar,MMR,2022-01-09,69.91
Myanmar,MMR,2022-01-16,72.34
Myanmar,MMR,2022-01-22,74.36
Myanmar,MMR,2022-01-29,76.12
Myanmar,MMR,2022-02-05,77.33
Myanmar,MMR,2022-02-12,79.1
Myanmar,MMR,2022-02-19,81.7
Myanmar,MMR,2022-02-22,82.17
Myanmar,MMR,2022-02-26,82.73
Myanmar,MMR,2022-03-01,83.06
Myanmar,MMR,2022-03-05,84.28
Myanmar,MMR,2022-03-08,84.87
Myanmar,MMR,2022-03-12,85.97
Myanmar,MMR,2022-03-15,86.8
Myanmar,MMR,2022-03-19,89.72
Myanmar,MMR,2022-03-22,90.54
Myanmar,MMR,2022-03-26,91.67
Myanmar,MMR,2022-04-02,93.08
Myanmar,MMR,2022-04-05,94.02
Myanmar,MMR,2022-04-09,95.78
Myanmar,MMR,2022-04-12,96.72
Myanmar,MMR,2022-04-19,97.88
Myanmar,MMR,2022-04-23,99.91
Myanmar,MMR,2022-04-26,101.54
Myanmar,MMR,2022-04-30,103.29
Myanmar,MMR,2022-05-03,104
Myanmar,MMR,2022-05-07,105.23
Myanmar,MMR,2022-05-09,105.93
Myanmar,MMR,2022-05-24,110.51
Myanmar,MMR,2022-06-08,115.73
Myanmar,MMR,2022-06-18,124.46
Namibia,NAM,2021-03-18,0
Namibia,NAM,2021-03-25,0.01
Namibia,NAM,2021-03-31,0.06
Namibia,NAM,2021-04-01,0.07
Namibia,NAM,2021-04-03,0.08
Namibia,NAM,2021-04-08,0.1
Namibia,NAM,2021-04-11,0.1
Namibia,NAM,2021-04-12,0.11
Namibia,NAM,2021-04-13,0.12
Namibia,NAM,2021-04-14,0.13
Namibia,NAM,2021-04-15,0.14
Namibia,NAM,2021-04-16,0.16
Namibia,NAM,2021-04-17,0.18
Namibia,NAM,2021-04-18,0.18
Namibia,NAM,2021-04-19,0.19
Namibia,NAM,2021-04-20,0.23
Namibia,NAM,2021-04-21,0.25
Namibia,NAM,2021-04-22,0.29
Namibia,NAM,2021-04-23,0.39
Namibia,NAM,2021-04-24,0.5
Namibia,NAM,2021-04-25,0.51
Namibia,NAM,2021-04-28,0.79
Namibia,NAM,2021-04-30,0.86
Namibia,NAM,2021-05-01,0.99
Namibia,NAM,2021-05-05,1.16
Namibia,NAM,2021-05-06,1.37
Namibia,NAM,2021-05-07,1.44
Namibia,NAM,2021-05-08,1.58
Namibia,NAM,2021-05-09,1.59
Namibia,NAM,2021-05-10,1.65
Namibia,NAM,2021-05-11,1.76
Namibia,NAM,2021-05-12,1.86
Namibia,NAM,2021-05-13,1.88
Namibia,NAM,2021-05-14,1.99
Namibia,NAM,2021-05-15,2.1
Namibia,NAM,2021-05-16,2.11
Namibia,NAM,2021-05-17,2.13
Namibia,NAM,2021-05-18,2.25
Namibia,NAM,2021-05-19,2.39
Namibia,NAM,2021-05-21,2.61
Namibia,NAM,2021-05-22,2.64
Namibia,NAM,2021-05-23,2.67
Namibia,NAM,2021-05-25,2.76
Namibia,NAM,2021-05-26,2.87
Namibia,NAM,2021-05-27,2.95
Namibia,NAM,2021-05-29,3.02
Namibia,NAM,2021-05-30,3.03
Namibia,NAM,2021-05-31,3.04
Namibia,NAM,2021-06-01,3.11
Namibia,NAM,2021-06-02,3.18
Namibia,NAM,2021-06-03,3.28
Namibia,NAM,2021-06-04,3.37
Namibia,NAM,2021-06-05,3.46
Namibia,NAM,2021-06-06,3.46
Namibia,NAM,2021-06-07,3.47
Namibia,NAM,2021-06-08,3.59
Namibia,NAM,2021-06-09,3.68
Namibia,NAM,2021-06-10,3.81
Namibia,NAM,2021-06-11,3.94
Namibia,NAM,2021-06-12,3.98
Namibia,NAM,2021-06-13,4.05
Namibia,NAM,2021-06-14,4.09
Namibia,NAM,2021-06-15,4.26
Namibia,NAM,2021-06-16,4.45
Namibia,NAM,2021-06-17,4.61
Namibia,NAM,2021-06-18,4.78
Namibia,NAM,2021-06-19,4.9
Namibia,NAM,2021-06-20,4.9
Namibia,NAM,2021-06-21,4.92
Namibia,NAM,2021-06-22,5.08
Namibia,NAM,2021-06-23,5.22
Namibia,NAM,2021-06-24,5.34
Namibia,NAM,2021-06-25,5.49
Namibia,NAM,2021-06-26,5.58
Namibia,NAM,2021-06-27,5.58
Namibia,NAM,2021-06-29,5.68
Namibia,NAM,2021-06-30,5.77
Namibia,NAM,2021-07-01,5.84
Namibia,NAM,2021-07-02,5.9
Namibia,NAM,2021-07-03,5.94
Namibia,NAM,2021-07-04,5.94
Namibia,NAM,2021-07-05,5.96
Namibia,NAM,2021-07-06,6.04
Namibia,NAM,2021-07-07,6.12
Namibia,NAM,2021-07-08,6.19
Namibia,NAM,2021-07-09,6.31
Namibia,NAM,2021-07-10,6.38
Namibia,NAM,2021-07-11,6.39
Namibia,NAM,2021-07-12,6.43
Namibia,NAM,2021-07-13,6.51
Namibia,NAM,2021-07-14,6.59
Namibia,NAM,2021-07-15,6.65
Namibia,NAM,2021-07-16,6.72
Namibia,NAM,2021-07-17,6.76
Namibia,NAM,2021-07-18,6.76
Namibia,NAM,2021-07-19,6.79
Namibia,NAM,2021-07-20,6.96
Namibia,NAM,2021-07-21,7.15
Namibia,NAM,2021-07-22,7.37
Namibia,NAM,2021-07-23,7.56
Namibia,NAM,2021-07-24,7.69
Namibia,NAM,2021-07-25,7.71
Namibia,NAM,2021-07-26,7.77
Namibia,NAM,2021-07-27,7.93
Namibia,NAM,2021-07-28,8.07
Namibia,NAM,2021-07-29,8.22
Namibia,NAM,2021-07-30,8.36
Namibia,NAM,2021-07-31,8.44
Namibia,NAM,2021-08-01,8.46
Namibia,NAM,2021-08-02,8.5
Namibia,NAM,2021-08-03,8.63
Namibia,NAM,2021-08-04,8.73
Namibia,NAM,2021-08-05,8.83
Namibia,NAM,2021-08-06,8.94
Namibia,NAM,2021-08-07,9.03
Namibia,NAM,2021-08-08,9.03
Namibia,NAM,2021-08-10,9.29
Namibia,NAM,2021-08-11,9.68
Namibia,NAM,2021-08-12,9.98
Namibia,NAM,2021-08-13,10.25
Namibia,NAM,2021-08-14,10.42
Namibia,NAM,2021-08-15,10.46
Namibia,NAM,2021-08-16,10.61
Namibia,NAM,2021-08-19,10.83
Namibia,NAM,2021-08-25,12.06
Namibia,NAM,2021-09-01,13.01
Namibia,NAM,2021-09-09,13.95
Namibia,NAM,2021-09-15,14.79
Namibia,NAM,2021-09-22,16.11
Namibia,NAM,2021-09-30,16.96
Namibia,NAM,2021-10-07,18.67
Namibia,NAM,2021-10-14,19.57
Namibia,NAM,2021-10-21,21.15
Namibia,NAM,2021-10-28,22.69
Namibia,NAM,2021-11-04,23.72
Namibia,NAM,2021-11-10,24.27
Namibia,NAM,2021-11-18,24.91
Namibia,NAM,2022-01-02,25.45
Namibia,NAM,2022-01-21,26.13
Namibia,NAM,2022-01-26,30.58
Namibia,NAM,2022-02-11,31.11
Namibia,NAM,2022-02-15,31.73
Namibia,NAM,2022-02-25,32.19
Namibia,NAM,2022-03-10,32.19
Namibia,NAM,2022-06-05,32.63
Namibia,NAM,2022-07-10,33.84
Nauru,NRU,2021-04-08,0
Nauru,NRU,2021-04-09,1.34
Nauru,NRU,2021-04-20,5.59
Nauru,NRU,2021-05-18,59.08
Nauru,NRU,2021-06-08,59.45
Nauru,NRU,2021-06-21,59.83
Nauru,NRU,2021-06-29,74.43
Nauru,NRU,2021-07-13,84.37
Nauru,NRU,2021-07-20,115.71
Nauru,NRU,2021-07-27,118.16
Nauru,NRU,2021-08-31,118.79
Nauru,NRU,2022-01-18,120.91
Nauru,NRU,2022-04-04,134.46
Nauru,NRU,2022-04-11,183.63
Nauru,NRU,2022-07-04,189.08
Nauru,NRU,2022-07-11,191.86
Nepal,NPL,2021-01-26,0
Nepal,NPL,2021-02-01,0.38
Nepal,NPL,2021-02-04,0.53
Nepal,NPL,2021-02-20,1.34
Nepal,NPL,2021-03-19,5.33
Nepal,NPL,2021-04-05,5.66
Nepal,NPL,2021-04-07,6.01
Nepal,NPL,2021-04-08,6.03
Nepal,NPL,2021-04-09,6.11
Nepal,NPL,2021-04-10,6.13
Nepal,NPL,2021-04-11,6.16
Nepal,NPL,2021-04-13,6.24
Nepal,NPL,2021-04-15,6.28
Nepal,NPL,2021-04-16,6.33
Nepal,NPL,2021-04-17,6.36
Nepal,NPL,2021-04-18,6.41
Nepal,NPL,2021-04-19,6.45
Nepal,NPL,2021-04-20,6.53
Nepal,NPL,2021-04-21,6.55
Nepal,NPL,2021-04-22,6.59
Nepal,NPL,2021-04-23,6.62
Nepal,NPL,2021-04-25,6.68
Nepal,NPL,2021-04-26,6.72
Nepal,NPL,2021-04-27,6.83
Nepal,NPL,2021-04-28,6.96
Nepal,NPL,2021-05-07,8.17
Nepal,NPL,2021-05-18,8.46
Nepal,NPL,2021-05-20,8.65
Nepal,NPL,2021-05-21,8.75
Nepal,NPL,2021-05-22,8.81
Nepal,NPL,2021-05-23,8.88
Nepal,NPL,2021-05-24,9.01
Nepal,NPL,2021-05-25,9.08
Nepal,NPL,2021-05-26,9.13
Nepal,NPL,2021-05-27,9.19
Nepal,NPL,2021-05-28,9.22
Nepal,NPL,2021-05-29,9.32
Nepal,NPL,2021-05-30,9.33
Nepal,NPL,2021-06-06,9.34
Nepal,NPL,2021-06-09,9.53
Nepal,NPL,2021-06-10,9.78
Nepal,NPL,2021-06-12,10.24
Nepal,NPL,2021-06-15,10.42
Nepal,NPL,2021-06-16,10.5
Nepal,NPL,2021-06-19,10.76
Nepal,NPL,2021-06-26,11.09
Nepal,NPL,2021-06-27,11.1
Nepal,NPL,2021-06-28,11.12
Nepal,NPL,2021-06-29,11.17
Nepal,NPL,2021-06-30,11.17
Nepal,NPL,2021-07-01,11.19
Nepal,NPL,2021-07-03,11.2
Nepal,NPL,2021-07-04,11.2
Nepal,NPL,2021-07-05,11.23
Nepal,NPL,2021-07-07,11.53
Nepal,NPL,2021-07-09,11.91
Nepal,NPL,2021-07-11,12.16
Nepal,NPL,2021-07-12,12.29
Nepal,NPL,2021-07-13,12.37
Nepal,NPL,2021-07-14,12.42
Nepal,NPL,2021-07-16,12.94
Nepal,NPL,2021-07-17,13.45
Nepal,NPL,2021-07-18,13.75
Nepal,NPL,2021-07-20,14.35
Nepal,NPL,2021-07-22,15.28
Nepal,NPL,2021-07-23,15.52
Nepal,NPL,2021-07-24,15.79
Nepal,NPL,2021-07-25,15.92
Nepal,NPL,2021-07-26,16.08
Nepal,NPL,2021-07-27,16.38
Nepal,NPL,2021-07-28,16.8
Nepal,NPL,2021-07-29,17.31
Nepal,NPL,2021-07-31,18.92
Nepal,NPL,2021-08-01,19.57
Nepal,NPL,2021-08-02,20.52
Nepal,NPL,2021-08-03,20.83
Nepal,NPL,2021-08-04,21.22
Nepal,NPL,2021-08-05,21.61
Nepal,NPL,2021-08-06,22.01
Nepal,NPL,2021-08-07,22.65
Nepal,NPL,2021-08-08,23.26
Nepal,NPL,2021-08-09,23.74
Nepal,NPL,2021-08-10,24.18
Nepal,NPL,2021-08-11,24.83
Nepal,NPL,2021-08-12,25.02
Nepal,NPL,2021-08-14,26.56
Nepal,NPL,2021-08-15,26.8
Nepal,NPL,2021-08-16,27.32
Nepal,NPL,2021-08-17,27.81
Nepal,NPL,2021-08-18,28.09
Nepal,NPL,2021-08-19,28.39
Nepal,NPL,2021-08-20,28.99
Nepal,NPL,2021-08-21,29.2
Nepal,NPL,2021-08-22,29.26
Nepal,NPL,2021-08-23,29.3
Nepal,NPL,2021-08-25,29.52
Nepal,NPL,2021-08-26,29.75
Nepal,NPL,2021-08-27,30.35
Nepal,NPL,2021-08-30,32.34
Nepal,NPL,2021-08-31,32.63
Nepal,NPL,2021-09-01,33.6
Nepal,NPL,2021-09-02,33.64
Nepal,NPL,2021-09-03,34.19
Nepal,NPL,2021-09-04,34.55
Nepal,NPL,2021-09-05,34.72
Nepal,NPL,2021-09-06,35.08
Nepal,NPL,2021-09-07,35.35
Nepal,NPL,2021-09-09,36.06
Nepal,NPL,2021-09-10,36.16
Nepal,NPL,2021-09-11,36.39
Nepal,NPL,2021-09-12,36.43
Nepal,NPL,2021-09-13,36.73
Nepal,NPL,2021-09-14,37.02
Nepal,NPL,2021-09-15,38.02
Nepal,NPL,2021-09-16,38.39
Nepal,NPL,2021-09-17,38.59
Nepal,NPL,2021-09-18,39.16
Nepal,NPL,2021-09-19,39.23
Nepal,NPL,2021-09-22,40.01
Nepal,NPL,2021-09-23,40.47
Nepal,NPL,2021-09-24,41.04
Nepal,NPL,2021-09-25,41.76
Nepal,NPL,2021-09-26,42.1
Nepal,NPL,2021-09-27,43.14
Nepal,NPL,2021-09-28,43.84
Nepal,NPL,2021-09-29,44.79
Nepal,NPL,2021-09-30,45.75
Nepal,NPL,2021-10-02,46.76
Nepal,NPL,2021-10-03,46.84
Nepal,NPL,2021-10-04,47.24
Nepal,NPL,2021-10-05,47.69
Nepal,NPL,2021-10-06,47.88
Nepal,NPL,2021-10-07,48.07
Nepal,NPL,2021-10-08,48.22
Nepal,NPL,2021-10-09,48.52
Nepal,NPL,2021-10-10,48.79
Nepal,NPL,2021-10-11,49.21
Nepal,NPL,2021-10-12,49.44
Nepal,NPL,2021-10-13,49.45
Nepal,NPL,2021-10-14,49.47
Nepal,NPL,2021-10-18,49.56
Nepal,NPL,2021-10-19,50.1
Nepal,NPL,2021-10-25,50.84
Nepal,NPL,2021-11-01,53
Nepal,NPL,2021-11-07,53.85
Nepal,NPL,2021-11-16,55.06
Nepal,NPL,2021-11-22,57.25
Nepal,NPL,2021-11-29,60.99
Nepal,NPL,2021-12-06,63.78
Nepal,NPL,2021-12-20,73.21
Nepal,NPL,2022-01-04,84.15
Nepal,NPL,2022-01-10,88.52
Nepal,NPL,2022-01-16,93.11
Nepal,NPL,2022-01-24,98.77
Nepal,NPL,2022-01-31,105.35
Nepal,NPL,2022-02-07,114.39
Nepal,NPL,2022-02-13,118.35
Nepal,NPL,2022-02-23,121.78
Nepal,NPL,2022-02-24,122.16
Nepal,NPL,2022-02-25,122.57
Nepal,NPL,2022-02-27,123.14
Nepal,NPL,2022-02-28,123.61
Nepal,NPL,2022-03-01,123.97
Nepal,NPL,2022-03-02,124.09
Nepal,NPL,2022-03-04,124.63
Nepal,NPL,2022-03-05,125.46
Nepal,NPL,2022-03-08,127.33
Nepal,NPL,2022-03-09,127.66
Nepal,NPL,2022-03-11,128.51
Nepal,NPL,2022-03-12,128.85
Nepal,NPL,2022-03-13,129.15
Nepal,NPL,2022-03-14,129.46
Nepal,NPL,2022-03-15,129.83
Nepal,NPL,2022-03-16,130.19
Nepal,NPL,2022-03-17,130.69
Nepal,NPL,2022-03-18,130.78
Nepal,NPL,2022-03-19,130.81
Nepal,NPL,2022-03-21,131.1
Nepal,NPL,2022-03-22,131.34
Nepal,NPL,2022-03-23,131.68
Nepal,NPL,2022-03-24,131.96
Nepal,NPL,2022-03-25,132.18
Nepal,NPL,2022-03-26,132.35
Nepal,NPL,2022-03-27,132.44
Nepal,NPL,2022-03-28,132.79
Nepal,NPL,2022-03-29,132.96
Nepal,NPL,2022-03-30,133.2
Nepal,NPL,2022-03-31,133.41
Nepal,NPL,2022-04-03,133.91
Nepal,NPL,2022-04-04,134.11
Nepal,NPL,2022-04-05,134.17
Nepal,NPL,2022-04-06,134.36
Nepal,NPL,2022-04-07,134.53
Nepal,NPL,2022-04-08,134.62
Nepal,NPL,2022-04-10,134.69
Nepal,NPL,2022-04-11,134.74
Nepal,NPL,2022-04-12,134.91
Nepal,NPL,2022-04-13,135.1
Nepal,NPL,2022-04-14,135.3
Nepal,NPL,2022-04-17,135.46
Nepal,NPL,2022-04-18,135.55
Nepal,NPL,2022-04-19,135.79
Nepal,NPL,2022-04-20,136.05
Nepal,NPL,2022-04-21,136.17
Nepal,NPL,2022-04-23,136.76
Nepal,NPL,2022-04-24,136.92
Nepal,NPL,2022-04-25,137.33
Nepal,NPL,2022-04-26,137.62
Nepal,NPL,2022-04-27,138.03
Nepal,NPL,2022-04-29,139.07
Nepal,NPL,2022-04-30,139.31
Nepal,NPL,2022-05-01,139.41
Nepal,NPL,2022-05-02,139.47
Nepal,NPL,2022-05-03,139.78
Nepal,NPL,2022-05-04,139.88
Nepal,NPL,2022-05-05,140.19
Nepal,NPL,2022-05-06,140.47
Nepal,NPL,2022-05-07,140.7
Nepal,NPL,2022-05-08,140.77
Nepal,NPL,2022-05-09,140.9
Nepal,NPL,2022-05-10,141.17
Nepal,NPL,2022-05-11,141.2
Nepal,NPL,2022-05-12,141.28
Nepal,NPL,2022-05-15,141.31
Nepal,NPL,2022-05-18,141.43
Nepal,NPL,2022-05-20,141.5
Nepal,NPL,2022-05-22,141.56
Nepal,NPL,2022-05-23,141.66
Nepal,NPL,2022-05-24,141.73
Nepal,NPL,2022-05-25,141.89
Nepal,NPL,2022-05-26,142.1
Nepal,NPL,2022-05-27,142.32
Nepal,NPL,2022-05-28,142.67
Nepal,NPL,2022-05-29,142.84
Nepal,NPL,2022-05-30,142.89
Nepal,NPL,2022-06-01,143.9
Nepal,NPL,2022-06-02,144.38
Nepal,NPL,2022-06-03,144.65
Nepal,NPL,2022-06-04,145.27
Nepal,NPL,2022-06-05,145.31
Nepal,NPL,2022-06-06,145.64
Nepal,NPL,2022-06-07,146
Nepal,NPL,2022-06-08,146.39
Nepal,NPL,2022-06-09,146.78
Nepal,NPL,2022-06-10,147.05
Nepal,NPL,2022-06-11,147.32
Nepal,NPL,2022-06-14,148.61
Nepal,NPL,2022-06-15,149.17
Nepal,NPL,2022-06-16,149.51
Nepal,NPL,2022-06-17,150.02
Nepal,NPL,2022-06-18,150.23
Nepal,NPL,2022-06-19,150.41
Nepal,NPL,2022-06-21,151.14
Nepal,NPL,2022-06-22,151.49
Nepal,NPL,2022-06-23,151.77
Nepal,NPL,2022-06-24,152.27
Nepal,NPL,2022-06-25,152.46
Nepal,NPL,2022-06-26,152.65
Nepal,NPL,2022-06-27,153.08
Nepal,NPL,2022-06-28,153.53
Nepal,NPL,2022-07-03,155.63
Nepal,NPL,2022-07-04,156.11
Nepal,NPL,2022-07-11,169.34
Nepal,NPL,2022-07-19,171.68
Nepal,NPL,2022-07-23,174.03
Netherlands,NLD,2021-01-08,0.2
Netherlands,NLD,2021-01-15,0.44
Netherlands,NLD,2021-01-22,0.94
Netherlands,NLD,2021-01-29,1.84
Netherlands,NLD,2021-02-05,2.96
Netherlands,NLD,2021-02-12,4.1
Netherlands,NLD,2021-02-19,5.34
Netherlands,NLD,2021-02-26,7.12
Netherlands,NLD,2021-03-05,8.58
Netherlands,NLD,2021-03-12,9.98
Netherlands,NLD,2021-03-19,11.12
Netherlands,NLD,2021-03-26,12.64
Netherlands,NLD,2021-04-02,15.05
Netherlands,NLD,2021-04-09,17.79
Netherlands,NLD,2021-04-16,21.88
Netherlands,NLD,2021-04-23,25.72
Netherlands,NLD,2021-04-30,29.49
Netherlands,NLD,2021-05-07,33.75
Netherlands,NLD,2021-05-14,38.92
Netherlands,NLD,2021-05-21,44.96
Netherlands,NLD,2021-05-28,50.65
Netherlands,NLD,2021-06-04,56.91
Netherlands,NLD,2021-06-11,65.62
Netherlands,NLD,2021-06-18,73.37
Netherlands,NLD,2021-06-25,81.56
Netherlands,NLD,2021-07-02,90.13
Netherlands,NLD,2021-07-09,97.93
Netherlands,NLD,2021-07-16,104.69
Netherlands,NLD,2021-07-23,109.77
Netherlands,NLD,2021-07-30,114.45
Netherlands,NLD,2021-08-06,119.22
Netherlands,NLD,2021-08-13,123.48
Netherlands,NLD,2021-08-20,125.3
Netherlands,NLD,2021-08-27,126.89
Netherlands,NLD,2021-09-03,128.03
Netherlands,NLD,2021-09-10,128.75
Netherlands,NLD,2021-09-17,129.61
Netherlands,NLD,2021-09-24,130.38
Netherlands,NLD,2021-10-01,131.05
Netherlands,NLD,2021-10-08,131.64
Netherlands,NLD,2021-10-15,132.24
Netherlands,NLD,2021-10-22,132.86
Netherlands,NLD,2021-10-29,133.5
Netherlands,NLD,2021-11-05,134.21
Netherlands,NLD,2021-11-12,134.9
Netherlands,NLD,2021-11-19,135.54
Netherlands,NLD,2021-11-26,137.1
Netherlands,NLD,2021-12-03,139.4
Netherlands,NLD,2021-12-10,142.9
Netherlands,NLD,2021-12-17,148.15
Netherlands,NLD,2021-12-24,155.58
Netherlands,NLD,2021-12-31,164.89
Netherlands,NLD,2022-01-07,175.7
Netherlands,NLD,2022-01-14,182.2
Netherlands,NLD,2022-01-21,184.9
Netherlands,NLD,2022-01-28,186.56
Netherlands,NLD,2022-02-04,187.84
Netherlands,NLD,2022-02-11,188.62
Netherlands,NLD,2022-02-18,189.04
Netherlands,NLD,2022-02-25,189.38
Netherlands,NLD,2022-03-04,189.87
Netherlands,NLD,2022-03-11,190.97
Netherlands,NLD,2022-03-18,192.67
Netherlands,NLD,2022-03-25,194.67
Netherlands,NLD,2022-04-01,196.88
Netherlands,NLD,2022-04-08,198.72
Netherlands,NLD,2022-04-15,200.07
Netherlands,NLD,2022-04-22,201.11
Netherlands,NLD,2022-04-29,201.75
Netherlands,NLD,2022-05-06,202.24
Netherlands,NLD,2022-05-13,202.62
Netherlands,NLD,2022-05-20,203.03
Netherlands,NLD,2022-05-27,203.33
Netherlands,NLD,2022-06-03,203.61
Netherlands,NLD,2022-06-10,203.87
Netherlands,NLD,2022-06-17,204.31
Netherlands,NLD,2022-06-24,204.91
Netherlands,NLD,2022-07-01,205.46
Netherlands,NLD,2022-07-08,205.96
New Caledonia,NCL,2021-02-02,0.39
New Caledonia,NCL,2021-02-10,0.58
New Caledonia,NCL,2021-02-16,0.95
New Caledonia,NCL,2021-02-23,1.55
New Caledonia,NCL,2021-03-09,3.39
New Caledonia,NCL,2021-03-16,5.48
New Caledonia,NCL,2021-03-23,7.89
New Caledonia,NCL,2021-03-30,10.05
New Caledonia,NCL,2021-04-07,12.95
New Caledonia,NCL,2021-04-13,15.36
New Caledonia,NCL,2021-04-20,18.37
New Caledonia,NCL,2021-04-27,21.17
New Caledonia,NCL,2021-05-04,23.54
New Caledonia,NCL,2021-05-11,26.26
New Caledonia,NCL,2021-05-18,28.05
New Caledonia,NCL,2021-05-25,30.1
New Caledonia,NCL,2021-06-01,32.17
New Caledonia,NCL,2021-06-08,34.31
New Caledonia,NCL,2021-06-15,35.15
New Caledonia,NCL,2021-06-21,36.37
New Caledonia,NCL,2021-06-29,38.66
New Caledonia,NCL,2021-07-06,40.03
New Caledonia,NCL,2021-07-20,42.8
New Caledonia,NCL,2021-07-27,43.69
New Caledonia,NCL,2021-08-02,45.2
New Caledonia,NCL,2021-08-09,46.49
New Caledonia,NCL,2021-08-16,48.31
New Caledonia,NCL,2021-08-23,50.37
New Caledonia,NCL,2021-08-31,52.78
New Caledonia,NCL,2021-09-07,54.99
New Caledonia,NCL,2021-09-14,61.44
New Caledonia,NCL,2021-09-21,71.85
New Caledonia,NCL,2021-09-28,77.74
New Caledonia,NCL,2021-10-05,87.4
New Caledonia,NCL,2021-10-12,99.66
New Caledonia,NCL,2021-10-18,108.59
New Caledonia,NCL,2021-10-25,112.74
New Caledonia,NCL,2021-11-01,116.03
New Caledonia,NCL,2021-11-08,118.14
New Caledonia,NCL,2021-11-15,119.11
New Caledonia,NCL,2021-11-22,120.61
New Caledonia,NCL,2021-11-30,121.74
New Caledonia,NCL,2021-12-06,122.29
New Caledonia,NCL,2021-12-13,123.12
New Caledonia,NCL,2021-12-20,123.6
New Caledonia,NCL,2022-01-04,124.55
New Caledonia,NCL,2022-01-11,124.87
New Caledonia,NCL,2022-01-18,125.4
New Caledonia,NCL,2022-01-24,125.81
New Caledonia,NCL,2022-01-31,126.23
New Caledonia,NCL,2022-02-07,126.45
New Caledonia,NCL,2022-02-14,126.84
New Caledonia,NCL,2022-02-21,127.23
New Caledonia,NCL,2022-02-28,127.49
New Caledonia,NCL,2022-03-07,127.62
New Caledonia,NCL,2022-03-14,127.7
New Caledonia,NCL,2022-03-21,127.76
New Caledonia,NCL,2022-03-28,127.83
New Caledonia,NCL,2022-04-04,159.39
New Caledonia,NCL,2022-04-11,159.47
New Caledonia,NCL,2022-04-18,159.51
New Caledonia,NCL,2022-04-25,159.6
New Caledonia,NCL,2022-05-02,159.74
New Caledonia,NCL,2022-05-09,159.89
New Caledonia,NCL,2022-05-16,159.98
New Caledonia,NCL,2022-05-23,160.14
New Caledonia,NCL,2022-05-30,160.21
New Caledonia,NCL,2022-06-06,160.27
New Caledonia,NCL,2022-06-13,160.36
New Caledonia,NCL,2022-06-20,160.43
New Caledonia,NCL,2022-07-04,160.57
New Caledonia,NCL,2022-07-18,160.71
New Zealand,NZL,2021-02-14,0
New Zealand,NZL,2021-02-15,0
New Zealand,NZL,2021-02-17,0
New Zealand,NZL,2021-02-19,0
New Zealand,NZL,2021-02-20,0
New Zealand,NZL,2021-02-21,0
New Zealand,NZL,2021-02-22,0.01
New Zealand,NZL,2021-02-23,0.02
New Zealand,NZL,2021-02-24,0.03
New Zealand,NZL,2021-02-25,0.06
New Zealand,NZL,2021-02-26,0.09
New Zealand,NZL,2021-02-27,0.11
New Zealand,NZL,2021-02-28,0.13
New Zealand,NZL,2021-03-01,0.16
New Zealand,NZL,2021-03-02,0.19
New Zealand,NZL,2021-03-03,0.23
New Zealand,NZL,2021-03-04,0.26
New Zealand,NZL,2021-03-05,0.28
New Zealand,NZL,2021-03-06,0.29
New Zealand,NZL,2021-03-07,0.3
New Zealand,NZL,2021-03-08,0.33
New Zealand,NZL,2021-03-09,0.35
New Zealand,NZL,2021-03-10,0.38
New Zealand,NZL,2021-03-11,0.4
New Zealand,NZL,2021-03-12,0.43
New Zealand,NZL,2021-03-13,0.44
New Zealand,NZL,2021-03-14,0.45
New Zealand,NZL,2021-03-15,0.49
New Zealand,NZL,2021-03-16,0.53
New Zealand,NZL,2021-03-17,0.57
New Zealand,NZL,2021-03-18,0.61
New Zealand,NZL,2021-03-19,0.66
New Zealand,NZL,2021-03-20,0.68
New Zealand,NZL,2021-03-21,0.71
New Zealand,NZL,2021-03-22,0.76
New Zealand,NZL,2021-03-23,0.81
New Zealand,NZL,2021-03-24,0.88
New Zealand,NZL,2021-03-25,0.94
New Zealand,NZL,2021-03-26,1.04
New Zealand,NZL,2021-03-27,1.08
New Zealand,NZL,2021-03-28,1.1
New Zealand,NZL,2021-03-29,1.19
New Zealand,NZL,2021-03-30,1.31
New Zealand,NZL,2021-03-31,1.44
New Zealand,NZL,2021-04-01,1.56
New Zealand,NZL,2021-04-02,1.6
New Zealand,NZL,2021-04-03,1.64
New Zealand,NZL,2021-04-04,1.66
New Zealand,NZL,2021-04-05,1.68
New Zealand,NZL,2021-04-06,1.78
New Zealand,NZL,2021-04-07,1.92
New Zealand,NZL,2021-04-08,2.08
New Zealand,NZL,2021-04-09,2.22
New Zealand,NZL,2021-04-10,2.3
New Zealand,NZL,2021-04-11,2.37
New Zealand,NZL,2021-04-12,2.52
New Zealand,NZL,2021-04-13,2.68
New Zealand,NZL,2021-04-14,2.84
New Zealand,NZL,2021-04-15,3.01
New Zealand,NZL,2021-04-16,3.2
New Zealand,NZL,2021-04-17,3.3
New Zealand,NZL,2021-04-18,3.34
New Zealand,NZL,2021-04-19,3.48
New Zealand,NZL,2021-04-20,3.65
New Zealand,NZL,2021-04-21,3.85
New Zealand,NZL,2021-04-22,4.06
New Zealand,NZL,2021-04-23,4.28
New Zealand,NZL,2021-04-24,4.37
New Zealand,NZL,2021-04-25,4.42
New Zealand,NZL,2021-04-26,4.46
New Zealand,NZL,2021-04-27,4.66
New Zealand,NZL,2021-04-28,4.87
New Zealand,NZL,2021-04-29,5.12
New Zealand,NZL,2021-04-30,5.38
New Zealand,NZL,2021-05-01,5.49
New Zealand,NZL,2021-05-02,5.55
New Zealand,NZL,2021-05-03,5.76
New Zealand,NZL,2021-05-04,6.03
New Zealand,NZL,2021-05-05,6.32
New Zealand,NZL,2021-05-06,6.61
New Zealand,NZL,2021-05-07,6.94
New Zealand,NZL,2021-05-08,7.08
New Zealand,NZL,2021-05-09,7.15
New Zealand,NZL,2021-05-10,7.38
New Zealand,NZL,2021-05-11,7.68
New Zealand,NZL,2021-05-12,7.97
New Zealand,NZL,2021-05-13,8.28
New Zealand,NZL,2021-05-14,8.6
New Zealand,NZL,2021-05-15,8.72
New Zealand,NZL,2021-05-16,8.8
New Zealand,NZL,2021-05-17,9.01
New Zealand,NZL,2021-05-18,9.3
New Zealand,NZL,2021-05-19,9.6
New Zealand,NZL,2021-05-20,9.91
New Zealand,NZL,2021-05-21,10.21
New Zealand,NZL,2021-05-22,10.36
New Zealand,NZL,2021-05-23,10.44
New Zealand,NZL,2021-05-24,10.69
New Zealand,NZL,2021-05-25,11.03
New Zealand,NZL,2021-05-26,11.4
New Zealand,NZL,2021-05-27,11.73
New Zealand,NZL,2021-05-28,12.13
New Zealand,NZL,2021-05-29,12.33
New Zealand,NZL,2021-05-30,12.43
New Zealand,NZL,2021-05-31,12.71
New Zealand,NZL,2021-06-01,13.1
New Zealand,NZL,2021-06-02,13.51
New Zealand,NZL,2021-06-03,13.96
New Zealand,NZL,2021-06-04,14.36
New Zealand,NZL,2021-06-05,14.55
New Zealand,NZL,2021-06-06,14.65
New Zealand,NZL,2021-06-07,14.75
New Zealand,NZL,2021-06-08,15.18
New Zealand,NZL,2021-06-09,15.4
New Zealand,NZL,2021-06-10,15.86
New Zealand,NZL,2021-06-11,16.28
New Zealand,NZL,2021-06-12,16.51
New Zealand,NZL,2021-06-13,16.65
New Zealand,NZL,2021-06-14,17
New Zealand,NZL,2021-06-15,17.44
New Zealand,NZL,2021-06-16,17.91
New Zealand,NZL,2021-06-17,18.37
New Zealand,NZL,2021-06-18,18.77
New Zealand,NZL,2021-06-19,19.01
New Zealand,NZL,2021-06-20,19.15
New Zealand,NZL,2021-06-21,19.5
New Zealand,NZL,2021-06-22,19.94
New Zealand,NZL,2021-06-23,20.43
New Zealand,NZL,2021-06-24,20.9
New Zealand,NZL,2021-06-25,21.33
New Zealand,NZL,2021-06-26,21.61
New Zealand,NZL,2021-06-27,21.75
New Zealand,NZL,2021-06-28,22.07
New Zealand,NZL,2021-06-29,22.48
New Zealand,NZL,2021-06-30,22.92
New Zealand,NZL,2021-07-01,23.37
New Zealand,NZL,2021-07-02,23.76
New Zealand,NZL,2021-07-03,24.01
New Zealand,NZL,2021-07-04,24.14
New Zealand,NZL,2021-07-05,24.44
New Zealand,NZL,2021-07-06,24.85
New Zealand,NZL,2021-07-07,25.3
New Zealand,NZL,2021-07-08,25.78
New Zealand,NZL,2021-07-09,26.2
New Zealand,NZL,2021-07-10,26.51
New Zealand,NZL,2021-07-11,26.66
New Zealand,NZL,2021-07-12,27
New Zealand,NZL,2021-07-13,27.44
New Zealand,NZL,2021-07-14,27.93
New Zealand,NZL,2021-07-15,28.39
New Zealand,NZL,2021-07-16,28.82
New Zealand,NZL,2021-07-17,29.14
New Zealand,NZL,2021-07-18,29.31
New Zealand,NZL,2021-07-19,29.75
New Zealand,NZL,2021-07-20,30.34
New Zealand,NZL,2021-07-21,31.01
New Zealand,NZL,2021-07-22,31.64
New Zealand,NZL,2021-07-23,32.24
New Zealand,NZL,2021-07-24,32.73
New Zealand,NZL,2021-07-25,33
New Zealand,NZL,2021-07-26,33.6
New Zealand,NZL,2021-07-27,34.36
New Zealand,NZL,2021-07-28,35.17
New Zealand,NZL,2021-07-29,35.95
New Zealand,NZL,2021-07-30,36.77
New Zealand,NZL,2021-07-31,37.53
New Zealand,NZL,2021-08-01,37.97
New Zealand,NZL,2021-08-02,38.65
New Zealand,NZL,2021-08-03,39.49
New Zealand,NZL,2021-08-04,40.38
New Zealand,NZL,2021-08-05,41.2
New Zealand,NZL,2021-08-06,42.02
New Zealand,NZL,2021-08-07,42.74
New Zealand,NZL,2021-08-08,43.14
New Zealand,NZL,2021-08-09,43.89
New Zealand,NZL,2021-08-10,44.81
New Zealand,NZL,2021-08-11,45.76
New Zealand,NZL,2021-08-12,46.72
New Zealand,NZL,2021-08-13,47.64
New Zealand,NZL,2021-08-14,48.49
New Zealand,NZL,2021-08-15,48.99
New Zealand,NZL,2021-08-16,49.9
New Zealand,NZL,2021-08-17,50.99
New Zealand,NZL,2021-08-18,51
New Zealand,NZL,2021-08-19,51.6
New Zealand,NZL,2021-08-20,52.75
New Zealand,NZL,2021-08-21,53.81
New Zealand,NZL,2021-08-22,54.54
New Zealand,NZL,2021-08-23,55.83
New Zealand,NZL,2021-08-24,57.45
New Zealand,NZL,2021-08-25,59.21
New Zealand,NZL,2021-08-26,61.03
New Zealand,NZL,2021-08-27,62.83
New Zealand,NZL,2021-08-28,64.37
New Zealand,NZL,2021-08-29,65.32
New Zealand,NZL,2021-08-30,66.85
New Zealand,NZL,2021-08-31,68.55
New Zealand,NZL,2021-09-01,70.33
New Zealand,NZL,2021-09-02,72.09
New Zealand,NZL,2021-09-03,73.81
New Zealand,NZL,2021-09-04,75.34
New Zealand,NZL,2021-09-05,76.1
New Zealand,NZL,2021-09-06,77.41
New Zealand,NZL,2021-09-07,78.85
New Zealand,NZL,2021-09-08,80.16
New Zealand,NZL,2021-09-09,81.37
New Zealand,NZL,2021-09-10,82.65
New Zealand,NZL,2021-09-11,83.86
New Zealand,NZL,2021-09-12,84.53
New Zealand,NZL,2021-09-13,85.61
New Zealand,NZL,2021-09-14,86.83
New Zealand,NZL,2021-09-15,88.07
New Zealand,NZL,2021-09-16,89.27
New Zealand,NZL,2021-09-17,90.46
New Zealand,NZL,2021-09-18,91.51
New Zealand,NZL,2021-09-19,92.04
New Zealand,NZL,2021-09-20,93.03
New Zealand,NZL,2021-09-21,94.09
New Zealand,NZL,2021-09-22,95.06
New Zealand,NZL,2021-09-23,96.04
New Zealand,NZL,2021-09-24,97.03
New Zealand,NZL,2021-09-25,98.04
New Zealand,NZL,2021-09-26,98.53
New Zealand,NZL,2021-09-27,99.33
New Zealand,NZL,2021-09-28,100.2
New Zealand,NZL,2021-09-29,101.01
New Zealand,NZL,2021-09-30,101.92
New Zealand,NZL,2021-10-01,102.85
New Zealand,NZL,2021-10-02,103.83
New Zealand,NZL,2021-10-03,104.36
New Zealand,NZL,2021-10-04,105.46
New Zealand,NZL,2021-10-05,106.71
New Zealand,NZL,2021-10-06,108.09
New Zealand,NZL,2021-10-07,109.71
New Zealand,NZL,2021-10-08,111.4
New Zealand,NZL,2021-10-09,113
New Zealand,NZL,2021-10-10,113.83
New Zealand,NZL,2021-10-11,115.19
New Zealand,NZL,2021-10-12,116.62
New Zealand,NZL,2021-10-13,117.97
New Zealand,NZL,2021-10-14,119.31
New Zealand,NZL,2021-10-15,120.67
New Zealand,NZL,2021-10-16,123.23
New Zealand,NZL,2021-10-17,123.81
New Zealand,NZL,2021-10-18,124.65
New Zealand,NZL,2021-10-19,125.49
New Zealand,NZL,2021-10-20,126.34
New Zealand,NZL,2021-10-21,127.15
New Zealand,NZL,2021-10-22,128.03
New Zealand,NZL,2021-10-23,128.86
New Zealand,NZL,2021-10-24,129.24
New Zealand,NZL,2021-10-25,129.45
New Zealand,NZL,2021-10-26,130.27
New Zealand,NZL,2021-10-27,131.04
New Zealand,NZL,2021-10-28,131.93
New Zealand,NZL,2021-10-29,132.78
New Zealand,NZL,2021-10-30,133.62
New Zealand,NZL,2021-10-31,134.01
New Zealand,NZL,2021-11-01,134.56
New Zealand,NZL,2021-11-02,135.13
New Zealand,NZL,2021-11-03,135.67
New Zealand,NZL,2021-11-04,136.19
New Zealand,NZL,2021-11-05,136.75
New Zealand,NZL,2021-11-06,137.41
New Zealand,NZL,2021-11-07,137.7
New Zealand,NZL,2021-11-08,138.12
New Zealand,NZL,2021-11-09,138.57
New Zealand,NZL,2021-11-10,139.01
New Zealand,NZL,2021-11-11,139.47
New Zealand,NZL,2021-11-12,139.93
New Zealand,NZL,2021-11-13,140.47
New Zealand,NZL,2021-11-14,140.75
New Zealand,NZL,2021-11-15,141.18
New Zealand,NZL,2021-11-16,141.61
New Zealand,NZL,2021-11-17,142.02
New Zealand,NZL,2021-11-18,142.44
New Zealand,NZL,2021-11-19,142.89
New Zealand,NZL,2021-11-20,143.32
New Zealand,NZL,2021-11-21,143.51
New Zealand,NZL,2021-11-22,143.83
New Zealand,NZL,2021-11-23,144.21
New Zealand,NZL,2021-11-24,144.59
New Zealand,NZL,2021-11-25,144.97
New Zealand,NZL,2021-11-26,145.42
New Zealand,NZL,2021-11-27,145.92
New Zealand,NZL,2021-11-28,146.2
New Zealand,NZL,2021-11-29,147.01
New Zealand,NZL,2021-11-30,147.83
New Zealand,NZL,2021-12-01,148.61
New Zealand,NZL,2021-12-02,149.39
New Zealand,NZL,2021-12-03,150.16
New Zealand,NZL,2021-12-04,150.7
New Zealand,NZL,2021-12-05,150.93
New Zealand,NZL,2021-12-06,151.42
New Zealand,NZL,2021-12-07,151.9
New Zealand,NZL,2021-12-08,152.35
New Zealand,NZL,2021-12-09,152.78
New Zealand,NZL,2021-12-10,153.19
New Zealand,NZL,2021-12-11,153.51
New Zealand,NZL,2021-12-12,153.65
New Zealand,NZL,2021-12-13,154.02
New Zealand,NZL,2021-12-14,154.42
New Zealand,NZL,2021-12-15,154.83
New Zealand,NZL,2021-12-16,155.25
New Zealand,NZL,2021-12-17,155.67
New Zealand,NZL,2021-12-18,155.98
New Zealand,NZL,2021-12-19,156.12
New Zealand,NZL,2021-12-20,156.52
New Zealand,NZL,2021-12-21,156.95
New Zealand,NZL,2021-12-22,157.4
New Zealand,NZL,2021-12-23,157.82
New Zealand,NZL,2021-12-24,158.08
New Zealand,NZL,2021-12-25,158.08
New Zealand,NZL,2021-12-26,158.12
New Zealand,NZL,2021-12-27,158.2
New Zealand,NZL,2021-12-28,158.3
New Zealand,NZL,2021-12-29,158.77
New Zealand,NZL,2021-12-30,159.22
New Zealand,NZL,2021-12-31,159.57
New Zealand,NZL,2022-01-01,159.6
New Zealand,NZL,2022-01-02,159.65
New Zealand,NZL,2022-01-03,159.77
New Zealand,NZL,2022-01-04,159.91
New Zealand,NZL,2022-01-05,160.85
New Zealand,NZL,2022-01-06,161.82
New Zealand,NZL,2022-01-07,162.8
New Zealand,NZL,2022-01-08,163.29
New Zealand,NZL,2022-01-09,163.54
New Zealand,NZL,2022-01-10,164.59
New Zealand,NZL,2022-01-11,165.61
New Zealand,NZL,2022-01-12,166.55
New Zealand,NZL,2022-01-13,167.48
New Zealand,NZL,2022-01-14,168.38
New Zealand,NZL,2022-01-15,168.87
New Zealand,NZL,2022-01-16,169.09
New Zealand,NZL,2022-01-17,170.18
New Zealand,NZL,2022-01-18,171.28
New Zealand,NZL,2022-01-19,172.31
New Zealand,NZL,2022-01-20,173.36
New Zealand,NZL,2022-01-21,174.51
New Zealand,NZL,2022-01-22,175.3
New Zealand,NZL,2022-01-23,175.87
New Zealand,NZL,2022-01-24,177.33
New Zealand,NZL,2022-01-25,178.82
New Zealand,NZL,2022-01-26,180.18
New Zealand,NZL,2022-01-27,181.43
New Zealand,NZL,2022-01-28,182.66
New Zealand,NZL,2022-01-29,183.47
New Zealand,NZL,2022-01-30,183.84
New Zealand,NZL,2022-01-31,184.43
New Zealand,NZL,2022-02-01,185.43
New Zealand,NZL,2022-02-02,186.32
New Zealand,NZL,2022-02-03,187.37
New Zealand,NZL,2022-02-04,188.82
New Zealand,NZL,2022-02-05,189.91
New Zealand,NZL,2022-02-06,190.44
New Zealand,NZL,2022-02-07,190.85
New Zealand,NZL,2022-02-08,192.14
New Zealand,NZL,2022-02-09,193.33
New Zealand,NZL,2022-02-10,194.41
New Zealand,NZL,2022-02-11,195.63
New Zealand,NZL,2022-02-12,196.73
New Zealand,NZL,2022-02-13,197.18
New Zealand,NZL,2022-02-14,198.17
New Zealand,NZL,2022-02-15,199.16
New Zealand,NZL,2022-02-16,200.03
New Zealand,NZL,2022-02-17,200.81
New Zealand,NZL,2022-02-18,201.67
New Zealand,NZL,2022-02-19,202.42
New Zealand,NZL,2022-02-20,202.76
New Zealand,NZL,2022-02-21,203.36
New Zealand,NZL,2022-02-22,203.93
New Zealand,NZL,2022-02-23,204.47
New Zealand,NZL,2022-02-24,205.05
New Zealand,NZL,2022-02-25,205.74
New Zealand,NZL,2022-02-26,206.39
New Zealand,NZL,2022-02-27,206.7
New Zealand,NZL,2022-02-28,207.22
New Zealand,NZL,2022-03-01,207.65
New Zealand,NZL,2022-03-02,208.06
New Zealand,NZL,2022-03-03,208.41
New Zealand,NZL,2022-03-04,208.78
New Zealand,NZL,2022-03-05,209.13
New Zealand,NZL,2022-03-06,209.27
New Zealand,NZL,2022-03-07,209.51
New Zealand,NZL,2022-03-08,209.74
New Zealand,NZL,2022-03-09,209.95
New Zealand,NZL,2022-03-10,210.15
New Zealand,NZL,2022-03-11,210.36
New Zealand,NZL,2022-03-12,210.56
New Zealand,NZL,2022-03-13,210.64
New Zealand,NZL,2022-03-14,210.85
New Zealand,NZL,2022-03-15,211.06
New Zealand,NZL,2022-03-16,211.28
New Zealand,NZL,2022-03-17,211.5
New Zealand,NZL,2022-03-18,211.74
New Zealand,NZL,2022-03-19,212.01
New Zealand,NZL,2022-03-20,212.12
New Zealand,NZL,2022-03-21,212.29
New Zealand,NZL,2022-03-22,212.46
New Zealand,NZL,2022-03-23,212.63
New Zealand,NZL,2022-03-24,212.78
New Zealand,NZL,2022-03-25,212.96
New Zealand,NZL,2022-03-26,213.17
New Zealand,NZL,2022-03-27,213.25
New Zealand,NZL,2022-03-28,213.36
New Zealand,NZL,2022-03-29,213.47
New Zealand,NZL,2022-03-30,213.57
New Zealand,NZL,2022-03-31,213.68
New Zealand,NZL,2022-04-01,213.78
New Zealand,NZL,2022-04-02,213.9
New Zealand,NZL,2022-04-03,213.95
New Zealand,NZL,2022-04-04,214.02
New Zealand,NZL,2022-04-05,214.08
New Zealand,NZL,2022-04-06,214.15
New Zealand,NZL,2022-04-07,214.22
New Zealand,NZL,2022-04-08,214.31
New Zealand,NZL,2022-04-09,214.4
New Zealand,NZL,2022-04-10,214.43
New Zealand,NZL,2022-04-11,214.49
New Zealand,NZL,2022-04-12,214.54
New Zealand,NZL,2022-04-13,214.6
New Zealand,NZL,2022-04-14,214.67
New Zealand,NZL,2022-04-15,214.67
New Zealand,NZL,2022-04-16,214.7
New Zealand,NZL,2022-04-17,214.71
New Zealand,NZL,2022-04-18,214.72
New Zealand,NZL,2022-04-19,214.78
New Zealand,NZL,2022-04-20,214.84
New Zealand,NZL,2022-04-21,214.89
New Zealand,NZL,2022-04-22,214.95
New Zealand,NZL,2022-04-23,214.99
New Zealand,NZL,2022-04-24,215.02
New Zealand,NZL,2022-04-25,215.02
New Zealand,NZL,2022-04-26,215.09
New Zealand,NZL,2022-04-27,215.14
New Zealand,NZL,2022-04-28,215.2
New Zealand,NZL,2022-04-29,215.26
New Zealand,NZL,2022-04-30,215.32
New Zealand,NZL,2022-05-01,215.33
New Zealand,NZL,2022-05-02,215.37
New Zealand,NZL,2022-05-03,215.4
New Zealand,NZL,2022-05-04,215.43
New Zealand,NZL,2022-05-05,215.46
New Zealand,NZL,2022-05-06,215.49
New Zealand,NZL,2022-05-07,215.53
New Zealand,NZL,2022-05-08,215.54
New Zealand,NZL,2022-05-09,215.57
New Zealand,NZL,2022-05-10,215.6
New Zealand,NZL,2022-05-11,215.63
New Zealand,NZL,2022-05-12,215.66
New Zealand,NZL,2022-05-13,215.69
New Zealand,NZL,2022-05-14,215.72
New Zealand,NZL,2022-05-15,215.74
New Zealand,NZL,2022-05-16,215.76
New Zealand,NZL,2022-05-17,215.79
New Zealand,NZL,2022-05-18,215.81
New Zealand,NZL,2022-05-19,215.84
New Zealand,NZL,2022-05-20,215.86
New Zealand,NZL,2022-05-21,215.89
New Zealand,NZL,2022-05-22,215.9
New Zealand,NZL,2022-05-23,215.92
New Zealand,NZL,2022-05-24,215.95
New Zealand,NZL,2022-05-25,215.97
New Zealand,NZL,2022-05-26,216
New Zealand,NZL,2022-05-27,216.02
New Zealand,NZL,2022-05-28,216.06
New Zealand,NZL,2022-05-29,216.07
New Zealand,NZL,2022-05-30,216.1
New Zealand,NZL,2022-05-31,216.12
New Zealand,NZL,2022-06-01,216.15
New Zealand,NZL,2022-06-02,216.17
New Zealand,NZL,2022-06-03,216.2
New Zealand,NZL,2022-06-04,216.23
New Zealand,NZL,2022-06-05,216.24
New Zealand,NZL,2022-06-06,216.24
New Zealand,NZL,2022-06-07,216.27
New Zealand,NZL,2022-06-08,216.3
New Zealand,NZL,2022-06-09,216.32
New Zealand,NZL,2022-06-10,216.35
New Zealand,NZL,2022-06-11,216.39
New Zealand,NZL,2022-06-12,216.4
New Zealand,NZL,2022-06-13,216.42
New Zealand,NZL,2022-06-14,216.45
New Zealand,NZL,2022-06-15,216.48
New Zealand,NZL,2022-06-16,216.5
New Zealand,NZL,2022-06-17,216.53
New Zealand,NZL,2022-06-18,216.57
New Zealand,NZL,2022-06-19,216.58
New Zealand,NZL,2022-06-20,216.61
New Zealand,NZL,2022-06-21,216.63
New Zealand,NZL,2022-06-22,216.66
New Zealand,NZL,2022-06-23,216.69
New Zealand,NZL,2022-06-24,216.7
New Zealand,NZL,2022-06-25,216.74
New Zealand,NZL,2022-06-26,216.75
New Zealand,NZL,2022-06-27,216.78
New Zealand,NZL,2022-06-28,216.93
New Zealand,NZL,2022-06-29,217.08
New Zealand,NZL,2022-06-30,217.22
New Zealand,NZL,2022-07-01,217.38
New Zealand,NZL,2022-07-02,217.47
New Zealand,NZL,2022-07-03,217.5
New Zealand,NZL,2022-07-04,217.67
New Zealand,NZL,2022-07-05,217.86
New Zealand,NZL,2022-07-06,218.12
New Zealand,NZL,2022-07-07,218.36
New Zealand,NZL,2022-07-08,218.62
New Zealand,NZL,2022-07-09,218.77
New Zealand,NZL,2022-07-10,218.83
New Zealand,NZL,2022-07-11,219.19
New Zealand,NZL,2022-07-12,219.48
New Zealand,NZL,2022-07-13,219.82
New Zealand,NZL,2022-07-14,220.18
New Zealand,NZL,2022-07-15,220.55
New Zealand,NZL,2022-07-16,220.69
New Zealand,NZL,2022-07-17,220.74
New Zealand,NZL,2022-07-18,221.04
New Zealand,NZL,2022-07-19,221.33
New Zealand,NZL,2022-07-20,221.63
New Zealand,NZL,2022-07-21,221.9
New Zealand,NZL,2022-07-22,222.2
New Zealand,NZL,2022-07-23,222.33
New Zealand,NZL,2022-07-24,222.38
New Zealand,NZL,2022-07-25,222.61
New Zealand,NZL,2022-07-26,222.85
New Zealand,NZL,2022-07-27,223.1
New Zealand,NZL,2022-07-28,223.35
New Zealand,NZL,2022-07-29,223.6
New Zealand,NZL,2022-07-30,223.72
New Zealand,NZL,2022-07-31,223.76
New Zealand,NZL,2022-08-01,223.96
New Zealand,NZL,2022-08-02,224.19
New Zealand,NZL,2022-08-03,224.4
Nicaragua,NIC,2021-03-01,0
Nicaragua,NIC,2021-04-14,0.9
Nicaragua,NIC,2021-04-24,1.97
Nicaragua,NIC,2021-05-07,2.43
Nicaragua,NIC,2021-05-21,2.45
Nicaragua,NIC,2021-07-16,6.07
Nicaragua,NIC,2021-08-17,8.47
Nicaragua,NIC,2021-08-20,8.95
Nicaragua,NIC,2021-08-27,9.43
Nicaragua,NIC,2021-09-03,9.78
Nicaragua,NIC,2021-09-10,10.73
Nicaragua,NIC,2021-09-17,11.23
Nicaragua,NIC,2021-09-25,11.51
Nicaragua,NIC,2021-10-01,12.58
Nicaragua,NIC,2021-10-08,14.6
Nicaragua,NIC,2021-10-22,19.07
Nicaragua,NIC,2021-11-05,24.45
Nicaragua,NIC,2021-11-19,88.07
Nicaragua,NIC,2021-12-01,93.08
Nicaragua,NIC,2021-12-08,99.78
Nicaragua,NIC,2021-12-10,101.35
Nicaragua,NIC,2021-12-15,106.68
Nicaragua,NIC,2021-12-29,113.64
Nicaragua,NIC,2022-01-07,116.5
Nicaragua,NIC,2022-01-12,118.76
Nicaragua,NIC,2022-01-19,122.67
Nicaragua,NIC,2022-01-26,126.41
Nicaragua,NIC,2022-02-02,129.65
Nicaragua,NIC,2022-02-11,132.34
Nicaragua,NIC,2022-02-16,134.2
Nicaragua,NIC,2022-02-18,134.2
Nicaragua,NIC,2022-02-23,136.74
Nicaragua,NIC,2022-02-25,136.74
Nicaragua,NIC,2022-03-02,138.34
Nicaragua,NIC,2022-03-09,140.31
Nicaragua,NIC,2022-03-11,140.31
Nicaragua,NIC,2022-04-01,146.03
Nicaragua,NIC,2022-04-29,151.48
Nicaragua,NIC,2022-05-06,151.88
Nicaragua,NIC,2022-05-13,152.52
Nicaragua,NIC,2022-05-20,153.1
Nicaragua,NIC,2022-05-27,154.17
Nicaragua,NIC,2022-06-03,157.08
Nicaragua,NIC,2022-06-08,160.18
Nicaragua,NIC,2022-06-10,160.18
Nicaragua,NIC,2022-06-15,162.61
Nicaragua,NIC,2022-06-17,162.61
Nicaragua,NIC,2022-06-22,165.55
Nicaragua,NIC,2022-06-24,165.55
Nicaragua,NIC,2022-06-30,167.01
Nicaragua,NIC,2022-07-07,168.05
Nicaragua,NIC,2022-07-08,168.05
Nicaragua,NIC,2022-07-13,168.53
Nicaragua,NIC,2022-07-15,168.53
Nicaragua,NIC,2022-07-19,168.92
Nicaragua,NIC,2022-07-22,168.92
Nicaragua,NIC,2022-07-27,169.37
Nicaragua,NIC,2022-08-03,169.91
Niger,NER,2021-03-28,0
Niger,NER,2021-04-17,0.01
Niger,NER,2021-05-12,0.29
Niger,NER,2021-05-18,0.48
Niger,NER,2021-05-26,0.63
Niger,NER,2021-06-08,0.72
Niger,NER,2021-06-14,0.74
Niger,NER,2021-06-24,1.01
Niger,NER,2021-08-09,1.68
Niger,NER,2021-08-16,1.92
Niger,NER,2021-08-23,1.94
Niger,NER,2021-09-22,2.03
Niger,NER,2021-09-29,2.11
Niger,NER,2021-10-10,2.56
Niger,NER,2021-10-15,3.18
Niger,NER,2021-10-27,3.55
Niger,NER,2021-11-14,3.81
Niger,NER,2021-11-28,3.85
Niger,NER,2022-01-10,7.04
Niger,NER,2022-01-31,7.12
Niger,NER,2022-02-16,7.15
Niger,NER,2022-02-26,7.29
Niger,NER,2022-03-08,10.59
Niger,NER,2022-03-24,10.62
Niger,NER,2022-04-08,10.65
Niger,NER,2022-04-26,10.66
Niger,NER,2022-05-01,10.66
Niger,NER,2022-05-22,10.67
Niger,NER,2022-06-05,10.71
Niger,NER,2022-06-19,10.71
Niger,NER,2022-06-26,13.98
Niger,NER,2022-07-03,17.28
Niger,NER,2022-07-17,17.4
Nigeria,NGA,2021-03-04,0
Nigeria,NGA,2021-03-15,0
Nigeria,NGA,2021-03-24,0.13
Nigeria,NGA,2021-03-28,0.24
Nigeria,NGA,2021-03-31,0.34
Nigeria,NGA,2021-04-01,0.38
Nigeria,NGA,2021-04-06,0.45
Nigeria,NGA,2021-04-14,0.49
Nigeria,NGA,2021-04-15,0.49
Nigeria,NGA,2021-04-16,0.51
Nigeria,NGA,2021-04-18,0.51
Nigeria,NGA,2021-04-19,0.52
Nigeria,NGA,2021-04-20,0.52
Nigeria,NGA,2021-04-21,0.53
Nigeria,NGA,2021-04-22,0.54
Nigeria,NGA,2021-04-23,0.54
Nigeria,NGA,2021-04-24,0.55
Nigeria,NGA,2021-04-25,0.55
Nigeria,NGA,2021-04-26,0.55
Nigeria,NGA,2021-04-27,0.55
Nigeria,NGA,2021-04-28,0.56
Nigeria,NGA,2021-05-01,0.57
Nigeria,NGA,2021-05-02,0.58
Nigeria,NGA,2021-05-03,0.58
Nigeria,NGA,2021-05-04,0.58
Nigeria,NGA,2021-05-05,0.59
Nigeria,NGA,2021-05-06,0.6
Nigeria,NGA,2021-05-07,0.76
Nigeria,NGA,2021-05-08,0.77
Nigeria,NGA,2021-05-09,0.78
Nigeria,NGA,2021-05-10,0.8
Nigeria,NGA,2021-05-11,0.8
Nigeria,NGA,2021-05-12,0.82
Nigeria,NGA,2021-05-13,0.83
Nigeria,NGA,2021-05-14,0.83
Nigeria,NGA,2021-05-15,0.84
Nigeria,NGA,2021-05-16,0.85
Nigeria,NGA,2021-05-17,0.85
Nigeria,NGA,2021-05-18,0.86
Nigeria,NGA,2021-05-19,0.88
Nigeria,NGA,2021-05-20,0.89
Nigeria,NGA,2021-05-21,0.9
Nigeria,NGA,2021-05-22,0.9
Nigeria,NGA,2021-05-23,0.9
Nigeria,NGA,2021-05-25,0.91
Nigeria,NGA,2021-05-26,0.92
Nigeria,NGA,2021-05-27,0.92
Nigeria,NGA,2021-05-28,0.93
Nigeria,NGA,2021-05-29,0.94
Nigeria,NGA,2021-05-30,0.94
Nigeria,NGA,2021-05-31,0.95
Nigeria,NGA,2021-06-01,0.96
Nigeria,NGA,2021-06-02,0.99
Nigeria,NGA,2021-06-04,1.04
Nigeria,NGA,2021-06-15,1.25
Nigeria,NGA,2021-06-24,1.45
Nigeria,NGA,2021-06-28,1.59
Nigeria,NGA,2021-07-05,1.8
Nigeria,NGA,2021-07-12,1.85
Nigeria,NGA,2021-08-09,1.86
Nigeria,NGA,2021-08-28,1.96
Nigeria,NGA,2021-08-31,2.08
Nigeria,NGA,2021-09-05,2.34
Nigeria,NGA,2021-09-06,2.43
Nigeria,NGA,2021-09-12,2.68
Nigeria,NGA,2021-09-15,2.75
Nigeria,NGA,2021-09-19,2.9
Nigeria,NGA,2021-09-22,2.93
Nigeria,NGA,2021-09-25,3.07
Nigeria,NGA,2021-09-30,3.16
Nigeria,NGA,2021-10-07,3.34
Nigeria,NGA,2021-10-14,3.5
Nigeria,NGA,2021-10-18,3.76
Nigeria,NGA,2021-10-21,3.84
Nigeria,NGA,2021-10-23,3.94
Nigeria,NGA,2021-10-28,4.02
Nigeria,NGA,2021-10-31,4.11
Nigeria,NGA,2021-11-04,4.15
Nigeria,NGA,2021-11-10,4.18
Nigeria,NGA,2021-11-11,4.23
Nigeria,NGA,2021-11-18,4.34
Nigeria,NGA,2021-11-21,4.44
Nigeria,NGA,2021-11-24,4.52
Nigeria,NGA,2021-11-25,4.61
Nigeria,NGA,2021-12-02,4.74
Nigeria,NGA,2021-12-03,5.12
Nigeria,NGA,2021-12-09,5.25
Nigeria,NGA,2021-12-12,5.56
Nigeria,NGA,2021-12-15,5.72
Nigeria,NGA,2021-12-20,6.08
Nigeria,NGA,2021-12-22,6.33
Nigeria,NGA,2021-12-27,6.63
Nigeria,NGA,2021-12-30,6.67
Nigeria,NGA,2021-12-31,6.95
Nigeria,NGA,2022-01-06,7.15
Nigeria,NGA,2022-01-09,7.82
Nigeria,NGA,2022-01-12,7.94
Nigeria,NGA,2022-01-14,8.24
Nigeria,NGA,2022-01-16,8.44
Nigeria,NGA,2022-01-18,8.7
Nigeria,NGA,2022-01-22,9.07
Nigeria,NGA,2022-01-23,9.16
Nigeria,NGA,2022-01-29,9.66
Nigeria,NGA,2022-02-21,11.89
Nigeria,NGA,2022-02-27,12.43
Nigeria,NGA,2022-03-06,12.93
Nigeria,NGA,2022-03-13,13.44
Nigeria,NGA,2022-03-18,13.88
Nigeria,NGA,2022-03-27,14.71
Nigeria,NGA,2022-04-07,15.9
Nigeria,NGA,2022-04-26,17.59
Nigeria,NGA,2022-05-01,17.99
Nigeria,NGA,2022-05-08,19.26
Nigeria,NGA,2022-05-15,19.26
Nigeria,NGA,2022-05-22,20.62
Nigeria,NGA,2022-06-05,21.74
Nigeria,NGA,2022-06-19,23.72
Nigeria,NGA,2022-07-10,25.99
Nigeria,NGA,2022-07-17,26.3
Niue,NIU,2021-06-21,0
Niue,NIU,2021-06-29,36.04
Niue,NIU,2021-07-06,62.78
Niue,NIU,2021-08-02,121.42
Niue,NIU,2021-11-24,135.67
Niue,NIU,2022-03-13,214.82
North America,,2020-12-13,0.01
North America,,2020-12-14,0.01
North America,,2020-12-15,0.01
North America,,2020-12-16,0.04
North America,,2020-12-17,0.09
North America,,2020-12-18,0.16
North America,,2020-12-19,0.19
North America,,2020-12-20,0.21
North America,,2020-12-21,0.27
North America,,2020-12-22,0.35
North America,,2020-12-23,0.45
North America,,2020-12-24,0.48
North America,,2020-12-25,0.49
North America,,2020-12-26,0.51
North America,,2020-12-27,0.53
North America,,2020-12-28,0.63
North America,,2020-12-29,0.76
North America,,2020-12-30,0.9
North America,,2020-12-31,0.97
North America,,2021-01-01,0.99
North America,,2021-01-02,1.04
North America,,2021-01-03,1.06
North America,,2021-01-04,1.18
North America,,2021-01-05,1.33
North America,,2021-01-06,1.51
North America,,2021-01-07,1.71
North America,,2021-01-08,1.93
North America,,2021-01-09,2.02
North America,,2021-01-10,2.07
North America,,2021-01-11,2.26
North America,,2021-01-12,2.47
North America,,2021-01-13,2.72
North America,,2021-01-14,2.97
North America,,2021-01-15,3.21
North America,,2021-01-16,3.33
North America,,2021-01-17,3.39
North America,,2021-01-18,3.55
North America,,2021-01-19,3.78
North America,,2021-01-20,4.06
North America,,2021-01-21,4.35
North America,,2021-01-22,4.65
North America,,2021-01-23,4.8
North America,,2021-01-24,4.88
North America,,2021-01-25,5.12
North America,,2021-01-26,5.4
North America,,2021-01-27,5.73
North America,,2021-01-28,6.07
North America,,2021-01-29,6.39
North America,,2021-01-30,6.57
North America,,2021-01-31,6.65
North America,,2021-02-01,6.89
North America,,2021-02-02,7.18
North America,,2021-02-03,7.54
North America,,2021-02-04,7.94
North America,,2021-02-05,8.34
North America,,2021-02-06,8.57
North America,,2021-02-07,8.65
North America,,2021-02-08,8.92
North America,,2021-02-09,9.26
North America,,2021-02-10,9.65
North America,,2021-02-11,10.06
North America,,2021-02-12,10.5
North America,,2021-02-13,10.76
North America,,2021-02-14,10.86
North America,,2021-02-15,11.07
North America,,2021-02-16,11.37
North America,,2021-02-17,11.73
North America,,2021-02-18,12.1
North America,,2021-02-19,12.48
North America,,2021-02-20,12.73
North America,,2021-02-21,12.84
North America,,2021-02-22,13.11
North America,,2021-02-23,13.46
North America,,2021-02-24,13.91
North America,,2021-02-25,14.45
North America,,2021-02-26,15.02
North America,,2021-02-27,15.39
North America,,2021-02-28,15.56
North America,,2021-03-01,15.94
North America,,2021-03-02,16.39
North America,,2021-03-03,16.91
North America,,2021-03-04,17.48
North America,,2021-03-05,18.08
North America,,2021-03-06,18.46
North America,,2021-03-07,18.63
North America,,2021-03-08,19.03
North America,,2021-03-09,19.55
North America,,2021-03-10,20.17
North America,,2021-03-11,20.84
North America,,2021-03-12,21.48
North America,,2021-03-13,21.9
North America,,2021-03-14,22.11
North America,,2021-03-15,22.54
North America,,2021-03-16,23.07
North America,,2021-03-17,23.67
North America,,2021-03-18,24.31
North America,,2021-03-19,24.94
North America,,2021-03-20,25.37
North America,,2021-03-21,25.59
North America,,2021-03-22,26.05
North America,,2021-03-23,26.63
North America,,2021-03-24,27.29
North America,,2021-03-25,28
North America,,2021-03-26,28.72
North America,,2021-03-27,29.2
North America,,2021-03-28,29.46
North America,,2021-03-29,30.01
North America,,2021-03-30,30.73
North America,,2021-03-31,31.54
North America,,2021-04-01,32.35
North America,,2021-04-02,33.12
North America,,2021-04-03,33.6
North America,,2021-04-04,33.76
North America,,2021-04-05,34.36
North America,,2021-04-06,35.14
North America,,2021-04-07,35.99
North America,,2021-04-08,36.88
North America,,2021-04-09,37.72
North America,,2021-04-10,38.29
North America,,2021-04-11,38.61
North America,,2021-04-12,39.25
North America,,2021-04-13,40.02
North America,,2021-04-14,40.9
North America,,2021-04-15,41.68
North America,,2021-04-16,42.44
North America,,2021-04-17,42.93
North America,,2021-04-18,43.19
North America,,2021-04-19,43.74
North America,,2021-04-20,44.41
North America,,2021-04-21,45.13
North America,,2021-04-22,45.85
North America,,2021-04-23,46.53
North America,,2021-04-24,47
North America,,2021-04-25,47.27
North America,,2021-04-26,47.78
North America,,2021-04-27,48.33
North America,,2021-04-28,49.03
North America,,2021-04-29,49.67
North America,,2021-04-30,50.28
North America,,2021-05-01,50.67
North America,,2021-05-02,50.89
North America,,2021-05-03,51.35
North America,,2021-05-04,51.93
North America,,2021-05-05,52.53
North America,,2021-05-06,53.13
North America,,2021-05-07,53.73
North America,,2021-05-08,54.09
North America,,2021-05-09,54.26
North America,,2021-05-10,54.64
North America,,2021-05-11,55.12
North America,,2021-05-12,55.62
North America,,2021-05-13,56.18
North America,,2021-05-14,56.7
North America,,2021-05-15,57.1
North America,,2021-05-16,57.45
North America,,2021-05-17,57.89
North America,,2021-05-18,58.34
North America,,2021-05-19,58.94
North America,,2021-05-20,59.51
North America,,2021-05-21,60.09
North America,,2021-05-22,60.5
North America,,2021-05-23,60.74
North America,,2021-05-24,61.12
North America,,2021-05-25,61.49
North America,,2021-05-26,61.95
North America,,2021-05-27,62.27
North America,,2021-05-28,62.85
North America,,2021-05-29,63.15
North America,,2021-05-30,63.36
North America,,2021-05-31,63.88
North America,,2021-06-01,64.34
North America,,2021-06-02,64.8
North America,,2021-06-03,65.32
North America,,2021-06-04,65.85
North America,,2021-06-05,66.25
North America,,2021-06-06,66.44
North America,,2021-06-07,66.84
North America,,2021-06-08,67.23
North America,,2021-06-09,67.74
North America,,2021-06-10,68.13
North America,,2021-06-11,68.58
North America,,2021-06-12,68.89
North America,,2021-06-13,69.1
North America,,2021-06-14,69.48
North America,,2021-06-15,69.87
North America,,2021-06-16,70.24
North America,,2021-06-17,70.63
North America,,2021-06-18,71.04
North America,,2021-06-19,71.32
North America,,2021-06-20,71.5
North America,,2021-06-21,71.8
North America,,2021-06-22,72.21
North America,,2021-06-23,72.61
North America,,2021-06-24,72.98
North America,,2021-06-25,73.36
North America,,2021-06-26,73.61
North America,,2021-06-27,73.77
North America,,2021-06-28,74.13
North America,,2021-06-29,74.5
North America,,2021-06-30,74.88
North America,,2021-07-01,75.23
North America,,2021-07-02,75.58
North America,,2021-07-03,75.77
North America,,2021-07-04,75.91
North America,,2021-07-05,76.22
North America,,2021-07-06,76.58
North America,,2021-07-07,76.95
North America,,2021-07-08,77.34
North America,,2021-07-09,77.7
North America,,2021-07-10,77.93
North America,,2021-07-11,78.06
North America,,2021-07-12,78.38
North America,,2021-07-13,78.72
North America,,2021-07-14,79.06
North America,,2021-07-15,79.37
North America,,2021-07-16,79.77
North America,,2021-07-17,79.97
North America,,2021-07-18,80.13
North America,,2021-07-19,80.41
North America,,2021-07-20,80.73
North America,,2021-07-21,81.1
North America,,2021-07-22,81.5
North America,,2021-07-23,82.01
North America,,2021-07-24,82.38
North America,,2021-07-25,82.66
North America,,2021-07-26,83.06
North America,,2021-07-27,83.46
North America,,2021-07-28,83.92
North America,,2021-07-29,84.33
North America,,2021-07-30,84.86
North America,,2021-07-31,85.21
North America,,2021-08-01,85.49
North America,,2021-08-02,85.74
North America,,2021-08-03,86.12
North America,,2021-08-04,86.47
North America,,2021-08-05,86.86
North America,,2021-08-06,87.25
North America,,2021-08-07,87.39
North America,,2021-08-08,87.7
North America,,2021-08-09,88.03
North America,,2021-08-10,88.31
North America,,2021-08-11,88.58
North America,,2021-08-12,88.96
North America,,2021-08-13,89.39
North America,,2021-08-14,89.73
North America,,2021-08-15,90.1
North America,,2021-08-16,90.47
North America,,2021-08-17,90.79
North America,,2021-08-18,91.22
North America,,2021-08-19,91.56
North America,,2021-08-20,91.93
North America,,2021-08-21,92.16
North America,,2021-08-22,92.39
North America,,2021-08-23,92.69
North America,,2021-08-24,93.01
North America,,2021-08-25,93.64
North America,,2021-08-26,94.02
North America,,2021-08-27,94.46
North America,,2021-08-28,94.75
North America,,2021-08-29,95.05
North America,,2021-08-30,95.38
North America,,2021-08-31,95.69
North America,,2021-09-01,96
North America,,2021-09-02,96.3
North America,,2021-09-03,96.58
North America,,2021-09-04,96.88
North America,,2021-09-05,97.08
North America,,2021-09-06,97.25
North America,,2021-09-07,97.62
North America,,2021-09-08,97.89
North America,,2021-09-09,98.36
North America,,2021-09-10,98.96
North America,,2021-09-11,99.27
North America,,2021-09-12,99.52
North America,,2021-09-13,99.85
North America,,2021-09-14,100.18
North America,,2021-09-15,100.53
North America,,2021-09-16,100.85
North America,,2021-09-17,101.14
North America,,2021-09-18,101.4
North America,,2021-09-19,101.64
North America,,2021-09-20,102.06
North America,,2021-09-21,102.35
North America,,2021-09-22,102.69
North America,,2021-09-23,103.03
North America,,2021-09-24,103.44
North America,,2021-09-25,103.72
North America,,2021-09-26,103.9
North America,,2021-09-27,104.25
North America,,2021-09-28,104.61
North America,,2021-09-29,105
North America,,2021-09-30,105.41
North America,,2021-10-01,105.81
North America,,2021-10-02,106.05
North America,,2021-10-03,106.17
North America,,2021-10-04,106.58
North America,,2021-10-05,106.83
North America,,2021-10-06,107.42
North America,,2021-10-07,107.81
North America,,2021-10-08,108.27
North America,,2021-10-09,108.52
North America,,2021-10-10,108.71
North America,,2021-10-11,108.98
North America,,2021-10-12,109.32
North America,,2021-10-13,109.55
North America,,2021-10-14,109.98
North America,,2021-10-15,110.28
North America,,2021-10-16,110.44
North America,,2021-10-17,110.81
North America,,2021-10-18,111.35
North America,,2021-10-19,111.67
North America,,2021-10-20,111.94
North America,,2021-10-21,112.22
North America,,2021-10-22,112.69
North America,,2021-10-23,112.95
North America,,2021-10-24,113.17
North America,,2021-10-25,113.59
North America,,2021-10-26,114.17
North America,,2021-10-27,114.48
North America,,2021-10-28,114.81
North America,,2021-10-29,115.48
North America,,2021-10-30,116.86
North America,,2021-10-31,117
North America,,2021-11-01,117.37
North America,,2021-11-02,117.66
North America,,2021-11-03,118
North America,,2021-11-04,118.38
North America,,2021-11-05,118.9
North America,,2021-11-06,119.11
North America,,2021-11-07,119.46
North America,,2021-11-08,119.8
North America,,2021-11-09,120.13
North America,,2021-11-10,120.58
North America,,2021-11-11,120.96
North America,,2021-11-12,121.41
North America,,2021-11-13,121.66
North America,,2021-11-14,121.91
North America,,2021-11-15,122.26
North America,,2021-11-16,122.6
North America,,2021-11-17,122.96
North America,,2021-11-18,123.33
North America,,2021-11-19,124.51
North America,,2021-11-20,124.83
North America,,2021-11-21,125.01
North America,,2021-11-22,125.4
North America,,2021-11-23,125.74
North America,,2021-11-24,126.06
North America,,2021-11-25,126.13
North America,,2021-11-26,126.43
North America,,2021-11-27,126.68
North America,,2021-11-28,126.85
North America,,2021-11-29,127.22
North America,,2021-11-30,127.63
North America,,2021-12-01,128.13
North America,,2021-12-02,128.61
North America,,2021-12-03,129.37
North America,,2021-12-04,129.65
North America,,2021-12-05,130
North America,,2021-12-06,130.38
North America,,2021-12-07,130.76
North America,,2021-12-08,131.33
North America,,2021-12-09,131.78
North America,,2021-12-10,132.23
North America,,2021-12-11,132.7
North America,,2021-12-12,132.91
North America,,2021-12-13,133.29
North America,,2021-12-14,133.64
North America,,2021-12-15,134.3
North America,,2021-12-16,134.84
North America,,2021-12-17,135.25
North America,,2021-12-18,135.49
North America,,2021-12-19,135.98
North America,,2021-12-20,137.51
North America,,2021-12-21,137.98
North America,,2021-12-22,138.42
North America,,2021-12-23,138.77
North America,,2021-12-24,138.92
North America,,2021-12-25,138.97
North America,,2021-12-26,139.08
North America,,2021-12-27,139.4
North America,,2021-12-28,139.8
North America,,2021-12-29,140.33
North America,,2021-12-30,140.76
North America,,2021-12-31,140.94
North America,,2022-01-01,141.01
North America,,2022-01-02,141.11
North America,,2022-01-03,141.37
North America,,2022-01-04,141.79
North America,,2022-01-05,142.16
North America,,2022-01-06,142.62
North America,,2022-01-07,143.11
North America,,2022-01-08,143.59
North America,,2022-01-09,143.86
North America,,2022-01-10,144.22
North America,,2022-01-11,144.61
North America,,2022-01-12,144.98
North America,,2022-01-13,145.56
North America,,2022-01-14,146.1
North America,,2022-01-15,146.46
North America,,2022-01-16,146.7
North America,,2022-01-17,146.97
North America,,2022-01-18,147.32
North America,,2022-01-19,147.75
North America,,2022-01-20,148.17
North America,,2022-01-21,148.64
North America,,2022-01-22,148.81
North America,,2022-01-23,149.27
North America,,2022-01-24,149.54
North America,,2022-01-25,149.89
North America,,2022-01-26,150.23
North America,,2022-01-27,150.93
North America,,2022-01-28,151.17
North America,,2022-01-29,151.3
North America,,2022-01-30,151.54
North America,,2022-01-31,151.77
North America,,2022-02-01,151.98
North America,,2022-02-02,152.29
North America,,2022-02-03,152.58
North America,,2022-02-04,152.96
North America,,2022-02-05,153.06
North America,,2022-02-06,153.34
North America,,2022-02-07,153.49
North America,,2022-02-08,153.64
North America,,2022-02-09,153.83
North America,,2022-02-10,154.06
North America,,2022-02-11,154.38
North America,,2022-02-12,154.56
North America,,2022-02-13,154.7
North America,,2022-02-14,154.84
North America,,2022-02-15,155.01
North America,,2022-02-16,155.26
North America,,2022-02-17,155.54
North America,,2022-02-18,155.92
North America,,2022-02-19,155.98
North America,,2022-02-20,156.34
North America,,2022-02-21,156.5
North America,,2022-02-22,156.59
North America,,2022-02-23,156.92
North America,,2022-02-24,157.13
North America,,2022-02-25,157.32
North America,,2022-02-26,157.38
North America,,2022-02-27,157.7
North America,,2022-02-28,157.93
North America,,2022-03-01,158.03
North America,,2022-03-02,158.18
North America,,2022-03-03,158.29
North America,,2022-03-04,158.43
North America,,2022-03-05,158.47
North America,,2022-03-06,158.58
North America,,2022-03-07,158.67
North America,,2022-03-08,158.78
North America,,2022-03-09,158.93
North America,,2022-03-10,159.08
North America,,2022-03-11,159.2
North America,,2022-03-12,159.45
North America,,2022-03-13,159.47
North America,,2022-03-14,159.62
North America,,2022-03-15,159.71
North America,,2022-03-16,159.85
North America,,2022-03-17,159.97
North America,,2022-03-18,160.13
North America,,2022-03-19,160.17
North America,,2022-03-20,160.29
North America,,2022-03-21,160.34
North America,,2022-03-22,160.42
North America,,2022-03-23,160.57
North America,,2022-03-24,160.61
North America,,2022-03-25,160.82
North America,,2022-03-26,160.92
North America,,2022-03-27,160.96
North America,,2022-03-28,161.03
North America,,2022-03-29,161.32
North America,,2022-03-30,161.45
North America,,2022-03-31,161.55
North America,,2022-04-01,161.79
North America,,2022-04-02,161.85
North America,,2022-04-03,161.9
North America,,2022-04-04,162.02
North America,,2022-04-05,162.13
North America,,2022-04-06,162.23
North America,,2022-04-07,162.35
North America,,2022-04-08,162.54
North America,,2022-04-09,162.61
North America,,2022-04-10,162.66
North America,,2022-04-11,162.78
North America,,2022-04-12,162.9
North America,,2022-04-13,163.46
North America,,2022-04-14,163.57
North America,,2022-04-15,163.75
North America,,2022-04-16,163.81
North America,,2022-04-17,163.99
North America,,2022-04-18,164.11
North America,,2022-04-19,164.21
North America,,2022-04-20,164.47
North America,,2022-04-21,164.69
North America,,2022-04-22,164.91
North America,,2022-04-23,164.97
North America,,2022-04-24,165.15
North America,,2022-04-25,165.27
North America,,2022-04-26,165.37
North America,,2022-04-27,165.46
North America,,2022-04-28,165.57
North America,,2022-04-29,165.8
North America,,2022-04-30,165.85
North America,,2022-05-01,165.88
North America,,2022-05-02,165.96
North America,,2022-05-03,166.06
North America,,2022-05-04,166.17
North America,,2022-05-05,166.28
North America,,2022-05-06,167.17
North America,,2022-05-07,167.22
North America,,2022-05-08,167.24
North America,,2022-05-09,167.31
North America,,2022-05-10,167.41
North America,,2022-05-11,167.5
North America,,2022-05-12,167.59
North America,,2022-05-13,168.36
North America,,2022-05-14,168.41
North America,,2022-05-15,168.44
North America,,2022-05-16,168.73
North America,,2022-05-17,168.83
North America,,2022-05-18,168.91
North America,,2022-05-19,169.01
North America,,2022-05-20,169.21
North America,,2022-05-21,169.26
North America,,2022-05-22,169.3
North America,,2022-05-23,169.39
North America,,2022-05-24,169.48
North America,,2022-05-25,169.57
North America,,2022-05-26,169.68
North America,,2022-05-27,169.8
North America,,2022-05-28,169.87
North America,,2022-05-29,169.9
North America,,2022-05-30,169.91
North America,,2022-05-31,170
North America,,2022-06-01,170.08
North America,,2022-06-02,170.17
North America,,2022-06-03,170.62
North America,,2022-06-04,170.66
North America,,2022-06-05,170.69
North America,,2022-06-06,170.74
North America,,2022-06-07,170.81
North America,,2022-06-08,170.93
North America,,2022-06-09,171
North America,,2022-06-10,171.14
North America,,2022-06-11,171.19
North America,,2022-06-12,171.21
North America,,2022-06-13,171.26
North America,,2022-06-14,171.32
North America,,2022-06-15,171.43
North America,,2022-06-16,171.51
North America,,2022-06-17,171.68
North America,,2022-06-18,171.71
North America,,2022-06-19,171.72
North America,,2022-06-20,171.77
North America,,2022-06-21,171.83
North America,,2022-06-22,171.93
North America,,2022-06-23,172
North America,,2022-06-24,172.11
North America,,2022-06-25,172.14
North America,,2022-06-26,172.16
North America,,2022-06-27,172.21
North America,,2022-06-28,172.26
North America,,2022-06-29,172.32
North America,,2022-06-30,172.41
North America,,2022-07-01,172.48
North America,,2022-07-02,172.5
North America,,2022-07-03,172.51
North America,,2022-07-04,172.52
North America,,2022-07-05,172.57
North America,,2022-07-06,172.62
North America,,2022-07-07,172.71
North America,,2022-07-08,172.89
North America,,2022-07-09,172.92
North America,,2022-07-10,172.94
North America,,2022-07-11,172.99
North America,,2022-07-12,173.04
North America,,2022-07-13,173.14
North America,,2022-07-14,173.2
North America,,2022-07-15,173.38
North America,,2022-07-16,173.42
North America,,2022-07-17,173.45
North America,,2022-07-18,173.51
North America,,2022-07-19,173.58
North America,,2022-07-20,173.65
North America,,2022-07-21,173.73
North America,,2022-07-22,173.84
North America,,2022-07-23,173.88
North America,,2022-07-24,173.9
North America,,2022-07-25,173.93
North America,,2022-07-26,173.96
North America,,2022-07-27,174
North America,,2022-07-28,174.02
North America,,2022-07-29,174.05
North America,,2022-07-30,174.05
North America,,2022-07-31,174.05
North America,,2022-08-01,174.06
North America,,2022-08-02,174.06
North America,,2022-08-03,174.1
North Macedonia,MKD,2021-02-16,0
North Macedonia,MKD,2021-03-16,0.25
North Macedonia,MKD,2021-03-31,0.37
North Macedonia,MKD,2021-04-02,0.4
North Macedonia,MKD,2021-04-03,0.43
North Macedonia,MKD,2021-04-05,0.57
North Macedonia,MKD,2021-04-07,0.73
North Macedonia,MKD,2021-04-08,0.87
North Macedonia,MKD,2021-04-09,1.01
North Macedonia,MKD,2021-04-10,1.14
North Macedonia,MKD,2021-04-12,1.24
North Macedonia,MKD,2021-04-13,1.39
North Macedonia,MKD,2021-04-14,1.5
North Macedonia,MKD,2021-04-16,1.84
North Macedonia,MKD,2021-04-18,1.85
North Macedonia,MKD,2021-04-19,1.97
North Macedonia,MKD,2021-04-21,2.05
North Macedonia,MKD,2021-04-22,2.14
North Macedonia,MKD,2021-04-24,2.37
North Macedonia,MKD,2021-04-25,2.47
North Macedonia,MKD,2021-04-26,2.53
North Macedonia,MKD,2021-04-27,2.66
North Macedonia,MKD,2021-04-30,2.93
North Macedonia,MKD,2021-05-04,3.14
North Macedonia,MKD,2021-05-05,3.52
North Macedonia,MKD,2021-05-08,4.61
North Macedonia,MKD,2021-05-09,5.13
North Macedonia,MKD,2021-05-10,6.9
North Macedonia,MKD,2021-05-11,7.63
North Macedonia,MKD,2021-05-12,8.34
North Macedonia,MKD,2021-05-15,9.67
North Macedonia,MKD,2021-05-18,9.85
North Macedonia,MKD,2021-05-19,10.46
North Macedonia,MKD,2021-05-20,11.05
North Macedonia,MKD,2021-05-21,11.63
North Macedonia,MKD,2021-05-22,12.14
North Macedonia,MKD,2021-05-23,12.34
North Macedonia,MKD,2021-05-26,12.7
North Macedonia,MKD,2021-05-27,13.25
North Macedonia,MKD,2021-05-28,13.83
North Macedonia,MKD,2021-05-29,14.5
North Macedonia,MKD,2021-05-31,15.01
North Macedonia,MKD,2021-06-01,15.74
North Macedonia,MKD,2021-06-02,16.49
North Macedonia,MKD,2021-06-03,17.24
North Macedonia,MKD,2021-06-04,17.58
North Macedonia,MKD,2021-06-05,18.28
North Macedonia,MKD,2021-06-06,19.02
North Macedonia,MKD,2021-06-08,19.53
North Macedonia,MKD,2021-06-09,20.01
North Macedonia,MKD,2021-06-10,20.5
North Macedonia,MKD,2021-06-11,21.06
North Macedonia,MKD,2021-06-14,21.51
North Macedonia,MKD,2021-06-15,21.78
North Macedonia,MKD,2021-06-16,21.98
North Macedonia,MKD,2021-06-17,22.53
North Macedonia,MKD,2021-06-21,22.92
North Macedonia,MKD,2021-06-22,23.2
North Macedonia,MKD,2021-06-23,23.53
North Macedonia,MKD,2021-06-24,23.84
North Macedonia,MKD,2021-06-26,24.26
North Macedonia,MKD,2021-06-29,25.17
North Macedonia,MKD,2021-06-30,25.8
North Macedonia,MKD,2021-07-01,26.5
North Macedonia,MKD,2021-07-02,27.2
North Macedonia,MKD,2021-07-03,27.89
North Macedonia,MKD,2021-07-05,29.15
North Macedonia,MKD,2021-07-06,29.85
North Macedonia,MKD,2021-07-07,30.47
North Macedonia,MKD,2021-07-08,31.03
North Macedonia,MKD,2021-07-09,31.49
North Macedonia,MKD,2021-07-12,32.17
North Macedonia,MKD,2021-07-13,32.65
North Macedonia,MKD,2021-07-14,33.29
North Macedonia,MKD,2021-07-15,33.9
North Macedonia,MKD,2021-07-16,34.51
North Macedonia,MKD,2021-07-21,36.18
North Macedonia,MKD,2021-07-22,38.04
North Macedonia,MKD,2021-07-23,38.9
North Macedonia,MKD,2021-07-26,40.29
North Macedonia,MKD,2021-07-27,41
North Macedonia,MKD,2021-07-29,41.76
North Macedonia,MKD,2021-07-30,42.38
North Macedonia,MKD,2021-07-31,43.01
North Macedonia,MKD,2021-08-03,43.76
North Macedonia,MKD,2021-08-04,44.34
North Macedonia,MKD,2021-08-05,44.92
North Macedonia,MKD,2021-08-06,45.58
North Macedonia,MKD,2021-08-09,46.72
North Macedonia,MKD,2021-08-10,47.49
North Macedonia,MKD,2021-08-11,48.34
North Macedonia,MKD,2021-08-12,49.14
North Macedonia,MKD,2021-08-14,50.31
North Macedonia,MKD,2021-08-16,51.3
North Macedonia,MKD,2021-08-17,52.2
North Macedonia,MKD,2021-08-18,53.06
North Macedonia,MKD,2021-08-19,53.93
North Macedonia,MKD,2021-08-20,54.78
North Macedonia,MKD,2021-08-23,56
North Macedonia,MKD,2021-08-25,56.73
North Macedonia,MKD,2021-08-26,57.41
North Macedonia,MKD,2021-08-27,58.02
North Macedonia,MKD,2021-08-28,58.67
North Macedonia,MKD,2021-08-31,59.6
North Macedonia,MKD,2021-09-01,60.27
North Macedonia,MKD,2021-09-02,60.87
North Macedonia,MKD,2021-09-08,63.07
North Macedonia,MKD,2021-09-10,64.57
North Macedonia,MKD,2021-09-11,65.7
North Macedonia,MKD,2021-09-13,66.46
North Macedonia,MKD,2021-09-15,67.12
North Macedonia,MKD,2021-09-17,68.24
North Macedonia,MKD,2021-09-21,69.66
North Macedonia,MKD,2021-09-22,70.1
North Macedonia,MKD,2021-09-23,70.47
North Macedonia,MKD,2021-09-25,71.11
North Macedonia,MKD,2021-09-28,71.58
North Macedonia,MKD,2021-09-29,71.82
North Macedonia,MKD,2021-09-30,71.97
North Macedonia,MKD,2021-10-01,72.18
North Macedonia,MKD,2021-10-05,72.72
North Macedonia,MKD,2021-10-06,72.91
North Macedonia,MKD,2021-10-08,73.22
North Macedonia,MKD,2021-10-10,73.43
North Macedonia,MKD,2021-10-14,73.9
North Macedonia,MKD,2021-10-15,74.03
North Macedonia,MKD,2021-10-18,74.19
North Macedonia,MKD,2021-10-19,74.36
North Macedonia,MKD,2021-10-20,74.47
North Macedonia,MKD,2021-10-21,74.61
North Macedonia,MKD,2021-10-22,74.84
North Macedonia,MKD,2021-10-26,75.55
North Macedonia,MKD,2021-10-28,76.12
North Macedonia,MKD,2021-10-29,76.35
North Macedonia,MKD,2021-11-01,76.63
North Macedonia,MKD,2021-11-03,77.06
North Macedonia,MKD,2021-11-04,77.25
North Macedonia,MKD,2021-11-08,77.64
North Macedonia,MKD,2021-11-15,78.82
North Macedonia,MKD,2021-11-17,79.22
North Macedonia,MKD,2021-11-26,80.56
North Macedonia,MKD,2021-12-12,82
North Macedonia,MKD,2021-12-19,82.79
North Macedonia,MKD,2021-12-26,83.44
North Macedonia,MKD,2022-01-16,85.05
North Macedonia,MKD,2022-01-30,85.8
North Macedonia,MKD,2022-02-06,86.13
North Macedonia,MKD,2022-02-13,86.44
North Macedonia,MKD,2022-02-20,86.67
North Macedonia,MKD,2022-02-27,86.83
North Macedonia,MKD,2022-03-06,86.99
North Macedonia,MKD,2022-03-20,87.31
North Macedonia,MKD,2022-03-27,87.44
North Macedonia,MKD,2022-04-03,87.57
North Macedonia,MKD,2022-06-05,87.66
North Macedonia,MKD,2022-06-19,87.96
North Macedonia,MKD,2022-06-26,87.96
North Macedonia,MKD,2022-07-03,87.97
North Macedonia,MKD,2022-07-24,88.25
Northern Cyprus,OWID_CYN,2021-01-14,0
Northern Cyprus,OWID_CYN,2021-01-19,1.3
Northern Cyprus,OWID_CYN,2021-01-22,2.88
Northern Cyprus,OWID_CYN,2021-03-25,25.63
Northern Cyprus,OWID_CYN,2021-04-14,27.46
Northern Cyprus,OWID_CYN,2021-04-19,28.09
Northern Cyprus,OWID_CYN,2021-04-23,28.65
Northern Cyprus,OWID_CYN,2021-05-08,31.88
Northern Cyprus,OWID_CYN,2021-05-10,32.07
Northern Cyprus,OWID_CYN,2021-05-11,32.39
Northern Cyprus,OWID_CYN,2021-05-14,32.45
Northern Cyprus,OWID_CYN,2021-05-17,32.64
Northern Cyprus,OWID_CYN,2021-05-19,32.77
Northern Cyprus,OWID_CYN,2021-05-22,33.14
Northern Cyprus,OWID_CYN,2021-05-24,33.18
Northern Cyprus,OWID_CYN,2021-05-25,33.39
Northern Cyprus,OWID_CYN,2021-05-27,33.94
Northern Cyprus,OWID_CYN,2021-06-27,50.96
Northern Cyprus,OWID_CYN,2021-08-15,79.23
Northern Cyprus,OWID_CYN,2021-09-26,128.51
Northern Cyprus,OWID_CYN,2021-10-22,142.87
Northern Cyprus,OWID_CYN,2021-10-29,144.27
Northern Cyprus,OWID_CYN,2021-11-05,145.69
Northern Cyprus,OWID_CYN,2021-11-12,147.54
Northern Cyprus,OWID_CYN,2021-11-19,150.51
Northern Cyprus,OWID_CYN,2021-11-26,161.52
Northern Ireland,,2021-01-10,4.85
Northern Ireland,,2021-01-11,5.25
Northern Ireland,,2021-01-12,5.76
Northern Ireland,,2021-01-13,6.42
Northern Ireland,,2021-01-14,7.06
Northern Ireland,,2021-01-15,7.25
Northern Ireland,,2021-01-16,7.41
Northern Ireland,,2021-01-17,7.74
Northern Ireland,,2021-01-18,8.15
Northern Ireland,,2021-01-19,8.46
Northern Ireland,,2021-01-20,8.78
Northern Ireland,,2021-01-21,9.15
Northern Ireland,,2021-01-22,9.34
Northern Ireland,,2021-01-23,9.41
Northern Ireland,,2021-01-24,9.62
Northern Ireland,,2021-01-25,9.82
Northern Ireland,,2021-01-26,10.08
Northern Ireland,,2021-01-27,10.51
Northern Ireland,,2021-01-28,11.61
Northern Ireland,,2021-01-29,12.04
Northern Ireland,,2021-01-30,12.6
Northern Ireland,,2021-01-31,13
Northern Ireland,,2021-02-01,13.62
Northern Ireland,,2021-02-02,14.34
Northern Ireland,,2021-02-03,15.26
Northern Ireland,,2021-02-04,15.89
Northern Ireland,,2021-02-05,16.69
Northern Ireland,,2021-02-06,17.04
Northern Ireland,,2021-02-07,17.45
Northern Ireland,,2021-02-08,18.21
Northern Ireland,,2021-02-09,19.06
Northern Ireland,,2021-02-10,20.14
Northern Ireland,,2021-02-11,21.2
Northern Ireland,,2021-02-12,21.98
Northern Ireland,,2021-02-13,22.16
Northern Ireland,,2021-02-14,22.48
Northern Ireland,,2021-02-15,23.14
Northern Ireland,,2021-02-16,23.61
Northern Ireland,,2021-02-17,24.13
Northern Ireland,,2021-02-18,24.61
Northern Ireland,,2021-02-19,24.98
Northern Ireland,,2021-02-20,25.15
Northern Ireland,,2021-02-21,25.78
Northern Ireland,,2021-02-22,26.33
Northern Ireland,,2021-02-23,26.88
Northern Ireland,,2021-02-24,27.6
Northern Ireland,,2021-02-25,28.33
Northern Ireland,,2021-02-26,28.92
Northern Ireland,,2021-02-27,29.2
Northern Ireland,,2021-02-28,29.46
Northern Ireland,,2021-03-01,30.21
Northern Ireland,,2021-03-02,30.74
Northern Ireland,,2021-03-03,31.48
Northern Ireland,,2021-03-04,32.16
Northern Ireland,,2021-03-05,32.66
Northern Ireland,,2021-03-06,32.97
Northern Ireland,,2021-03-07,33.32
Northern Ireland,,2021-03-08,33.81
Northern Ireland,,2021-03-09,34.18
Northern Ireland,,2021-03-10,34.58
Northern Ireland,,2021-03-11,35.02
Northern Ireland,,2021-03-12,35.42
Northern Ireland,,2021-03-13,35.74
Northern Ireland,,2021-03-14,36.08
Northern Ireland,,2021-03-15,36.51
Northern Ireland,,2021-03-16,37.17
Northern Ireland,,2021-03-17,37.63
Northern Ireland,,2021-03-18,38.31
Northern Ireland,,2021-03-19,38.94
Northern Ireland,,2021-03-20,39.36
Northern Ireland,,2021-03-21,40.94
Northern Ireland,,2021-03-23,41.73
Northern Ireland,,2021-03-24,42.63
Northern Ireland,,2021-03-25,43.53
Northern Ireland,,2021-03-26,44.28
Northern Ireland,,2021-03-27,44.83
Northern Ireland,,2021-03-28,45.12
Northern Ireland,,2021-03-29,46.03
Northern Ireland,,2021-03-30,46.81
Northern Ireland,,2021-03-31,47.56
Northern Ireland,,2021-04-01,48.44
Northern Ireland,,2021-04-02,49.18
Northern Ireland,,2021-04-03,49.56
Northern Ireland,,2021-04-04,49.78
Northern Ireland,,2021-04-05,50.15
Northern Ireland,,2021-04-06,50.57
Northern Ireland,,2021-04-07,51.33
Northern Ireland,,2021-04-08,52.1
Northern Ireland,,2021-04-09,52.91
Northern Ireland,,2021-04-10,53.51
Northern Ireland,,2021-04-11,54.11
Northern Ireland,,2021-04-12,54.98
Northern Ireland,,2021-04-13,56.02
Northern Ireland,,2021-04-14,57.04
Northern Ireland,,2021-04-15,58.05
Northern Ireland,,2021-04-16,59.01
Northern Ireland,,2021-04-17,59.53
Northern Ireland,,2021-04-18,59.99
Northern Ireland,,2021-04-19,60.8
Northern Ireland,,2021-04-20,61.96
Northern Ireland,,2021-04-21,63.06
Northern Ireland,,2021-04-22,64.41
Northern Ireland,,2021-04-23,65.26
Northern Ireland,,2021-04-24,65.82
Northern Ireland,,2021-04-25,66.43
Northern Ireland,,2021-04-26,67.28
Northern Ireland,,2021-04-27,68.31
Northern Ireland,,2021-04-28,69.25
Northern Ireland,,2021-04-29,70.93
Northern Ireland,,2021-04-30,71.45
Northern Ireland,,2021-05-01,71.98
Northern Ireland,,2021-05-02,72.52
Northern Ireland,,2021-05-03,72.87
Northern Ireland,,2021-05-04,73.69
Northern Ireland,,2021-05-05,74.73
Northern Ireland,,2021-05-06,75.78
Northern Ireland,,2021-05-07,76.49
Northern Ireland,,2021-05-08,77.03
Northern Ireland,,2021-05-09,77.54
Northern Ireland,,2021-05-10,78.33
Northern Ireland,,2021-05-11,79.17
Northern Ireland,,2021-05-12,79.95
Northern Ireland,,2021-05-13,80.7
Northern Ireland,,2021-05-14,81.28
Northern Ireland,,2021-05-15,81.66
Northern Ireland,,2021-05-16,82.11
Northern Ireland,,2021-05-17,82.7
Northern Ireland,,2021-05-18,83.29
Northern Ireland,,2021-05-19,84
Northern Ireland,,2021-05-20,84.64
Northern Ireland,,2021-05-21,85.25
Northern Ireland,,2021-05-22,85.66
Northern Ireland,,2021-05-23,86.19
Northern Ireland,,2021-05-24,86.88
Northern Ireland,,2021-05-25,87.6
Northern Ireland,,2021-05-26,88.29
Northern Ireland,,2021-05-27,88.95
Northern Ireland,,2021-05-28,89.42
Northern Ireland,,2021-05-29,89.78
Northern Ireland,,2021-05-30,90.18
Northern Ireland,,2021-05-31,90.72
Northern Ireland,,2021-06-01,91.62
Northern Ireland,,2021-06-02,92.73
Northern Ireland,,2021-06-03,93.41
Northern Ireland,,2021-06-04,94.02
Northern Ireland,,2021-06-05,94.45
Northern Ireland,,2021-06-06,94.98
Northern Ireland,,2021-06-07,95.69
Northern Ireland,,2021-06-08,96.34
Northern Ireland,,2021-06-09,96.93
Northern Ireland,,2021-06-10,97.53
Northern Ireland,,2021-06-11,98.26
Northern Ireland,,2021-06-12,98.31
Northern Ireland,,2021-06-14,99.06
Northern Ireland,,2021-06-15,100.19
Northern Ireland,,2021-06-16,100.8
Northern Ireland,,2021-06-17,101.4
Northern Ireland,,2021-06-18,101.94
Northern Ireland,,2021-06-19,102.38
Northern Ireland,,2021-06-20,102.91
Northern Ireland,,2021-06-21,103.4
Northern Ireland,,2021-06-22,103.96
Northern Ireland,,2021-06-23,104.47
Northern Ireland,,2021-06-24,104.9
Northern Ireland,,2021-06-25,105.32
Northern Ireland,,2021-06-26,105.65
Northern Ireland,,2021-06-27,106.01
Northern Ireland,,2021-06-28,106.44
Northern Ireland,,2021-06-29,106.95
Northern Ireland,,2021-06-30,107.49
Northern Ireland,,2021-07-01,107.92
Northern Ireland,,2021-07-02,108.36
Northern Ireland,,2021-07-03,108.75
Northern Ireland,,2021-07-04,109.21
Northern Ireland,,2021-07-05,109.69
Northern Ireland,,2021-07-06,110.2
Northern Ireland,,2021-07-07,110.72
Northern Ireland,,2021-07-08,111.17
Northern Ireland,,2021-07-09,111.59
Northern Ireland,,2021-07-10,111.97
Northern Ireland,,2021-07-11,112.22
Northern Ireland,,2021-07-12,112.35
Northern Ireland,,2021-07-13,112.74
Northern Ireland,,2021-07-14,113.18
Northern Ireland,,2021-07-15,113.58
Northern Ireland,,2021-07-18,114.37
Northern Ireland,,2021-07-19,114.75
Northern Ireland,,2021-07-20,115.2
Northern Ireland,,2021-07-21,115.65
Northern Ireland,,2021-07-22,115.81
Northern Ireland,,2021-07-23,116.06
Northern Ireland,,2021-07-24,116.25
Northern Ireland,,2021-07-25,116.48
Northern Ireland,,2021-07-26,116.85
Northern Ireland,,2021-07-27,117.31
Northern Ireland,,2021-07-28,118.13
Northern Ireland,,2021-07-29,118.6
Northern Ireland,,2021-07-30,118.96
Northern Ireland,,2021-07-31,119.34
Northern Ireland,,2021-08-01,119.62
Northern Ireland,,2021-08-02,120.08
Northern Ireland,,2021-08-03,120.49
Northern Ireland,,2021-08-04,120.89
Northern Ireland,,2021-08-05,121.2
Northern Ireland,,2021-08-06,121.88
Northern Ireland,,2021-08-07,122.19
Northern Ireland,,2021-08-08,122.5
Northern Ireland,,2021-08-09,123.2
Northern Ireland,,2021-08-10,123.59
Northern Ireland,,2021-08-11,123.93
Northern Ireland,,2021-08-12,124.29
Northern Ireland,,2021-08-13,124.6
Northern Ireland,,2021-08-14,124.8
Northern Ireland,,2021-08-15,125.07
Northern Ireland,,2021-08-16,125.35
Northern Ireland,,2021-08-17,125.76
Northern Ireland,,2021-08-18,126.04
Northern Ireland,,2021-08-19,126.35
Northern Ireland,,2021-08-20,126.65
Northern Ireland,,2021-08-21,127.02
Northern Ireland,,2021-08-22,127.33
Northern Ireland,,2021-08-23,127.52
Northern Ireland,,2021-08-24,127.75
Northern Ireland,,2021-08-25,128.09
Northern Ireland,,2021-08-26,128.41
Northern Ireland,,2021-08-27,128.61
Northern Ireland,,2021-08-28,128.73
Northern Ireland,,2021-08-29,128.84
Northern Ireland,,2021-08-30,129
Northern Ireland,,2021-08-31,129.2
Northern Ireland,,2021-09-01,129.38
Northern Ireland,,2021-09-02,129.55
Northern Ireland,,2021-09-03,129.72
Northern Ireland,,2021-09-04,129.86
Northern Ireland,,2021-09-05,130.06
Northern Ireland,,2021-09-06,130.28
Northern Ireland,,2021-09-07,130.55
Northern Ireland,,2021-09-08,130.8
Northern Ireland,,2021-09-09,131.04
Northern Ireland,,2021-09-10,131.3
Northern Ireland,,2021-09-11,131.44
Northern Ireland,,2021-09-12,131.53
Northern Ireland,,2021-09-13,131.67
Northern Ireland,,2021-09-14,131.8
Northern Ireland,,2021-09-15,131.92
Northern Ireland,,2021-09-16,132.06
Northern Ireland,,2021-09-17,132.12
Northern Ireland,,2021-09-18,132.15
Northern Ireland,,2021-09-19,132.21
Northern Ireland,,2021-09-20,132.28
Northern Ireland,,2021-09-21,132.34
Northern Ireland,,2021-09-22,132.42
Northern Ireland,,2021-09-23,132.49
Northern Ireland,,2021-09-24,132.56
Northern Ireland,,2021-09-25,132.61
Northern Ireland,,2021-09-26,132.67
Northern Ireland,,2021-09-27,132.77
Northern Ireland,,2021-09-28,132.85
Northern Ireland,,2021-09-29,132.93
Northern Ireland,,2021-09-30,133.27
Northern Ireland,,2021-10-01,133.37
Northern Ireland,,2021-10-02,133.46
Northern Ireland,,2021-10-03,133.6
Northern Ireland,,2021-10-04,133.78
Northern Ireland,,2021-10-05,133.96
Northern Ireland,,2021-10-06,134.11
Northern Ireland,,2021-10-07,134.28
Northern Ireland,,2021-10-08,134.42
Northern Ireland,,2021-10-09,134.51
Northern Ireland,,2021-10-10,134.63
Northern Ireland,,2021-10-11,134.83
Northern Ireland,,2021-10-12,135.09
Northern Ireland,,2021-10-13,135.24
Northern Ireland,,2021-10-14,135.53
Northern Ireland,,2021-10-15,135.65
Northern Ireland,,2021-10-16,135.73
Northern Ireland,,2021-10-17,135.82
Northern Ireland,,2021-10-18,136.01
Northern Ireland,,2021-10-19,136.8
Northern Ireland,,2021-10-20,137.1
Northern Ireland,,2021-10-21,137.45
Northern Ireland,,2021-10-22,137.72
Northern Ireland,,2021-10-23,137.91
Northern Ireland,,2021-10-24,138.11
Northern Ireland,,2021-10-25,138.49
Northern Ireland,,2021-10-26,138.93
Northern Ireland,,2021-10-27,139.41
Northern Ireland,,2021-10-28,139.81
Northern Ireland,,2021-10-29,140.09
Northern Ireland,,2021-10-30,140.27
Northern Ireland,,2021-10-31,140.48
Northern Ireland,,2021-11-01,140.95
Northern Ireland,,2021-11-02,141.49
Northern Ireland,,2021-11-03,142.13
Northern Ireland,,2021-11-04,142.82
Northern Ireland,,2021-11-05,143.23
Northern Ireland,,2021-11-06,143.59
Northern Ireland,,2021-11-07,143.9
Northern Ireland,,2021-11-08,144.57
Northern Ireland,,2021-11-09,145.36
Northern Ireland,,2021-11-10,146.3
Northern Ireland,,2021-11-11,147.19
Northern Ireland,,2021-11-12,147.78
Northern Ireland,,2021-11-13,148.11
Northern Ireland,,2021-11-14,148.46
Northern Ireland,,2021-11-15,149.34
Northern Ireland,,2021-11-16,150.29
Northern Ireland,,2021-11-17,151.46
Northern Ireland,,2021-11-18,152.47
Northern Ireland,,2021-11-19,153.08
Northern Ireland,,2021-11-20,153.37
Northern Ireland,,2021-11-21,153.8
Northern Ireland,,2021-11-22,154.7
Northern Ireland,,2021-11-23,155.71
Northern Ireland,,2021-11-24,156.67
Northern Ireland,,2021-11-25,157.5
Northern Ireland,,2021-11-28,158.86
Northern Ireland,,2021-11-29,159.85
Northern Ireland,,2021-11-30,160.8
Northern Ireland,,2021-12-01,161.81
Northern Ireland,,2021-12-02,162.75
Northern Ireland,,2021-12-03,163.21
Northern Ireland,,2021-12-05,164.64
Northern Ireland,,2021-12-06,165.29
Northern Ireland,,2021-12-07,166.11
Northern Ireland,,2021-12-08,167.01
Northern Ireland,,2021-12-09,167.84
Northern Ireland,,2021-12-10,168.53
Northern Ireland,,2021-12-11,168.94
Northern Ireland,,2021-12-12,169.45
Northern Ireland,,2021-12-13,170.79
Northern Ireland,,2021-12-14,172.07
Northern Ireland,,2021-12-15,173.65
Northern Ireland,,2021-12-16,175.05
Northern Ireland,,2021-12-17,176.04
Northern Ireland,,2021-12-18,176.64
Northern Ireland,,2021-12-19,177.47
Northern Ireland,,2021-12-20,179.12
Northern Ireland,,2021-12-21,180.84
Northern Ireland,,2021-12-22,182.24
Northern Ireland,,2021-12-23,183.08
Northern Ireland,,2021-12-24,183.23
Northern Ireland,,2021-12-25,183.23
Northern Ireland,,2021-12-26,183.38
Northern Ireland,,2021-12-27,183.75
Northern Ireland,,2021-12-28,184.23
Northern Ireland,,2021-12-29,184.86
Northern Ireland,,2021-12-30,185.5
Northern Ireland,,2021-12-31,185.67
Northern Ireland,,2022-01-01,185.73
Northern Ireland,,2022-01-02,185.93
Northern Ireland,,2022-01-03,186.22
Northern Ireland,,2022-01-04,186.65
Northern Ireland,,2022-01-05,187.28
Northern Ireland,,2022-01-06,187.81
Northern Ireland,,2022-01-07,188.28
Northern Ireland,,2022-01-09,188.73
Northern Ireland,,2022-01-10,189.13
Northern Ireland,,2022-01-11,189.53
Northern Ireland,,2022-01-12,190.02
Northern Ireland,,2022-01-13,190.39
Northern Ireland,,2022-01-14,190.71
Northern Ireland,,2022-01-15,190.9
Northern Ireland,,2022-01-16,191.01
Northern Ireland,,2022-01-17,191.28
Northern Ireland,,2022-01-18,191.55
Northern Ireland,,2022-01-19,191.81
Northern Ireland,,2022-01-20,192.07
Northern Ireland,,2022-01-21,192.3
Northern Ireland,,2022-01-22,192.41
Northern Ireland,,2022-01-23,192.52
Northern Ireland,,2022-01-24,192.64
Northern Ireland,,2022-01-25,192.78
Northern Ireland,,2022-01-26,192.95
Northern Ireland,,2022-01-27,193.13
Northern Ireland,,2022-01-28,193.28
Northern Ireland,,2022-01-29,193.41
Northern Ireland,,2022-01-30,193.48
Northern Ireland,,2022-01-31,193.57
Northern Ireland,,2022-02-01,193.68
Northern Ireland,,2022-02-02,193.8
Northern Ireland,,2022-02-03,193.94
Northern Ireland,,2022-02-04,194.06
Northern Ireland,,2022-02-05,194.17
Northern Ireland,,2022-02-06,194.27
Northern Ireland,,2022-02-07,194.4
Northern Ireland,,2022-02-08,194.51
Northern Ireland,,2022-02-09,194.59
Northern Ireland,,2022-02-10,194.76
Northern Ireland,,2022-02-11,194.89
Northern Ireland,,2022-02-12,194.96
Northern Ireland,,2022-02-13,195.04
Northern Ireland,,2022-02-14,195.16
Northern Ireland,,2022-02-15,195.27
Northern Ireland,,2022-02-16,195.4
Northern Ireland,,2022-02-17,195.52
Northern Ireland,,2022-02-18,195.63
Northern Ireland,,2022-02-19,195.71
Northern Ireland,,2022-02-20,195.77
Northern Ireland,,2022-02-21,195.83
Northern Ireland,,2022-02-22,195.91
Northern Ireland,,2022-02-23,196.01
Northern Ireland,,2022-02-24,196.09
Northern Ireland,,2022-02-25,196.19
Northern Ireland,,2022-02-26,196.26
Northern Ireland,,2022-02-27,196.33
Northern Ireland,,2022-02-28,196.39
Northern Ireland,,2022-03-01,196.46
Northern Ireland,,2022-03-02,196.55
Northern Ireland,,2022-03-04,196.69
Northern Ireland,,2022-03-05,196.75
Northern Ireland,,2022-03-06,196.8
Northern Ireland,,2022-03-07,196.86
Northern Ireland,,2022-03-08,196.91
Northern Ireland,,2022-03-09,196.98
Northern Ireland,,2022-03-10,197.05
Northern Ireland,,2022-03-11,197.1
Northern Ireland,,2022-03-12,197.19
Northern Ireland,,2022-03-13,197.24
Northern Ireland,,2022-03-14,197.3
Northern Ireland,,2022-03-15,197.36
Northern Ireland,,2022-03-16,197.42
Northern Ireland,,2022-03-17,197.45
Northern Ireland,,2022-03-18,197.52
Northern Ireland,,2022-03-19,197.57
Northern Ireland,,2022-03-20,197.61
Northern Ireland,,2022-03-21,197.67
Northern Ireland,,2022-03-22,197.74
Northern Ireland,,2022-03-23,197.81
Northern Ireland,,2022-03-24,197.84
Northern Ireland,,2022-03-25,197.9
Northern Ireland,,2022-03-26,197.96
Northern Ireland,,2022-03-27,198
Northern Ireland,,2022-03-28,198.04
Northern Ireland,,2022-03-29,198.07
Northern Ireland,,2022-03-30,198.12
Northern Ireland,,2022-03-31,198.17
Northern Ireland,,2022-04-01,198.23
Northern Ireland,,2022-04-02,198.3
Northern Ireland,,2022-04-03,198.36
Northern Ireland,,2022-04-04,198.38
Northern Ireland,,2022-04-05,198.42
Northern Ireland,,2022-04-06,198.47
Northern Ireland,,2022-04-07,198.54
Northern Ireland,,2022-04-08,198.6
Northern Ireland,,2022-04-09,198.65
Northern Ireland,,2022-04-10,198.71
Northern Ireland,,2022-04-11,198.75
Northern Ireland,,2022-04-12,198.82
Northern Ireland,,2022-04-13,198.93
Northern Ireland,,2022-04-14,199.02
Northern Ireland,,2022-04-15,199.09
Northern Ireland,,2022-04-16,199.14
Northern Ireland,,2022-04-18,199.15
Northern Ireland,,2022-04-19,199.18
Northern Ireland,,2022-04-20,199.28
Northern Ireland,,2022-04-21,199.37
Northern Ireland,,2022-04-22,199.48
Northern Ireland,,2022-04-23,199.56
Northern Ireland,,2022-04-24,199.66
Northern Ireland,,2022-04-25,199.78
Northern Ireland,,2022-04-26,200.08
Northern Ireland,,2022-04-27,200.5
Northern Ireland,,2022-04-28,200.89
Northern Ireland,,2022-04-29,201.1
Northern Ireland,,2022-04-30,201.21
Northern Ireland,,2022-05-01,201.27
Northern Ireland,,2022-05-02,201.31
Northern Ireland,,2022-05-03,201.51
Northern Ireland,,2022-05-04,201.86
Northern Ireland,,2022-05-05,202.22
Northern Ireland,,2022-05-06,202.47
Northern Ireland,,2022-05-07,202.69
Northern Ireland,,2022-05-08,202.76
Northern Ireland,,2022-05-09,203.05
Northern Ireland,,2022-05-10,203.41
Northern Ireland,,2022-05-11,203.78
Northern Ireland,,2022-05-12,204.13
Northern Ireland,,2022-05-13,204.37
Northern Ireland,,2022-05-14,204.47
Northern Ireland,,2022-05-15,204.53
Northern Ireland,,2022-05-16,204.73
Northern Ireland,,2022-05-17,204.99
Northern Ireland,,2022-05-18,205.23
Northern Ireland,,2022-05-19,205.53
Northern Ireland,,2022-05-20,205.73
Northern Ireland,,2022-05-21,205.85
Northern Ireland,,2022-05-25,205.89
Northern Ireland,,2022-05-26,206.04
Northern Ireland,,2022-05-27,206.15
Northern Ireland,,2022-05-28,206.24
Northern Ireland,,2022-05-29,206.28
Northern Ireland,,2022-05-30,206.36
Northern Ireland,,2022-05-31,206.45
Northern Ireland,,2022-06-01,206.58
Northern Ireland,,2022-06-02,206.6
Northern Ireland,,2022-06-03,206.61
Northern Ireland,,2022-06-04,206.64
Northern Ireland,,2022-06-05,206.67
Northern Ireland,,2022-06-06,206.73
Northern Ireland,,2022-06-07,206.78
Northern Ireland,,2022-06-08,206.83
Northern Ireland,,2022-06-09,206.92
Northern Ireland,,2022-06-10,206.97
Northern Ireland,,2022-06-11,207.06
Northern Ireland,,2022-06-12,207.1
Northern Ireland,,2022-06-13,207.15
Northern Ireland,,2022-06-14,207.18
Northern Ireland,,2022-06-15,207.23
Northern Ireland,,2022-06-16,207.29
Northern Ireland,,2022-06-17,207.33
Northern Ireland,,2022-06-18,207.38
Northern Ireland,,2022-06-19,207.41
Northern Ireland,,2022-06-20,207.44
Northern Ireland,,2022-06-21,207.47
Northern Ireland,,2022-06-22,207.52
Northern Ireland,,2022-06-23,207.56
Northern Ireland,,2022-06-24,207.6
Northern Ireland,,2022-06-25,207.66
Northern Ireland,,2022-06-26,207.69
Northern Ireland,,2022-06-27,207.72
Northern Ireland,,2022-06-28,207.74
Northern Ireland,,2022-06-29,207.78
Northern Ireland,,2022-06-30,207.83
Northern Ireland,,2022-07-01,207.88
Northern Ireland,,2022-07-02,207.94
Northern Ireland,,2022-07-03,207.98
Northern Ireland,,2022-07-04,208
Northern Ireland,,2022-07-05,208.03
Northern Ireland,,2022-07-06,208.06
Northern Ireland,,2022-07-07,208.09
Northern Ireland,,2022-07-08,208.14
Northern Ireland,,2022-07-09,208.19
Northern Ireland,,2022-07-10,208.2
Northern Ireland,,2022-07-11,208.21
Northern Ireland,,2022-07-12,208.21
Northern Ireland,,2022-07-13,208.23
Northern Ireland,,2022-07-14,208.26
Northern Ireland,,2022-07-15,208.28
Northern Ireland,,2022-07-16,208.33
Northern Ireland,,2022-07-17,208.35
Northern Ireland,,2022-07-18,208.36
Northern Ireland,,2022-07-19,208.38
Northern Ireland,,2022-07-20,208.41
Northern Ireland,,2022-07-24,208.52
Northern Ireland,,2022-07-25,208.52
Northern Ireland,,2022-07-26,208.54
Northern Ireland,,2022-07-27,208.56
Northern Ireland,,2022-07-28,208.59
Northern Ireland,,2022-07-29,208.61
Northern Ireland,,2022-07-30,208.64
Northern Ireland,,2022-07-31,208.66
Northern Ireland,,2022-08-01,208.67
Northern Ireland,,2022-08-02,208.68
Norway,NOR,2020-12-02,0
Norway,NOR,2020-12-08,0
Norway,NOR,2020-12-09,0
Norway,NOR,2020-12-10,0
Norway,NOR,2020-12-11,0
Norway,NOR,2020-12-12,0
Norway,NOR,2020-12-15,0
Norway,NOR,2020-12-16,0
Norway,NOR,2020-12-17,0
Norway,NOR,2020-12-18,0
Norway,NOR,2020-12-19,0
Norway,NOR,2020-12-20,0
Norway,NOR,2020-12-21,0
Norway,NOR,2020-12-22,0
Norway,NOR,2020-12-23,0
Norway,NOR,2020-12-24,0
Norway,NOR,2020-12-26,0
Norway,NOR,2020-12-27,0
Norway,NOR,2020-12-28,0.01
Norway,NOR,2020-12-29,0.03
Norway,NOR,2020-12-30,0.04
Norway,NOR,2020-12-31,0.04
Norway,NOR,2021-01-01,0.05
Norway,NOR,2021-01-02,0.05
Norway,NOR,2021-01-03,0.05
Norway,NOR,2021-01-04,0.05
Norway,NOR,2021-01-05,0.11
Norway,NOR,2021-01-06,0.28
Norway,NOR,2021-01-07,0.4
Norway,NOR,2021-01-08,0.43
Norway,NOR,2021-01-09,0.44
Norway,NOR,2021-01-10,0.44
Norway,NOR,2021-01-11,0.45
Norway,NOR,2021-01-12,0.53
Norway,NOR,2021-01-13,0.71
Norway,NOR,2021-01-14,0.87
Norway,NOR,2021-01-15,0.96
Norway,NOR,2021-01-16,0.98
Norway,NOR,2021-01-17,0.98
Norway,NOR,2021-01-18,1.01
Norway,NOR,2021-01-19,1.11
Norway,NOR,2021-01-20,1.32
Norway,NOR,2021-01-21,1.48
Norway,NOR,2021-01-22,1.54
Norway,NOR,2021-01-23,1.55
Norway,NOR,2021-01-24,1.55
Norway,NOR,2021-01-25,1.56
Norway,NOR,2021-01-26,1.65
Norway,NOR,2021-01-27,2.01
Norway,NOR,2021-01-28,2.34
Norway,NOR,2021-01-29,2.45
Norway,NOR,2021-01-30,2.46
Norway,NOR,2021-01-31,2.47
Norway,NOR,2021-02-01,2.48
Norway,NOR,2021-02-02,2.66
Norway,NOR,2021-02-03,3.29
Norway,NOR,2021-02-04,3.95
Norway,NOR,2021-02-05,4.24
Norway,NOR,2021-02-06,4.27
Norway,NOR,2021-02-07,4.28
Norway,NOR,2021-02-08,4.3
Norway,NOR,2021-02-09,4.47
Norway,NOR,2021-02-10,5.07
Norway,NOR,2021-02-11,5.63
Norway,NOR,2021-02-12,5.85
Norway,NOR,2021-02-13,5.88
Norway,NOR,2021-02-14,5.88
Norway,NOR,2021-02-15,5.91
Norway,NOR,2021-02-16,6.07
Norway,NOR,2021-02-17,6.68
Norway,NOR,2021-02-18,7.24
Norway,NOR,2021-02-19,7.53
Norway,NOR,2021-02-20,7.55
Norway,NOR,2021-02-21,7.55
Norway,NOR,2021-02-22,7.6
Norway,NOR,2021-02-23,7.82
Norway,NOR,2021-02-24,8.46
Norway,NOR,2021-02-25,9.16
Norway,NOR,2021-02-26,9.51
Norway,NOR,2021-02-27,9.52
Norway,NOR,2021-02-28,9.54
Norway,NOR,2021-03-01,9.65
Norway,NOR,2021-03-02,9.93
Norway,NOR,2021-03-03,10.61
Norway,NOR,2021-03-04,11.27
Norway,NOR,2021-03-05,11.62
Norway,NOR,2021-03-06,11.64
Norway,NOR,2021-03-07,11.64
Norway,NOR,2021-03-08,11.74
Norway,NOR,2021-03-09,12.06
Norway,NOR,2021-03-10,12.79
Norway,NOR,2021-03-11,13.34
Norway,NOR,2021-03-12,13.55
Norway,NOR,2021-03-13,13.56
Norway,NOR,2021-03-14,13.56
Norway,NOR,2021-03-15,13.57
Norway,NOR,2021-03-16,13.7
Norway,NOR,2021-03-17,14.17
Norway,NOR,2021-03-18,14.6
Norway,NOR,2021-03-19,14.75
Norway,NOR,2021-03-20,14.76
Norway,NOR,2021-03-21,14.77
Norway,NOR,2021-03-22,14.8
Norway,NOR,2021-03-23,15.07
Norway,NOR,2021-03-24,15.88
Norway,NOR,2021-03-25,16.66
Norway,NOR,2021-03-26,17.01
Norway,NOR,2021-03-27,17.03
Norway,NOR,2021-03-28,17.04
Norway,NOR,2021-03-29,17.13
Norway,NOR,2021-03-30,17.83
Norway,NOR,2021-03-31,18.67
Norway,NOR,2021-04-01,18.88
Norway,NOR,2021-04-02,18.98
Norway,NOR,2021-04-03,18.99
Norway,NOR,2021-04-04,19
Norway,NOR,2021-04-05,19.03
Norway,NOR,2021-04-06,19.43
Norway,NOR,2021-04-07,20.61
Norway,NOR,2021-04-08,21.77
Norway,NOR,2021-04-09,22.3
Norway,NOR,2021-04-10,22.32
Norway,NOR,2021-04-11,22.34
Norway,NOR,2021-04-12,22.41
Norway,NOR,2021-04-13,22.9
Norway,NOR,2021-04-14,24.2
Norway,NOR,2021-04-15,25.45
Norway,NOR,2021-04-16,26.01
Norway,NOR,2021-04-17,26.05
Norway,NOR,2021-04-18,26.08
Norway,NOR,2021-04-19,26.21
Norway,NOR,2021-04-20,26.6
Norway,NOR,2021-04-21,27.76
Norway,NOR,2021-04-22,28.77
Norway,NOR,2021-04-23,29.14
Norway,NOR,2021-04-24,29.16
Norway,NOR,2021-04-25,29.16
Norway,NOR,2021-04-26,29.22
Norway,NOR,2021-04-27,29.7
Norway,NOR,2021-04-28,31.26
Norway,NOR,2021-04-29,32.67
Norway,NOR,2021-04-30,33.31
Norway,NOR,2021-05-01,33.34
Norway,NOR,2021-05-02,33.37
Norway,NOR,2021-05-03,33.46
Norway,NOR,2021-05-04,33.88
Norway,NOR,2021-05-05,35.36
Norway,NOR,2021-05-06,36.69
Norway,NOR,2021-05-07,37.29
Norway,NOR,2021-05-08,37.31
Norway,NOR,2021-05-09,37.32
Norway,NOR,2021-05-10,37.49
Norway,NOR,2021-05-11,38.42
Norway,NOR,2021-05-12,40.21
Norway,NOR,2021-05-13,40.61
Norway,NOR,2021-05-14,40.98
Norway,NOR,2021-05-15,41.03
Norway,NOR,2021-05-16,41.08
Norway,NOR,2021-05-17,41.09
Norway,NOR,2021-05-18,41.62
Norway,NOR,2021-05-19,43.13
Norway,NOR,2021-05-20,44.57
Norway,NOR,2021-05-21,45.25
Norway,NOR,2021-05-22,45.3
Norway,NOR,2021-05-23,45.32
Norway,NOR,2021-05-24,45.39
Norway,NOR,2021-05-25,46.01
Norway,NOR,2021-05-26,47.76
Norway,NOR,2021-05-27,49.32
Norway,NOR,2021-05-28,50.01
Norway,NOR,2021-05-29,50.07
Norway,NOR,2021-05-30,50.1
Norway,NOR,2021-05-31,50.29
Norway,NOR,2021-06-01,51.07
Norway,NOR,2021-06-02,53.37
Norway,NOR,2021-06-03,55.49
Norway,NOR,2021-06-04,56.45
Norway,NOR,2021-06-05,56.53
Norway,NOR,2021-06-06,56.6
Norway,NOR,2021-06-07,56.95
Norway,NOR,2021-06-08,57.82
Norway,NOR,2021-06-09,59.7
Norway,NOR,2021-06-10,61.48
Norway,NOR,2021-06-11,62.27
Norway,NOR,2021-06-12,62.35
Norway,NOR,2021-06-13,62.41
Norway,NOR,2021-06-14,62.82
Norway,NOR,2021-06-15,63.57
Norway,NOR,2021-06-16,65.54
Norway,NOR,2021-06-17,67.26
Norway,NOR,2021-06-18,68.08
Norway,NOR,2021-06-19,68.22
Norway,NOR,2021-06-20,68.31
Norway,NOR,2021-06-21,68.69
Norway,NOR,2021-06-22,69.63
Norway,NOR,2021-06-23,71.69
Norway,NOR,2021-06-24,73.79
Norway,NOR,2021-06-25,74.8
Norway,NOR,2021-06-26,75
Norway,NOR,2021-06-27,75.11
Norway,NOR,2021-06-28,75.73
Norway,NOR,2021-06-29,76.69
Norway,NOR,2021-06-30,78.78
Norway,NOR,2021-07-01,80.83
Norway,NOR,2021-07-02,81.84
Norway,NOR,2021-07-03,82.03
Norway,NOR,2021-07-04,82.15
Norway,NOR,2021-07-05,82.66
Norway,NOR,2021-07-06,83.51
Norway,NOR,2021-07-07,85.11
Norway,NOR,2021-07-08,86.57
Norway,NOR,2021-07-09,87.13
Norway,NOR,2021-07-10,87.22
Norway,NOR,2021-07-11,87.28
Norway,NOR,2021-07-12,87.56
Norway,NOR,2021-07-13,88.17
Norway,NOR,2021-07-14,89.62
Norway,NOR,2021-07-15,90.97
Norway,NOR,2021-07-16,91.46
Norway,NOR,2021-07-17,91.48
Norway,NOR,2021-07-18,91.49
Norway,NOR,2021-07-19,91.72
Norway,NOR,2021-07-20,92.29
Norway,NOR,2021-07-21,93.87
Norway,NOR,2021-07-22,95.54
Norway,NOR,2021-07-23,96.09
Norway,NOR,2021-07-24,96.1
Norway,NOR,2021-07-25,96.11
Norway,NOR,2021-07-26,96.33
Norway,NOR,2021-07-27,96.9
Norway,NOR,2021-07-28,98.64
Norway,NOR,2021-07-29,100.38
Norway,NOR,2021-07-30,100.99
Norway,NOR,2021-07-31,101.02
Norway,NOR,2021-08-01,101.02
Norway,NOR,2021-08-02,101.36
Norway,NOR,2021-08-03,101.98
Norway,NOR,2021-08-04,103.57
Norway,NOR,2021-08-05,105.14
Norway,NOR,2021-08-06,105.73
Norway,NOR,2021-08-07,105.76
Norway,NOR,2021-08-08,105.78
Norway,NOR,2021-08-09,106.24
Norway,NOR,2021-08-10,107
Norway,NOR,2021-08-11,108.92
Norway,NOR,2021-08-12,110.84
Norway,NOR,2021-08-13,111.68
Norway,NOR,2021-08-14,111.73
Norway,NOR,2021-08-15,111.75
Norway,NOR,2021-08-16,112.37
Norway,NOR,2021-08-17,113.29
Norway,NOR,2021-08-18,115.47
Norway,NOR,2021-08-19,117.54
Norway,NOR,2021-08-20,118.62
Norway,NOR,2021-08-21,118.75
Norway,NOR,2021-08-22,118.79
Norway,NOR,2021-08-23,119.6
Norway,NOR,2021-08-24,120.94
Norway,NOR,2021-08-25,123.51
Norway,NOR,2021-08-26,126.07
Norway,NOR,2021-08-27,127.38
Norway,NOR,2021-08-28,127.61
Norway,NOR,2021-08-29,127.7
Norway,NOR,2021-08-30,128.56
Norway,NOR,2021-08-31,129.58
Norway,NOR,2021-09-01,131.37
Norway,NOR,2021-09-02,133.16
Norway,NOR,2021-09-03,134
Norway,NOR,2021-09-04,134.13
Norway,NOR,2021-09-05,134.16
Norway,NOR,2021-09-06,134.62
Norway,NOR,2021-09-07,135.26
Norway,NOR,2021-09-08,136.6
Norway,NOR,2021-09-09,137.79
Norway,NOR,2021-09-10,138.34
Norway,NOR,2021-09-11,138.41
Norway,NOR,2021-09-12,138.42
Norway,NOR,2021-09-13,138.72
Norway,NOR,2021-09-14,139.25
Norway,NOR,2021-09-15,140.38
Norway,NOR,2021-09-16,141.35
Norway,NOR,2021-09-17,141.81
Norway,NOR,2021-09-18,141.87
Norway,NOR,2021-09-19,141.87
Norway,NOR,2021-09-20,142.25
Norway,NOR,2021-09-21,142.73
Norway,NOR,2021-09-22,143.43
Norway,NOR,2021-09-23,144.06
Norway,NOR,2021-09-24,144.34
Norway,NOR,2021-09-25,144.37
Norway,NOR,2021-09-26,144.38
Norway,NOR,2021-09-27,144.57
Norway,NOR,2021-09-28,144.81
Norway,NOR,2021-09-29,145.32
Norway,NOR,2021-09-30,145.83
Norway,NOR,2021-10-01,146.01
Norway,NOR,2021-10-02,146.02
Norway,NOR,2021-10-03,146.02
Norway,NOR,2021-10-04,146.11
Norway,NOR,2021-10-05,146.29
Norway,NOR,2021-10-06,146.55
Norway,NOR,2021-10-07,146.86
Norway,NOR,2021-10-08,147.04
Norway,NOR,2021-10-09,147.04
Norway,NOR,2021-10-10,147.05
Norway,NOR,2021-10-11,147.24
Norway,NOR,2021-10-12,147.47
Norway,NOR,2021-10-13,147.7
Norway,NOR,2021-10-14,147.84
Norway,NOR,2021-10-15,147.93
Norway,NOR,2021-10-16,147.93
Norway,NOR,2021-10-17,147.93
Norway,NOR,2021-10-18,148
Norway,NOR,2021-10-19,148.1
Norway,NOR,2021-10-20,148.32
Norway,NOR,2021-10-21,148.55
Norway,NOR,2021-10-22,148.66
Norway,NOR,2021-10-23,148.66
Norway,NOR,2021-10-24,148.66
Norway,NOR,2021-10-25,148.74
Norway,NOR,2021-10-26,148.85
Norway,NOR,2021-10-27,149.09
Norway,NOR,2021-10-28,149.34
Norway,NOR,2021-10-29,149.43
Norway,NOR,2021-10-30,149.43
Norway,NOR,2021-10-31,149.43
Norway,NOR,2021-11-01,149.51
Norway,NOR,2021-11-02,149.7
Norway,NOR,2021-11-03,150.11
Norway,NOR,2021-11-04,150.56
Norway,NOR,2021-11-05,150.79
Norway,NOR,2021-11-06,150.83
Norway,NOR,2021-11-07,150.85
Norway,NOR,2021-11-08,151.08
Norway,NOR,2021-11-09,151.45
Norway,NOR,2021-11-10,152.11
Norway,NOR,2021-11-11,152.76
Norway,NOR,2021-11-12,153.04
Norway,NOR,2021-11-13,153.05
Norway,NOR,2021-11-14,153.05
Norway,NOR,2021-11-15,153.35
Norway,NOR,2021-11-16,153.77
Norway,NOR,2021-11-17,154.6
Norway,NOR,2021-11-18,155.4
Norway,NOR,2021-11-19,155.79
Norway,NOR,2021-11-20,155.82
Norway,NOR,2021-11-21,155.83
Norway,NOR,2021-11-22,156.23
Norway,NOR,2021-11-23,156.85
Norway,NOR,2021-11-24,158.06
Norway,NOR,2021-11-25,159.27
Norway,NOR,2021-11-26,159.81
Norway,NOR,2021-11-27,159.88
Norway,NOR,2021-11-28,159.9
Norway,NOR,2021-11-29,160.41
Norway,NOR,2021-11-30,161.16
Norway,NOR,2021-12-01,162.41
Norway,NOR,2021-12-02,163.75
Norway,NOR,2021-12-03,164.33
Norway,NOR,2021-12-04,164.38
Norway,NOR,2021-12-05,164.39
Norway,NOR,2021-12-06,164.95
Norway,NOR,2021-12-07,165.75
Norway,NOR,2021-12-08,167.16
Norway,NOR,2021-12-09,168.74
Norway,NOR,2021-12-10,169.38
Norway,NOR,2021-12-11,169.46
Norway,NOR,2021-12-12,169.49
Norway,NOR,2021-12-13,170.08
Norway,NOR,2021-12-14,171.08
Norway,NOR,2021-12-15,172.74
Norway,NOR,2021-12-16,174.58
Norway,NOR,2021-12-17,175.37
Norway,NOR,2021-12-18,175.52
Norway,NOR,2021-12-19,175.58
Norway,NOR,2021-12-20,176.63
Norway,NOR,2021-12-21,177.87
Norway,NOR,2021-12-22,178.88
Norway,NOR,2021-12-23,179.03
Norway,NOR,2021-12-24,179.03
Norway,NOR,2021-12-25,179.03
Norway,NOR,2021-12-26,179.03
Norway,NOR,2021-12-27,179.4
Norway,NOR,2021-12-28,180.04
Norway,NOR,2021-12-29,180.8
Norway,NOR,2021-12-30,181.13
Norway,NOR,2021-12-31,181.15
Norway,NOR,2022-01-01,181.15
Norway,NOR,2022-01-02,181.15
Norway,NOR,2022-01-03,181.79
Norway,NOR,2022-01-04,183.06
Norway,NOR,2022-01-05,184.94
Norway,NOR,2022-01-06,186.76
Norway,NOR,2022-01-07,187.62
Norway,NOR,2022-01-08,187.93
Norway,NOR,2022-01-09,188.01
Norway,NOR,2022-01-10,188.85
Norway,NOR,2022-01-11,190.15
Norway,NOR,2022-01-12,192
Norway,NOR,2022-01-13,193.86
Norway,NOR,2022-01-14,194.73
Norway,NOR,2022-01-15,195.05
Norway,NOR,2022-01-16,195.18
Norway,NOR,2022-01-17,195.89
Norway,NOR,2022-01-18,196.88
Norway,NOR,2022-01-19,198.32
Norway,NOR,2022-01-20,199.7
Norway,NOR,2022-01-21,200.27
Norway,NOR,2022-01-22,200.35
Norway,NOR,2022-01-23,200.38
Norway,NOR,2022-01-24,200.87
Norway,NOR,2022-01-25,201.51
Norway,NOR,2022-01-26,202.44
Norway,NOR,2022-01-27,203.38
Norway,NOR,2022-01-28,203.79
Norway,NOR,2022-01-29,203.93
Norway,NOR,2022-01-30,203.95
Norway,NOR,2022-01-31,204.26
Norway,NOR,2022-02-01,204.67
Norway,NOR,2022-02-02,205.22
Norway,NOR,2022-02-03,205.78
Norway,NOR,2022-02-04,206.01
Norway,NOR,2022-02-05,206.03
Norway,NOR,2022-02-06,206.04
Norway,NOR,2022-02-07,206.22
Norway,NOR,2022-02-08,206.46
Norway,NOR,2022-02-09,206.8
Norway,NOR,2022-02-10,207.13
Norway,NOR,2022-02-11,207.26
Norway,NOR,2022-02-12,207.3
Norway,NOR,2022-02-13,207.3
Norway,NOR,2022-02-14,207.4
Norway,NOR,2022-02-15,207.54
Norway,NOR,2022-02-16,207.75
Norway,NOR,2022-02-17,207.94
Norway,NOR,2022-02-18,208.02
Norway,NOR,2022-02-19,208.03
Norway,NOR,2022-02-20,208.03
Norway,NOR,2022-02-21,208.1
Norway,NOR,2022-02-22,208.17
Norway,NOR,2022-02-23,208.28
Norway,NOR,2022-02-24,208.38
Norway,NOR,2022-02-25,208.43
Norway,NOR,2022-02-26,208.44
Norway,NOR,2022-02-27,208.44
Norway,NOR,2022-02-28,208.48
Norway,NOR,2022-03-01,208.53
Norway,NOR,2022-03-02,208.59
Norway,NOR,2022-03-03,208.66
Norway,NOR,2022-03-04,208.69
Norway,NOR,2022-03-05,208.69
Norway,NOR,2022-03-06,208.69
Norway,NOR,2022-03-07,208.72
Norway,NOR,2022-03-08,208.75
Norway,NOR,2022-03-09,208.81
Norway,NOR,2022-03-10,208.88
Norway,NOR,2022-03-11,208.9
Norway,NOR,2022-03-12,208.91
Norway,NOR,2022-03-13,208.91
Norway,NOR,2022-03-14,208.93
Norway,NOR,2022-03-15,208.96
Norway,NOR,2022-03-16,209.01
Norway,NOR,2022-03-17,209.05
Norway,NOR,2022-03-18,209.07
Norway,NOR,2022-03-19,209.07
Norway,NOR,2022-03-20,209.07
Norway,NOR,2022-03-21,209.1
Norway,NOR,2022-03-22,209.12
Norway,NOR,2022-03-23,209.16
Norway,NOR,2022-03-24,209.2
Norway,NOR,2022-03-25,209.22
Norway,NOR,2022-03-26,209.23
Norway,NOR,2022-03-27,209.23
Norway,NOR,2022-03-28,209.24
Norway,NOR,2022-03-29,209.27
Norway,NOR,2022-03-30,209.31
Norway,NOR,2022-03-31,209.34
Norway,NOR,2022-04-01,209.36
Norway,NOR,2022-04-02,209.36
Norway,NOR,2022-04-03,209.36
Norway,NOR,2022-04-04,209.38
Norway,NOR,2022-04-05,209.4
Norway,NOR,2022-04-06,209.43
Norway,NOR,2022-04-07,209.47
Norway,NOR,2022-04-08,209.49
Norway,NOR,2022-04-09,209.49
Norway,NOR,2022-04-10,209.49
Norway,NOR,2022-04-11,209.51
Norway,NOR,2022-04-12,209.52
Norway,NOR,2022-04-13,209.52
Norway,NOR,2022-04-14,209.52
Norway,NOR,2022-04-15,209.52
Norway,NOR,2022-04-16,209.52
Norway,NOR,2022-04-17,209.52
Norway,NOR,2022-04-18,209.52
Norway,NOR,2022-04-19,209.55
Norway,NOR,2022-04-20,209.58
Norway,NOR,2022-04-21,209.62
Norway,NOR,2022-04-22,209.64
Norway,NOR,2022-04-23,209.64
Norway,NOR,2022-04-24,209.64
Norway,NOR,2022-04-25,209.65
Norway,NOR,2022-04-26,209.68
Norway,NOR,2022-04-27,209.72
Norway,NOR,2022-04-28,209.76
Norway,NOR,2022-04-29,209.78
Norway,NOR,2022-04-30,209.78
Norway,NOR,2022-05-01,209.78
Norway,NOR,2022-05-02,209.8
Norway,NOR,2022-05-03,209.82
Norway,NOR,2022-05-04,209.86
Norway,NOR,2022-05-05,209.9
Norway,NOR,2022-05-06,209.92
Norway,NOR,2022-05-07,209.92
Norway,NOR,2022-05-08,209.92
Norway,NOR,2022-05-09,209.94
Norway,NOR,2022-05-10,209.97
Norway,NOR,2022-05-11,210.01
Norway,NOR,2022-05-12,210.06
Norway,NOR,2022-05-13,210.08
Norway,NOR,2022-05-14,210.08
Norway,NOR,2022-05-15,210.08
Norway,NOR,2022-05-16,210.1
Norway,NOR,2022-05-17,210.1
Norway,NOR,2022-05-18,210.14
Norway,NOR,2022-05-19,210.19
Norway,NOR,2022-05-20,210.21
Norway,NOR,2022-05-21,210.21
Norway,NOR,2022-05-22,210.22
Norway,NOR,2022-05-23,210.24
Norway,NOR,2022-05-24,210.3
Norway,NOR,2022-05-25,210.35
Norway,NOR,2022-05-26,210.35
Norway,NOR,2022-05-27,210.38
Norway,NOR,2022-05-28,210.38
Norway,NOR,2022-05-29,210.38
Norway,NOR,2022-05-30,210.41
Norway,NOR,2022-05-31,210.45
Norway,NOR,2022-06-01,210.49
Norway,NOR,2022-06-02,210.55
Norway,NOR,2022-06-03,210.57
Norway,NOR,2022-06-04,210.57
Norway,NOR,2022-06-05,210.57
Norway,NOR,2022-06-06,210.57
Norway,NOR,2022-06-07,210.61
Norway,NOR,2022-06-08,210.64
Norway,NOR,2022-06-09,210.69
Norway,NOR,2022-06-10,210.71
Norway,NOR,2022-06-11,210.71
Norway,NOR,2022-06-12,210.71
Norway,NOR,2022-06-13,210.73
Norway,NOR,2022-06-14,210.76
Norway,NOR,2022-06-15,210.8
Norway,NOR,2022-06-16,210.86
Norway,NOR,2022-06-17,210.88
Norway,NOR,2022-06-18,210.89
Norway,NOR,2022-06-19,210.89
Norway,NOR,2022-06-20,210.91
Norway,NOR,2022-06-21,210.95
Norway,NOR,2022-06-22,211
Norway,NOR,2022-06-23,211.05
Norway,NOR,2022-06-24,211.08
Norway,NOR,2022-06-25,211.08
Norway,NOR,2022-06-26,211.08
Norway,NOR,2022-06-27,211.1
Norway,NOR,2022-06-28,211.14
Norway,NOR,2022-06-29,211.18
Norway,NOR,2022-06-30,211.24
Norway,NOR,2022-07-01,211.28
Norway,NOR,2022-07-02,211.28
Norway,NOR,2022-07-03,211.28
Norway,NOR,2022-07-04,211.32
Norway,NOR,2022-07-05,211.4
Norway,NOR,2022-07-06,211.51
Norway,NOR,2022-07-07,211.61
Norway,NOR,2022-07-08,211.68
Norway,NOR,2022-07-09,211.68
Norway,NOR,2022-07-10,211.68
Norway,NOR,2022-07-11,211.74
Norway,NOR,2022-07-12,211.84
Norway,NOR,2022-07-13,211.96
Norway,NOR,2022-07-14,212.06
Norway,NOR,2022-07-15,212.11
Norway,NOR,2022-07-16,212.11
Norway,NOR,2022-07-17,212.11
Norway,NOR,2022-07-18,212.16
Norway,NOR,2022-07-19,212.24
Norway,NOR,2022-07-20,212.34
Norway,NOR,2022-07-21,212.47
Norway,NOR,2022-07-22,212.53
Norway,NOR,2022-07-23,212.53
Norway,NOR,2022-07-24,212.53
Norway,NOR,2022-07-25,212.59
Norway,NOR,2022-07-26,212.7
Norway,NOR,2022-07-27,212.83
Norway,NOR,2022-07-28,212.93
Norway,NOR,2022-07-29,212.98
Norway,NOR,2022-07-30,212.98
Norway,NOR,2022-08-01,213.04
Norway,NOR,2022-08-02,213.15
Oceania,,2021-02-02,0.01
Oceania,,2021-02-03,0.01
Oceania,,2021-02-04,0.01
Oceania,,2021-02-05,0.01
Oceania,,2021-02-06,0.01
Oceania,,2021-02-07,0.01
Oceania,,2021-02-08,0.01
Oceania,,2021-02-09,0.01
Oceania,,2021-02-10,0.01
Oceania,,2021-02-11,0.01
Oceania,,2021-02-12,0.01
Oceania,,2021-02-13,0.01
Oceania,,2021-02-14,0.01
Oceania,,2021-02-15,0.01
Oceania,,2021-02-16,0.02
Oceania,,2021-02-17,0.02
Oceania,,2021-02-18,0.02
Oceania,,2021-02-19,0.02
Oceania,,2021-02-20,0.02
Oceania,,2021-02-21,0.02
Oceania,,2021-02-22,0.03
Oceania,,2021-02-23,0.05
Oceania,,2021-02-24,0.07
Oceania,,2021-02-25,0.09
Oceania,,2021-02-26,0.11
Oceania,,2021-02-27,0.11
Oceania,,2021-02-28,0.12
Oceania,,2021-03-01,0.14
Oceania,,2021-03-02,0.17
Oceania,,2021-03-03,0.2
Oceania,,2021-03-04,0.22
Oceania,,2021-03-05,0.24
Oceania,,2021-03-06,0.25
Oceania,,2021-03-07,0.26
Oceania,,2021-03-08,0.28
Oceania,,2021-03-09,0.33
Oceania,,2021-03-10,0.37
Oceania,,2021-03-11,0.4
Oceania,,2021-03-12,0.46
Oceania,,2021-03-13,0.47
Oceania,,2021-03-14,0.47
Oceania,,2021-03-15,0.52
Oceania,,2021-03-16,0.6
Oceania,,2021-03-17,0.65
Oceania,,2021-03-18,0.69
Oceania,,2021-03-19,0.72
Oceania,,2021-03-20,0.73
Oceania,,2021-03-21,0.79
Oceania,,2021-03-22,0.87
Oceania,,2021-03-23,1.01
Oceania,,2021-03-24,1.13
Oceania,,2021-03-25,1.25
Oceania,,2021-03-26,1.37
Oceania,,2021-03-27,1.41
Oceania,,2021-03-28,1.45
Oceania,,2021-03-29,1.59
Oceania,,2021-03-30,1.8
Oceania,,2021-03-31,1.98
Oceania,,2021-04-01,2.17
Oceania,,2021-04-02,2.19
Oceania,,2021-04-03,2.22
Oceania,,2021-04-04,2.23
Oceania,,2021-04-05,2.26
Oceania,,2021-04-06,2.41
Oceania,,2021-04-07,2.63
Oceania,,2021-04-08,2.83
Oceania,,2021-04-09,2.99
Oceania,,2021-04-10,3.06
Oceania,,2021-04-11,3.09
Oceania,,2021-04-12,3.24
Oceania,,2021-04-13,3.45
Oceania,,2021-04-14,3.61
Oceania,,2021-04-15,3.82
Oceania,,2021-04-16,4.02
Oceania,,2021-04-17,4.09
Oceania,,2021-04-18,4.29
Oceania,,2021-04-19,4.46
Oceania,,2021-04-20,4.67
Oceania,,2021-04-21,4.84
Oceania,,2021-04-22,5.02
Oceania,,2021-04-23,5.18
Oceania,,2021-04-24,5.24
Oceania,,2021-04-25,5.25
Oceania,,2021-04-26,5.33
Oceania,,2021-04-27,5.56
Oceania,,2021-04-28,5.77
Oceania,,2021-04-29,5.95
Oceania,,2021-04-30,6.1
Oceania,,2021-05-01,6.16
Oceania,,2021-05-02,6.18
Oceania,,2021-05-03,6.33
Oceania,,2021-05-04,6.61
Oceania,,2021-05-05,6.82
Oceania,,2021-05-06,7.03
Oceania,,2021-05-07,7.23
Oceania,,2021-05-08,7.31
Oceania,,2021-05-09,7.34
Oceania,,2021-05-10,7.53
Oceania,,2021-05-11,7.89
Oceania,,2021-05-12,8.11
Oceania,,2021-05-13,8.34
Oceania,,2021-05-14,8.55
Oceania,,2021-05-15,8.63
Oceania,,2021-05-16,8.67
Oceania,,2021-05-17,8.88
Oceania,,2021-05-18,9.22
Oceania,,2021-05-19,9.46
Oceania,,2021-05-20,9.72
Oceania,,2021-05-21,9.96
Oceania,,2021-05-22,10.06
Oceania,,2021-05-23,10.1
Oceania,,2021-05-24,10.3
Oceania,,2021-05-25,10.71
Oceania,,2021-05-26,11
Oceania,,2021-05-27,11.32
Oceania,,2021-05-28,11.64
Oceania,,2021-05-29,11.79
Oceania,,2021-05-30,11.87
Oceania,,2021-05-31,12.17
Oceania,,2021-06-01,12.68
Oceania,,2021-06-02,13.04
Oceania,,2021-06-03,13.42
Oceania,,2021-06-04,13.78
Oceania,,2021-06-05,14
Oceania,,2021-06-06,14.15
Oceania,,2021-06-07,14.45
Oceania,,2021-06-08,15.07
Oceania,,2021-06-09,15.42
Oceania,,2021-06-10,15.82
Oceania,,2021-06-11,16.16
Oceania,,2021-06-12,16.33
Oceania,,2021-06-13,16.42
Oceania,,2021-06-14,16.6
Oceania,,2021-06-15,17.1
Oceania,,2021-06-16,17.46
Oceania,,2021-06-17,17.83
Oceania,,2021-06-18,18.17
Oceania,,2021-06-19,18.34
Oceania,,2021-06-20,18.44
Oceania,,2021-06-21,18.9
Oceania,,2021-06-22,19.27
Oceania,,2021-06-23,19.64
Oceania,,2021-06-24,20.01
Oceania,,2021-06-25,20.32
Oceania,,2021-06-26,20.51
Oceania,,2021-06-27,20.64
Oceania,,2021-06-28,20.96
Oceania,,2021-06-29,21.51
Oceania,,2021-06-30,21.78
Oceania,,2021-07-01,22.25
Oceania,,2021-07-02,22.64
Oceania,,2021-07-03,22.88
Oceania,,2021-07-04,23.01
Oceania,,2021-07-05,23.35
Oceania,,2021-07-06,23.91
Oceania,,2021-07-07,24.3
Oceania,,2021-07-08,24.71
Oceania,,2021-07-09,25.08
Oceania,,2021-07-10,25.34
Oceania,,2021-07-11,25.48
Oceania,,2021-07-12,25.85
Oceania,,2021-07-13,26.44
Oceania,,2021-07-14,26.87
Oceania,,2021-07-15,27.31
Oceania,,2021-07-16,27.73
Oceania,,2021-07-17,28
Oceania,,2021-07-18,28.14
Oceania,,2021-07-19,28.57
Oceania,,2021-07-20,29.24
Oceania,,2021-07-21,29.75
Oceania,,2021-07-22,30.25
Oceania,,2021-07-23,30.73
Oceania,,2021-07-24,31.06
Oceania,,2021-07-25,31.24
Oceania,,2021-07-26,31.72
Oceania,,2021-07-27,32.52
Oceania,,2021-07-28,33.12
Oceania,,2021-07-29,33.67
Oceania,,2021-07-30,34.24
Oceania,,2021-07-31,34.6
Oceania,,2021-08-01,34.82
Oceania,,2021-08-02,35.65
Oceania,,2021-08-03,36.24
Oceania,,2021-08-04,36.84
Oceania,,2021-08-05,37.47
Oceania,,2021-08-06,38.1
Oceania,,2021-08-07,38.53
Oceania,,2021-08-08,38.77
Oceania,,2021-08-09,39.61
Oceania,,2021-08-10,40.32
Oceania,,2021-08-11,41.02
Oceania,,2021-08-12,41.74
Oceania,,2021-08-13,42.47
Oceania,,2021-08-14,42.94
Oceania,,2021-08-15,43.21
Oceania,,2021-08-16,44.2
Oceania,,2021-08-17,44.94
Oceania,,2021-08-18,45.63
Oceania,,2021-08-19,46.38
Oceania,,2021-08-20,47.21
Oceania,,2021-08-21,47.77
Oceania,,2021-08-22,48.17
Oceania,,2021-08-23,49.15
Oceania,,2021-08-24,50.02
Oceania,,2021-08-25,50.97
Oceania,,2021-08-26,51.88
Oceania,,2021-08-27,52.8
Oceania,,2021-08-28,53.47
Oceania,,2021-08-29,53.93
Oceania,,2021-08-30,54.73
Oceania,,2021-08-31,55.98
Oceania,,2021-09-01,56.93
Oceania,,2021-09-02,57.81
Oceania,,2021-09-03,58.7
Oceania,,2021-09-04,59.36
Oceania,,2021-09-05,59.74
Oceania,,2021-09-06,60.47
Oceania,,2021-09-07,61.51
Oceania,,2021-09-08,62.36
Oceania,,2021-09-09,63.21
Oceania,,2021-09-10,64.04
Oceania,,2021-09-11,64.62
Oceania,,2021-09-12,64.99
Oceania,,2021-09-13,65.88
Oceania,,2021-09-14,67.03
Oceania,,2021-09-15,67.86
Oceania,,2021-09-16,68.68
Oceania,,2021-09-17,69.57
Oceania,,2021-09-18,70.2
Oceania,,2021-09-19,70.65
Oceania,,2021-09-20,71.48
Oceania,,2021-09-21,72.63
Oceania,,2021-09-22,73.5
Oceania,,2021-09-23,74.39
Oceania,,2021-09-24,75.2
Oceania,,2021-09-25,75.81
Oceania,,2021-09-26,76.19
Oceania,,2021-09-27,76.96
Oceania,,2021-09-28,78.05
Oceania,,2021-09-29,78.83
Oceania,,2021-09-30,79.7
Oceania,,2021-10-01,80.54
Oceania,,2021-10-02,81.13
Oceania,,2021-10-03,81.5
Oceania,,2021-10-04,82.04
Oceania,,2021-10-05,83.33
Oceania,,2021-10-06,84.25
Oceania,,2021-10-07,85.17
Oceania,,2021-10-08,86.11
Oceania,,2021-10-09,86.83
Oceania,,2021-10-10,87.29
Oceania,,2021-10-11,88.15
Oceania,,2021-10-12,89.31
Oceania,,2021-10-13,90.18
Oceania,,2021-10-14,91.04
Oceania,,2021-10-15,91.87
Oceania,,2021-10-16,92.61
Oceania,,2021-10-17,93.03
Oceania,,2021-10-18,93.97
Oceania,,2021-10-19,94.69
Oceania,,2021-10-20,95.4
Oceania,,2021-10-21,96.12
Oceania,,2021-10-22,96.83
Oceania,,2021-10-23,97.36
Oceania,,2021-10-24,97.68
Oceania,,2021-10-25,98.64
Oceania,,2021-10-26,99.24
Oceania,,2021-10-27,99.82
Oceania,,2021-10-28,100.42
Oceania,,2021-10-29,100.98
Oceania,,2021-10-30,101.4
Oceania,,2021-10-31,101.64
Oceania,,2021-11-01,102.33
Oceania,,2021-11-02,102.77
Oceania,,2021-11-03,103.27
Oceania,,2021-11-04,103.77
Oceania,,2021-11-05,104.28
Oceania,,2021-11-06,104.62
Oceania,,2021-11-07,104.81
Oceania,,2021-11-08,105.33
Oceania,,2021-11-09,105.72
Oceania,,2021-11-10,106.12
Oceania,,2021-11-11,106.53
Oceania,,2021-11-12,106.95
Oceania,,2021-11-13,107.21
Oceania,,2021-11-14,107.38
Oceania,,2021-11-15,107.87
Oceania,,2021-11-16,108.23
Oceania,,2021-11-17,108.56
Oceania,,2021-11-18,108.9
Oceania,,2021-11-19,109.22
Oceania,,2021-11-20,109.43
Oceania,,2021-11-21,109.51
Oceania,,2021-11-22,110.31
Oceania,,2021-11-23,110.6
Oceania,,2021-11-24,110.88
Oceania,,2021-11-25,111.16
Oceania,,2021-11-26,111.45
Oceania,,2021-11-27,111.62
Oceania,,2021-11-28,111.73
Oceania,,2021-11-29,112.04
Oceania,,2021-11-30,112.59
Oceania,,2021-12-01,112.89
Oceania,,2021-12-02,113.2
Oceania,,2021-12-03,113.51
Oceania,,2021-12-04,113.68
Oceania,,2021-12-05,113.78
Oceania,,2021-12-06,114.09
Oceania,,2021-12-07,114.34
Oceania,,2021-12-08,114.61
Oceania,,2021-12-09,114.87
Oceania,,2021-12-10,115.12
Oceania,,2021-12-11,115.26
Oceania,,2021-12-12,115.33
Oceania,,2021-12-13,115.92
Oceania,,2021-12-14,116.33
Oceania,,2021-12-15,116.79
Oceania,,2021-12-16,117.28
Oceania,,2021-12-17,117.8
Oceania,,2021-12-18,118.07
Oceania,,2021-12-19,118.23
Oceania,,2021-12-20,118.82
Oceania,,2021-12-21,119.33
Oceania,,2021-12-22,119.87
Oceania,,2021-12-23,120.35
Oceania,,2021-12-24,120.38
Oceania,,2021-12-25,120.38
Oceania,,2021-12-26,120.71
Oceania,,2021-12-27,120.78
Oceania,,2021-12-28,120.88
Oceania,,2021-12-29,121.27
Oceania,,2021-12-30,121.68
Oceania,,2021-12-31,121.72
Oceania,,2022-01-01,121.72
Oceania,,2022-01-02,122.15
Oceania,,2022-01-03,122.26
Oceania,,2022-01-04,122.89
Oceania,,2022-01-05,123.58
Oceania,,2022-01-06,124.31
Oceania,,2022-01-07,125.02
Oceania,,2022-01-08,125.44
Oceania,,2022-01-09,125.69
Oceania,,2022-01-10,126.46
Oceania,,2022-01-11,127.35
Oceania,,2022-01-12,128.24
Oceania,,2022-01-13,129.12
Oceania,,2022-01-14,129.98
Oceania,,2022-01-15,130.47
Oceania,,2022-01-16,130.75
Oceania,,2022-01-17,131.61
Oceania,,2022-01-18,132.52
Oceania,,2022-01-19,133.38
Oceania,,2022-01-20,134.29
Oceania,,2022-01-21,135.18
Oceania,,2022-01-22,135.7
Oceania,,2022-01-23,136.03
Oceania,,2022-01-24,137.02
Oceania,,2022-01-25,137.91
Oceania,,2022-01-26,138.25
Oceania,,2022-01-27,139.08
Oceania,,2022-01-28,139.91
Oceania,,2022-01-29,140.39
Oceania,,2022-01-30,140.64
Oceania,,2022-01-31,141.31
Oceania,,2022-02-01,142.02
Oceania,,2022-02-02,142.73
Oceania,,2022-02-03,143.42
Oceania,,2022-02-04,144.14
Oceania,,2022-02-05,144.55
Oceania,,2022-02-06,144.77
Oceania,,2022-02-07,145.38
Oceania,,2022-02-08,146.03
Oceania,,2022-02-09,146.64
Oceania,,2022-02-10,147.22
Oceania,,2022-02-11,147.82
Oceania,,2022-02-12,148.19
Oceania,,2022-02-13,148.35
Oceania,,2022-02-14,148.88
Oceania,,2022-02-15,149.35
Oceania,,2022-02-16,149.8
Oceania,,2022-02-17,150.23
Oceania,,2022-02-18,150.68
Oceania,,2022-02-19,150.96
Oceania,,2022-02-20,151.09
Oceania,,2022-02-21,151.55
Oceania,,2022-02-22,151.92
Oceania,,2022-02-23,152.26
Oceania,,2022-02-24,152.6
Oceania,,2022-02-25,152.95
Oceania,,2022-02-26,153.18
Oceania,,2022-02-27,153.28
Oceania,,2022-02-28,153.69
Oceania,,2022-03-01,153.94
Oceania,,2022-03-02,154.18
Oceania,,2022-03-03,154.42
Oceania,,2022-03-04,154.66
Oceania,,2022-03-05,154.82
Oceania,,2022-03-06,154.88
Oceania,,2022-03-07,155.17
Oceania,,2022-03-08,155.39
Oceania,,2022-03-09,155.62
Oceania,,2022-03-10,155.85
Oceania,,2022-03-11,156.12
Oceania,,2022-03-12,156.3
Oceania,,2022-03-13,156.39
Oceania,,2022-03-14,156.62
Oceania,,2022-03-15,156.86
Oceania,,2022-03-16,157.1
Oceania,,2022-03-17,157.33
Oceania,,2022-03-18,157.58
Oceania,,2022-03-19,157.77
Oceania,,2022-03-20,157.86
Oceania,,2022-03-21,158.22
Oceania,,2022-03-22,158.43
Oceania,,2022-03-23,158.61
Oceania,,2022-03-24,158.8
Oceania,,2022-03-25,159.02
Oceania,,2022-03-26,159.17
Oceania,,2022-03-27,159.25
Oceania,,2022-03-28,159.49
Oceania,,2022-03-29,159.65
Oceania,,2022-03-30,159.8
Oceania,,2022-03-31,159.94
Oceania,,2022-04-01,160.09
Oceania,,2022-04-02,160.19
Oceania,,2022-04-03,160.24
Oceania,,2022-04-04,161.19
Oceania,,2022-04-05,161.3
Oceania,,2022-04-06,161.41
Oceania,,2022-04-07,161.52
Oceania,,2022-04-08,161.64
Oceania,,2022-04-09,161.7
Oceania,,2022-04-10,161.73
Oceania,,2022-04-11,162.18
Oceania,,2022-04-12,162.29
Oceania,,2022-04-13,162.38
Oceania,,2022-04-14,162.48
Oceania,,2022-04-15,162.48
Oceania,,2022-04-16,162.51
Oceania,,2022-04-17,162.52
Oceania,,2022-04-18,162.59
Oceania,,2022-04-19,162.67
Oceania,,2022-04-20,162.76
Oceania,,2022-04-21,162.84
Oceania,,2022-04-22,162.92
Oceania,,2022-04-23,162.97
Oceania,,2022-04-24,162.99
Oceania,,2022-04-25,163.21
Oceania,,2022-04-26,163.28
Oceania,,2022-04-27,163.35
Oceania,,2022-04-28,163.41
Oceania,,2022-04-29,163.47
Oceania,,2022-04-30,163.51
Oceania,,2022-05-01,163.52
Oceania,,2022-05-02,163.66
Oceania,,2022-05-03,163.71
Oceania,,2022-05-04,163.75
Oceania,,2022-05-05,163.8
Oceania,,2022-05-06,163.85
Oceania,,2022-05-07,163.88
Oceania,,2022-05-08,163.89
Oceania,,2022-05-09,164.06
Oceania,,2022-05-10,164.1
Oceania,,2022-05-11,164.14
Oceania,,2022-05-12,164.18
Oceania,,2022-05-13,164.23
Oceania,,2022-05-14,164.24
Oceania,,2022-05-15,164.26
Oceania,,2022-05-16,164.32
Oceania,,2022-05-17,164.36
Oceania,,2022-05-18,164.39
Oceania,,2022-05-19,164.43
Oceania,,2022-05-20,164.47
Oceania,,2022-05-21,164.49
Oceania,,2022-05-22,164.5
Oceania,,2022-05-23,164.67
Oceania,,2022-05-24,164.7
Oceania,,2022-05-25,164.74
Oceania,,2022-05-26,164.77
Oceania,,2022-05-27,164.81
Oceania,,2022-05-28,164.81
Oceania,,2022-05-29,164.84
Oceania,,2022-05-30,164.88
Oceania,,2022-05-31,164.91
Oceania,,2022-06-01,164.94
Oceania,,2022-06-02,164.98
Oceania,,2022-06-03,165.01
Oceania,,2022-06-04,165.01
Oceania,,2022-06-05,165.04
Oceania,,2022-06-06,165.13
Oceania,,2022-06-07,165.16
Oceania,,2022-06-08,165.19
Oceania,,2022-06-09,165.22
Oceania,,2022-06-10,165.25
Oceania,,2022-06-11,165.27
Oceania,,2022-06-12,165.27
Oceania,,2022-06-13,165.41
Oceania,,2022-06-14,165.45
Oceania,,2022-06-15,165.47
Oceania,,2022-06-16,165.49
Oceania,,2022-06-17,165.53
Oceania,,2022-06-18,165.55
Oceania,,2022-06-19,165.55
Oceania,,2022-06-20,165.61
Oceania,,2022-06-21,165.64
Oceania,,2022-06-22,165.66
Oceania,,2022-06-23,165.69
Oceania,,2022-06-24,165.72
Oceania,,2022-06-25,165.73
Oceania,,2022-06-26,165.74
Oceania,,2022-06-27,165.81
Oceania,,2022-06-28,165.85
Oceania,,2022-06-29,165.89
Oceania,,2022-06-30,165.93
Oceania,,2022-07-01,165.97
Oceania,,2022-07-02,165.99
Oceania,,2022-07-03,165.99
Oceania,,2022-07-04,166.05
Oceania,,2022-07-05,166.09
Oceania,,2022-07-06,166.15
Oceania,,2022-07-07,166.21
Oceania,,2022-07-08,166.27
Oceania,,2022-07-09,166.29
Oceania,,2022-07-10,166.31
Oceania,,2022-07-11,166.41
Oceania,,2022-07-12,166.47
Oceania,,2022-07-13,166.54
Oceania,,2022-07-14,166.62
Oceania,,2022-07-15,166.69
Oceania,,2022-07-16,166.73
Oceania,,2022-07-17,166.74
Oceania,,2022-07-18,166.84
Oceania,,2022-07-19,166.9
Oceania,,2022-07-20,166.97
Oceania,,2022-07-21,167.03
Oceania,,2022-07-22,167.1
Oceania,,2022-07-23,167.13
Oceania,,2022-07-24,167.14
Oceania,,2022-07-25,167.21
Oceania,,2022-07-26,167.28
Oceania,,2022-07-27,167.33
Oceania,,2022-07-28,167.39
Oceania,,2022-07-29,167.44
Oceania,,2022-07-30,167.47
Oceania,,2022-07-31,167.48
Oceania,,2022-08-01,167.58
Oceania,,2022-08-02,167.62
Oceania,,2022-08-03,167.65
Oman,OMN,2020-12-28,0.04
Oman,OMN,2020-12-29,0.07
Oman,OMN,2020-12-30,0.11
Oman,OMN,2020-12-31,0.14
Oman,OMN,2021-01-02,0.16
Oman,OMN,2021-01-03,0.2
Oman,OMN,2021-01-04,0.24
Oman,OMN,2021-01-05,0.28
Oman,OMN,2021-01-06,0.31
Oman,OMN,2021-01-07,0.33
Oman,OMN,2021-01-08,0.33
Oman,OMN,2021-01-09,0.33
Oman,OMN,2021-01-10,0.35
Oman,OMN,2021-01-11,0.4
Oman,OMN,2021-01-12,0.46
Oman,OMN,2021-01-13,0.5
Oman,OMN,2021-01-14,0.54
Oman,OMN,2021-01-16,0.55
Oman,OMN,2021-01-17,0.56
Oman,OMN,2021-01-18,0.59
Oman,OMN,2021-01-19,0.62
Oman,OMN,2021-01-20,0.65
Oman,OMN,2021-01-23,0.68
Oman,OMN,2021-01-24,0.72
Oman,OMN,2021-01-25,0.77
Oman,OMN,2021-01-26,0.8
Oman,OMN,2021-01-27,0.82
Oman,OMN,2021-02-08,0.87
Oman,OMN,2021-02-09,0.91
Oman,OMN,2021-02-10,0.96
Oman,OMN,2021-02-11,1
Oman,OMN,2021-02-12,1.04
Oman,OMN,2021-02-13,1.04
Oman,OMN,2021-02-14,1.08
Oman,OMN,2021-02-15,1.11
Oman,OMN,2021-02-16,1.26
Oman,OMN,2021-02-17,1.29
Oman,OMN,2021-02-18,1.32
Oman,OMN,2021-02-19,1.37
Oman,OMN,2021-02-20,1.38
Oman,OMN,2021-02-21,1.43
Oman,OMN,2021-02-22,1.46
Oman,OMN,2021-02-23,1.5
Oman,OMN,2021-03-09,2.09
Oman,OMN,2021-03-10,2.17
Oman,OMN,2021-03-15,2.32
Oman,OMN,2021-03-17,2.43
Oman,OMN,2021-03-22,2.67
Oman,OMN,2021-03-24,2.86
Oman,OMN,2021-03-29,3.09
Oman,OMN,2021-03-31,3.35
Oman,OMN,2021-04-05,3.78
Oman,OMN,2021-04-12,4.16
Oman,OMN,2021-04-14,4.27
Oman,OMN,2021-04-19,4.81
Oman,OMN,2021-04-21,5.42
Oman,OMN,2021-05-17,6.57
Oman,OMN,2021-06-13,13.4
Oman,OMN,2021-06-15,15.93
Oman,OMN,2021-06-20,19
Oman,OMN,2021-07-05,29.6
Oman,OMN,2021-07-07,32.76
Oman,OMN,2021-07-12,36.08
Oman,OMN,2021-07-14,38.24
Oman,OMN,2021-07-25,41.75
Oman,OMN,2021-08-09,58.77
Oman,OMN,2021-08-16,65.3
Oman,OMN,2021-08-23,74.77
Oman,OMN,2021-08-30,83.01
Oman,OMN,2021-09-05,89.29
Oman,OMN,2021-09-13,95.94
Oman,OMN,2021-09-20,102.57
Oman,OMN,2021-09-28,109.44
Oman,OMN,2021-10-11,116.24
Oman,OMN,2021-10-23,125.65
Oman,OMN,2021-11-09,128.81
Oman,OMN,2021-11-23,131.28
Oman,OMN,2021-12-16,131.28
Oman,OMN,2021-12-19,133.75
Oman,OMN,2021-12-26,135.34
Oman,OMN,2022-01-17,141.04
Oman,OMN,2022-01-31,146.01
Oman,OMN,2022-02-07,148.06
Oman,OMN,2022-02-14,149.8
Oman,OMN,2022-02-21,150.93
Oman,OMN,2022-02-28,152.17
Oman,OMN,2022-03-07,153.09
Oman,OMN,2022-03-22,154.56
Oman,OMN,2022-03-28,155.12
Oman,OMN,2022-04-07,155.38
Oman,OMN,2022-04-15,155.52
Oman,OMN,2022-04-27,155.73
Oman,OMN,2022-06-13,156.28
Oman,OMN,2022-06-20,156.36
Oman,OMN,2022-07-06,156.53
Pakistan,PAK,2021-02-02,0
Pakistan,PAK,2021-02-10,0.01
Pakistan,PAK,2021-02-17,0.02
Pakistan,PAK,2021-02-21,0.03
Pakistan,PAK,2021-03-14,0.15
Pakistan,PAK,2021-03-31,0.35
Pakistan,PAK,2021-04-06,0.4
Pakistan,PAK,2021-04-08,0.48
Pakistan,PAK,2021-04-13,0.56
Pakistan,PAK,2021-04-28,0.91
Pakistan,PAK,2021-05-04,1.28
Pakistan,PAK,2021-05-05,1.36
Pakistan,PAK,2021-05-06,1.43
Pakistan,PAK,2021-05-11,1.6
Pakistan,PAK,2021-05-13,1.66
Pakistan,PAK,2021-05-20,2.05
Pakistan,PAK,2021-05-21,2.14
Pakistan,PAK,2021-05-24,2.32
Pakistan,PAK,2021-05-27,2.65
Pakistan,PAK,2021-06-01,3.17
Pakistan,PAK,2021-06-02,3.31
Pakistan,PAK,2021-06-03,3.44
Pakistan,PAK,2021-06-05,3.57
Pakistan,PAK,2021-06-09,4.13
Pakistan,PAK,2021-06-12,4.54
Pakistan,PAK,2021-06-13,4.62
Pakistan,PAK,2021-06-15,4.79
Pakistan,PAK,2021-06-16,5.08
Pakistan,PAK,2021-06-17,5.21
Pakistan,PAK,2021-06-18,5.39
Pakistan,PAK,2021-06-19,5.51
Pakistan,PAK,2021-06-21,5.61
Pakistan,PAK,2021-06-23,5.83
Pakistan,PAK,2021-07-01,7.07
Pakistan,PAK,2021-07-03,7.22
Pakistan,PAK,2021-07-04,7.52
Pakistan,PAK,2021-07-07,7.88
Pakistan,PAK,2021-07-10,8.24
Pakistan,PAK,2021-07-11,8.59
Pakistan,PAK,2021-07-13,8.88
Pakistan,PAK,2021-07-14,9.11
Pakistan,PAK,2021-07-15,9.36
Pakistan,PAK,2021-07-16,9.6
Pakistan,PAK,2021-07-17,9.83
Pakistan,PAK,2021-07-21,10.41
Pakistan,PAK,2021-07-26,10.91
Pakistan,PAK,2021-07-28,11.34
Pakistan,PAK,2021-07-29,12.05
Pakistan,PAK,2021-07-30,12.42
Pakistan,PAK,2021-07-31,12.81
Pakistan,PAK,2021-08-01,13.22
Pakistan,PAK,2021-08-03,14.29
Pakistan,PAK,2021-08-04,14.78
Pakistan,PAK,2021-08-05,15.26
Pakistan,PAK,2021-08-06,15.7
Pakistan,PAK,2021-08-07,16.17
Pakistan,PAK,2021-08-09,16.73
Pakistan,PAK,2021-08-10,17.16
Pakistan,PAK,2021-08-11,17.57
Pakistan,PAK,2021-08-12,17.92
Pakistan,PAK,2021-08-13,18.23
Pakistan,PAK,2021-08-15,18.45
Pakistan,PAK,2021-08-17,19.15
Pakistan,PAK,2021-08-18,19.33
Pakistan,PAK,2021-08-20,19.68
Pakistan,PAK,2021-08-21,20.08
Pakistan,PAK,2021-08-24,20.66
Pakistan,PAK,2021-08-26,22.03
Pakistan,PAK,2021-08-29,23.04
Pakistan,PAK,2021-08-31,24.53
Pakistan,PAK,2021-09-01,25.13
Pakistan,PAK,2021-09-02,25.66
Pakistan,PAK,2021-09-05,26.67
Pakistan,PAK,2021-09-06,27.36
Pakistan,PAK,2021-09-07,27.9
Pakistan,PAK,2021-09-08,28.31
Pakistan,PAK,2021-09-09,28.72
Pakistan,PAK,2021-09-10,29.1
Pakistan,PAK,2021-09-12,29.48
Pakistan,PAK,2021-09-14,30.42
Pakistan,PAK,2021-09-16,30.82
Pakistan,PAK,2021-09-17,31.54
Pakistan,PAK,2021-09-19,31.91
Pakistan,PAK,2021-09-20,32.34
Pakistan,PAK,2021-09-22,32.9
Pakistan,PAK,2021-09-27,34.37
Pakistan,PAK,2021-09-28,34.79
Pakistan,PAK,2021-09-30,35.79
Pakistan,PAK,2021-10-04,37.44
Pakistan,PAK,2021-10-05,37.92
Pakistan,PAK,2021-10-07,38.77
Pakistan,PAK,2021-10-11,40.02
Pakistan,PAK,2021-10-12,40.43
Pakistan,PAK,2021-10-20,42.61
Pakistan,PAK,2021-10-21,42.93
Pakistan,PAK,2021-10-23,43.54
Pakistan,PAK,2021-10-26,44.11
Pakistan,PAK,2021-10-28,44.73
Pakistan,PAK,2021-11-01,45.76
Pakistan,PAK,2021-11-02,46.23
Pakistan,PAK,2021-11-04,47.36
Pakistan,PAK,2021-11-05,47.88
Pakistan,PAK,2021-11-07,48.39
Pakistan,PAK,2021-11-08,48.91
Pakistan,PAK,2021-11-09,49.65
Pakistan,PAK,2021-11-10,50.19
Pakistan,PAK,2021-11-11,50.67
Pakistan,PAK,2021-11-12,51.14
Pakistan,PAK,2021-11-14,51.44
Pakistan,PAK,2021-11-15,51.61
Pakistan,PAK,2021-11-16,51.74
Pakistan,PAK,2021-11-17,51.86
Pakistan,PAK,2021-11-18,51.96
Pakistan,PAK,2021-11-19,52.05
Pakistan,PAK,2021-11-22,52.36
Pakistan,PAK,2021-11-23,52.49
Pakistan,PAK,2021-11-24,52.63
Pakistan,PAK,2021-11-26,52.86
Pakistan,PAK,2021-11-28,52.96
Pakistan,PAK,2021-11-29,53.17
Pakistan,PAK,2021-12-01,53.61
Pakistan,PAK,2021-12-02,53.92
Pakistan,PAK,2021-12-05,54.7
Pakistan,PAK,2021-12-06,55.19
Pakistan,PAK,2021-12-08,56.23
Pakistan,PAK,2021-12-09,56.75
Pakistan,PAK,2021-12-10,57.32
Pakistan,PAK,2021-12-12,57.87
Pakistan,PAK,2021-12-13,58.26
Pakistan,PAK,2021-12-14,58.74
Pakistan,PAK,2021-12-15,59.26
Pakistan,PAK,2021-12-16,59.79
Pakistan,PAK,2021-12-19,61.15
Pakistan,PAK,2021-12-20,61.67
Pakistan,PAK,2021-12-21,62.26
Pakistan,PAK,2021-12-22,62.86
Pakistan,PAK,2021-12-24,64.07
Pakistan,PAK,2021-12-27,65.67
Pakistan,PAK,2021-12-28,66.32
Pakistan,PAK,2021-12-30,67.68
Pakistan,PAK,2022-01-03,68.74
Pakistan,PAK,2022-01-04,69.1
Pakistan,PAK,2022-01-05,69.43
Pakistan,PAK,2022-01-06,69.75
Pakistan,PAK,2022-01-07,70.06
Pakistan,PAK,2022-01-11,70.72
Pakistan,PAK,2022-01-12,71.43
Pakistan,PAK,2022-01-13,71.77
Pakistan,PAK,2022-01-14,72.1
Pakistan,PAK,2022-01-17,72.76
Pakistan,PAK,2022-01-18,73.09
Pakistan,PAK,2022-01-19,73.43
Pakistan,PAK,2022-01-20,73.77
Pakistan,PAK,2022-01-24,74.69
Pakistan,PAK,2022-01-27,75.23
Pakistan,PAK,2022-02-01,76.7
Pakistan,PAK,2022-02-02,77.35
Pakistan,PAK,2022-02-03,78.07
Pakistan,PAK,2022-02-04,78.82
Pakistan,PAK,2022-02-06,80.37
Pakistan,PAK,2022-02-07,81.24
Pakistan,PAK,2022-02-08,82.14
Pakistan,PAK,2022-02-09,83.08
Pakistan,PAK,2022-02-10,84.05
Pakistan,PAK,2022-02-13,86.81
Pakistan,PAK,2022-02-14,87.82
Pakistan,PAK,2022-02-16,88.82
Pakistan,PAK,2022-02-21,90.51
Pakistan,PAK,2022-02-28,92.77
Pakistan,PAK,2022-03-01,92.96
Pakistan,PAK,2022-03-02,93.15
Pakistan,PAK,2022-03-05,93.75
Pakistan,PAK,2022-03-07,93.97
Pakistan,PAK,2022-03-08,94.23
Pakistan,PAK,2022-03-09,94.51
Pakistan,PAK,2022-03-10,94.8
Pakistan,PAK,2022-03-31,102.82
Pakistan,PAK,2022-04-10,105.08
Pakistan,PAK,2022-04-11,105.19
Pakistan,PAK,2022-04-12,105.28
Pakistan,PAK,2022-04-13,105.36
Pakistan,PAK,2022-04-14,105.43
Pakistan,PAK,2022-04-17,105.6
Pakistan,PAK,2022-04-18,105.69
Pakistan,PAK,2022-04-19,105.77
Pakistan,PAK,2022-04-20,105.84
Pakistan,PAK,2022-04-21,105.92
Pakistan,PAK,2022-04-22,105.98
Pakistan,PAK,2022-04-23,106.05
Pakistan,PAK,2022-04-25,106.12
Pakistan,PAK,2022-04-26,106.18
Pakistan,PAK,2022-04-27,106.24
Pakistan,PAK,2022-04-28,106.3
Pakistan,PAK,2022-04-29,106.34
Pakistan,PAK,2022-04-30,106.39
Pakistan,PAK,2022-05-06,106.43
Pakistan,PAK,2022-05-07,106.5
Pakistan,PAK,2022-05-10,106.71
Pakistan,PAK,2022-05-11,106.78
Pakistan,PAK,2022-05-12,106.84
Pakistan,PAK,2022-05-13,106.91
Pakistan,PAK,2022-05-14,106.95
Pakistan,PAK,2022-05-15,106.97
Pakistan,PAK,2022-05-16,107.01
Pakistan,PAK,2022-05-17,107.05
Pakistan,PAK,2022-05-18,107.1
Pakistan,PAK,2022-05-19,107.2
Pakistan,PAK,2022-05-20,107.27
Pakistan,PAK,2022-05-21,107.33
Pakistan,PAK,2022-05-22,107.36
Pakistan,PAK,2022-05-23,107.4
Pakistan,PAK,2022-05-24,107.46
Pakistan,PAK,2022-05-25,107.51
Pakistan,PAK,2022-05-26,107.58
Pakistan,PAK,2022-05-27,107.62
Pakistan,PAK,2022-05-28,107.67
Pakistan,PAK,2022-05-30,107.68
Pakistan,PAK,2022-05-31,107.77
Pakistan,PAK,2022-06-01,107.8
Pakistan,PAK,2022-06-02,107.84
Pakistan,PAK,2022-06-03,107.87
Pakistan,PAK,2022-06-04,107.9
Pakistan,PAK,2022-06-05,107.9
Pakistan,PAK,2022-06-06,108.01
Pakistan,PAK,2022-06-07,108.33
Pakistan,PAK,2022-06-08,108.68
Pakistan,PAK,2022-06-10,109.3
Pakistan,PAK,2022-06-11,109.61
Pakistan,PAK,2022-06-12,109.9
Pakistan,PAK,2022-06-13,110.23
Pakistan,PAK,2022-06-14,110.54
Pakistan,PAK,2022-06-15,110.87
Pakistan,PAK,2022-06-16,111.16
Pakistan,PAK,2022-06-17,111.47
Pakistan,PAK,2022-06-18,111.79
Pakistan,PAK,2022-06-19,112.05
Pakistan,PAK,2022-06-20,112.36
Pakistan,PAK,2022-06-21,112.77
Pakistan,PAK,2022-06-22,113.22
Pakistan,PAK,2022-06-23,113.73
Pakistan,PAK,2022-06-24,114.16
Pakistan,PAK,2022-06-25,114.6
Pakistan,PAK,2022-06-26,115.02
Pakistan,PAK,2022-06-27,115.47
Pakistan,PAK,2022-06-28,115.91
Pakistan,PAK,2022-06-29,116.33
Pakistan,PAK,2022-06-30,116.75
Pakistan,PAK,2022-07-01,117.03
Pakistan,PAK,2022-07-02,117.42
Pakistan,PAK,2022-07-03,117.73
Pakistan,PAK,2022-07-04,118.13
Pakistan,PAK,2022-07-05,118.56
Pakistan,PAK,2022-07-06,119.01
Pakistan,PAK,2022-07-08,119.86
Pakistan,PAK,2022-07-09,120.06
Pakistan,PAK,2022-07-13,120.2
Pakistan,PAK,2022-07-14,120.39
Pakistan,PAK,2022-07-15,120.6
Pakistan,PAK,2022-07-16,120.81
Pakistan,PAK,2022-07-18,121.03
Pakistan,PAK,2022-07-19,121.23
Pakistan,PAK,2022-07-20,121.45
Pakistan,PAK,2022-07-21,121.65
Pakistan,PAK,2022-07-22,121.85
Pakistan,PAK,2022-07-23,122.02
Pakistan,PAK,2022-07-25,122.24
Pakistan,PAK,2022-07-26,122.45
Pakistan,PAK,2022-07-27,122.65
Pakistan,PAK,2022-07-28,122.86
Pakistan,PAK,2022-07-29,123.06
Pakistan,PAK,2022-07-30,123.26
Pakistan,PAK,2022-08-01,123.47
Pakistan,PAK,2022-08-02,123.68
Pakistan,PAK,2022-08-03,123.88
Palestine,PSE,2021-03-30,1.6
Palestine,PSE,2021-03-31,1.7
Palestine,PSE,2021-04-01,1.82
Palestine,PSE,2021-04-03,1.96
Palestine,PSE,2021-04-04,2
Palestine,PSE,2021-04-05,2.18
Palestine,PSE,2021-04-06,2.36
Palestine,PSE,2021-04-07,2.58
Palestine,PSE,2021-04-08,2.79
Palestine,PSE,2021-04-09,2.97
Palestine,PSE,2021-04-10,2.98
Palestine,PSE,2021-04-11,3
Palestine,PSE,2021-04-12,3.15
Palestine,PSE,2021-04-13,3.29
Palestine,PSE,2021-04-14,3.39
Palestine,PSE,2021-04-15,3.46
Palestine,PSE,2021-04-16,3.56
Palestine,PSE,2021-04-18,3.58
Palestine,PSE,2021-04-19,3.75
Palestine,PSE,2021-04-21,3.94
Palestine,PSE,2021-04-22,4.02
Palestine,PSE,2021-04-23,4.15
Palestine,PSE,2021-04-24,4.16
Palestine,PSE,2021-05-05,8.83
Palestine,PSE,2021-05-12,9.09
Palestine,PSE,2021-05-14,9.09
Palestine,PSE,2021-05-16,9.1
Palestine,PSE,2021-05-17,9.14
Palestine,PSE,2021-05-18,9.18
Palestine,PSE,2021-05-19,9.21
Palestine,PSE,2021-05-20,9.27
Palestine,PSE,2021-05-26,9.54
Palestine,PSE,2021-05-27,9.9
Palestine,PSE,2021-05-29,10.17
Palestine,PSE,2021-05-31,10.54
Palestine,PSE,2021-06-01,10.83
Palestine,PSE,2021-06-02,11.15
Palestine,PSE,2021-06-03,11.5
Palestine,PSE,2021-06-04,11.83
Palestine,PSE,2021-06-05,11.84
Palestine,PSE,2021-06-12,12.81
Palestine,PSE,2021-06-13,12.82
Palestine,PSE,2021-06-14,12.98
Palestine,PSE,2021-06-16,13.36
Palestine,PSE,2021-06-19,13.96
Palestine,PSE,2021-06-21,14.37
Palestine,PSE,2021-06-22,14.77
Palestine,PSE,2021-06-23,15.17
Palestine,PSE,2021-06-24,15.6
Palestine,PSE,2021-06-25,15.98
Palestine,PSE,2021-06-26,16.02
Palestine,PSE,2021-06-27,16.06
Palestine,PSE,2021-06-28,16.39
Palestine,PSE,2021-06-29,16.69
Palestine,PSE,2021-06-30,16.91
Palestine,PSE,2021-07-01,17.11
Palestine,PSE,2021-07-02,17.29
Palestine,PSE,2021-07-03,17.3
Palestine,PSE,2021-07-04,17.31
Palestine,PSE,2021-07-05,17.52
Palestine,PSE,2021-07-06,17.68
Palestine,PSE,2021-07-07,17.81
Palestine,PSE,2021-07-08,17.95
Palestine,PSE,2021-07-09,18.12
Palestine,PSE,2021-07-10,18.13
Palestine,PSE,2021-07-11,18.13
Palestine,PSE,2021-07-12,18.31
Palestine,PSE,2021-07-13,18.45
Palestine,PSE,2021-07-15,18.67
Palestine,PSE,2021-07-16,18.82
Palestine,PSE,2021-07-17,18.82
Palestine,PSE,2021-07-18,18.88
Palestine,PSE,2021-07-21,19
Palestine,PSE,2021-07-23,19.01
Palestine,PSE,2021-07-25,19.04
Palestine,PSE,2021-07-26,19.16
Palestine,PSE,2021-07-27,19.25
Palestine,PSE,2021-07-28,19.38
Palestine,PSE,2021-07-29,19.51
Palestine,PSE,2021-07-30,19.62
Palestine,PSE,2021-07-31,19.63
Palestine,PSE,2021-08-01,19.63
Palestine,PSE,2021-08-02,19.75
Palestine,PSE,2021-08-03,19.85
Palestine,PSE,2021-08-04,19.91
Palestine,PSE,2021-08-05,20
Palestine,PSE,2021-08-06,20.09
Palestine,PSE,2021-08-07,20.09
Palestine,PSE,2021-08-08,20.11
Palestine,PSE,2021-08-09,20.24
Palestine,PSE,2021-08-10,20.25
Palestine,PSE,2021-08-11,20.37
Palestine,PSE,2021-08-12,20.52
Palestine,PSE,2021-08-13,20.7
Palestine,PSE,2021-08-14,20.71
Palestine,PSE,2021-08-15,20.77
Palestine,PSE,2021-08-16,21
Palestine,PSE,2021-08-17,21.22
Palestine,PSE,2021-08-18,21.44
Palestine,PSE,2021-08-19,21.71
Palestine,PSE,2021-08-20,21.99
Palestine,PSE,2021-08-21,22.03
Palestine,PSE,2021-08-22,22.12
Palestine,PSE,2021-08-23,22.43
Palestine,PSE,2021-08-24,22.79
Palestine,PSE,2021-08-25,23.23
Palestine,PSE,2021-08-26,23.76
Palestine,PSE,2021-08-27,24.54
Palestine,PSE,2021-08-28,24.69
Palestine,PSE,2021-08-29,25.25
Palestine,PSE,2021-08-30,26.12
Palestine,PSE,2021-08-31,27.12
Palestine,PSE,2021-09-01,28.26
Palestine,PSE,2021-09-02,29.28
Palestine,PSE,2021-09-03,30.24
Palestine,PSE,2021-09-04,30.26
Palestine,PSE,2021-09-05,30.56
Palestine,PSE,2021-09-06,31.32
Palestine,PSE,2021-09-07,31.71
Palestine,PSE,2021-09-08,32.16
Palestine,PSE,2021-09-09,32.61
Palestine,PSE,2021-09-10,33.08
Palestine,PSE,2021-09-11,33.17
Palestine,PSE,2021-09-12,33.43
Palestine,PSE,2021-09-13,33.76
Palestine,PSE,2021-09-14,34.23
Palestine,PSE,2021-09-15,34.7
Palestine,PSE,2021-09-16,35.26
Palestine,PSE,2021-09-17,35.91
Palestine,PSE,2021-09-19,36.18
Palestine,PSE,2021-09-20,36.88
Palestine,PSE,2021-09-21,37.67
Palestine,PSE,2021-09-22,38.31
Palestine,PSE,2021-09-23,38.99
Palestine,PSE,2021-09-24,39.62
Palestine,PSE,2021-09-25,39.62
Palestine,PSE,2021-09-26,39.78
Palestine,PSE,2021-09-27,40.36
Palestine,PSE,2021-09-29,41.49
Palestine,PSE,2021-09-30,41.99
Palestine,PSE,2021-10-03,42.76
Palestine,PSE,2021-10-04,43.14
Palestine,PSE,2021-10-05,43.51
Palestine,PSE,2021-10-06,43.85
Palestine,PSE,2021-10-07,44.34
Palestine,PSE,2021-10-08,44.68
Palestine,PSE,2021-10-10,44.84
Palestine,PSE,2021-10-27,54.4
Palestine,PSE,2021-11-10,57.36
Palestine,PSE,2021-11-15,57.95
Palestine,PSE,2021-11-22,58.92
Palestine,PSE,2021-11-29,60.8
Palestine,PSE,2021-12-06,62.04
Palestine,PSE,2021-12-20,64.59
Palestine,PSE,2021-12-27,65.91
Palestine,PSE,2022-01-10,66.73
Palestine,PSE,2022-03-06,70.32
Palestine,PSE,2022-03-17,71.65
Palestine,PSE,2022-03-24,71.98
Palestine,PSE,2022-04-03,72.23
Palestine,PSE,2022-04-10,72.33
Palestine,PSE,2022-04-17,72.4
Palestine,PSE,2022-04-24,72.45
Palestine,PSE,2022-05-08,72.47
Palestine,PSE,2022-05-15,72.5
Palestine,PSE,2022-05-22,72.53
Palestine,PSE,2022-06-12,72.66
Palestine,PSE,2022-06-19,72.71
Palestine,PSE,2022-06-27,72.74
Palestine,PSE,2022-06-28,72.74
Palestine,PSE,2022-07-05,72.77
Palestine,PSE,2022-07-19,72.8
Panama,PAN,2021-01-20,0.01
Panama,PAN,2021-01-21,0.06
Panama,PAN,2021-01-22,0.12
Panama,PAN,2021-01-23,0.13
Panama,PAN,2021-01-24,0.15
Panama,PAN,2021-01-25,0.15
Panama,PAN,2021-01-26,0.17
Panama,PAN,2021-01-27,0.2
Panama,PAN,2021-01-28,0.2
Panama,PAN,2021-01-29,0.2
Panama,PAN,2021-02-01,0.24
Panama,PAN,2021-02-02,0.28
Panama,PAN,2021-02-03,0.28
Panama,PAN,2021-02-04,0.29
Panama,PAN,2021-02-05,0.29
Panama,PAN,2021-02-09,0.29
Panama,PAN,2021-02-18,0.71
Panama,PAN,2021-02-19,0.94
Panama,PAN,2021-02-20,1.05
Panama,PAN,2021-02-21,1.1
Panama,PAN,2021-02-22,1.41
Panama,PAN,2021-02-23,1.49
Panama,PAN,2021-02-24,1.84
Panama,PAN,2021-02-25,2.06
Panama,PAN,2021-02-26,2.45
Panama,PAN,2021-02-27,2.63
Panama,PAN,2021-02-28,2.74
Panama,PAN,2021-03-01,2.81
Panama,PAN,2021-03-02,3.05
Panama,PAN,2021-03-03,3.13
Panama,PAN,2021-03-04,3.46
Panama,PAN,2021-03-05,3.84
Panama,PAN,2021-03-06,4.47
Panama,PAN,2021-03-07,4.79
Panama,PAN,2021-03-08,4.87
Panama,PAN,2021-03-09,4.93
Panama,PAN,2021-03-10,5.17
Panama,PAN,2021-03-11,5.36
Panama,PAN,2021-03-18,6.6
Panama,PAN,2021-03-25,7.58
Panama,PAN,2021-03-26,7.88
Panama,PAN,2021-04-04,8.21
Panama,PAN,2021-04-11,10.51
Panama,PAN,2021-04-18,12.66
Panama,PAN,2021-04-25,13.6
Panama,PAN,2021-05-02,15.19
Panama,PAN,2021-05-09,16.82
Panama,PAN,2021-05-16,18.1
Panama,PAN,2021-05-23,20.28
Panama,PAN,2021-05-30,22.05
Panama,PAN,2021-06-06,24.26
Panama,PAN,2021-06-13,27.34
Panama,PAN,2021-06-20,31.51
Panama,PAN,2021-06-27,33
Panama,PAN,2021-07-04,35.33
Panama,PAN,2021-07-11,37.85
Panama,PAN,2021-07-18,41.6
Panama,PAN,2021-07-25,45.59
Panama,PAN,2021-08-01,53.11
Panama,PAN,2021-08-08,64.3
Panama,PAN,2021-08-15,73.25
Panama,PAN,2021-08-22,83.77
Panama,PAN,2021-08-29,94.79
Panama,PAN,2021-09-05,106.33
Panama,PAN,2021-09-12,115.32
Panama,PAN,2021-09-19,120.72
Panama,PAN,2021-09-26,123.36
Panama,PAN,2021-10-03,126.42
Panama,PAN,2021-10-10,128.64
Panama,PAN,2021-10-17,129.41
Panama,PAN,2021-10-24,131.94
Panama,PAN,2021-10-31,133.24
Panama,PAN,2021-11-07,134.31
Panama,PAN,2021-11-14,134.81
Panama,PAN,2021-11-21,136.61
Panama,PAN,2021-11-28,137.56
Panama,PAN,2021-12-05,139.04
Panama,PAN,2021-12-12,139.94
Panama,PAN,2021-12-19,141.49
Panama,PAN,2021-12-26,142.34
Panama,PAN,2022-01-02,143.54
Panama,PAN,2022-01-09,147.33
Panama,PAN,2022-01-16,150.74
Panama,PAN,2022-01-23,157.69
Panama,PAN,2022-01-30,161.79
Panama,PAN,2022-02-06,165.71
Panama,PAN,2022-02-13,168.37
Panama,PAN,2022-02-20,171.7
Panama,PAN,2022-02-27,173.4
Panama,PAN,2022-03-06,175.51
Panama,PAN,2022-03-10,177.69
Panama,PAN,2022-03-11,177.83
Panama,PAN,2022-03-16,178.68
Panama,PAN,2022-03-18,179.01
Panama,PAN,2022-03-23,180.85
Panama,PAN,2022-03-25,181.3
Panama,PAN,2022-03-30,182.26
Panama,PAN,2022-04-01,182.6
Panama,PAN,2022-04-08,183.24
Panama,PAN,2022-04-15,183.76
Panama,PAN,2022-04-22,184.13
Panama,PAN,2022-04-29,185.18
Panama,PAN,2022-05-06,185.68
Panama,PAN,2022-05-13,187.03
Panama,PAN,2022-05-20,187.71
Panama,PAN,2022-05-27,188.84
Panama,PAN,2022-06-03,189.43
Panama,PAN,2022-06-08,190.29
Panama,PAN,2022-06-10,190.49
Panama,PAN,2022-06-15,191.23
Panama,PAN,2022-06-17,191.37
Panama,PAN,2022-06-22,191.39
Panama,PAN,2022-06-24,192.1
Panama,PAN,2022-07-01,192.27
Panama,PAN,2022-07-07,192.8
Panama,PAN,2022-07-08,193.41
Panama,PAN,2022-07-15,194.18
Panama,PAN,2022-07-29,195
Papua New Guinea,PNG,2021-03-30,0
Papua New Guinea,PNG,2021-04-13,0
Papua New Guinea,PNG,2021-04-20,0.01
Papua New Guinea,PNG,2021-04-27,0.02
Papua New Guinea,PNG,2021-05-04,0.03
Papua New Guinea,PNG,2021-05-18,0.09
Papua New Guinea,PNG,2021-05-25,0.17
Papua New Guinea,PNG,2021-06-01,0.3
Papua New Guinea,PNG,2021-06-08,0.31
Papua New Guinea,PNG,2021-06-15,0.41
Papua New Guinea,PNG,2021-06-21,0.45
Papua New Guinea,PNG,2021-06-29,0.5
Papua New Guinea,PNG,2021-07-13,0.62
Papua New Guinea,PNG,2021-07-27,0.84
Papua New Guinea,PNG,2021-08-02,1.01
Papua New Guinea,PNG,2021-08-16,1.14
Papua New Guinea,PNG,2021-08-31,1.28
Papua New Guinea,PNG,2021-09-07,1.35
Papua New Guinea,PNG,2021-09-14,1.55
Papua New Guinea,PNG,2021-09-28,1.66
Papua New Guinea,PNG,2021-10-05,1.96
Papua New Guinea,PNG,2021-10-25,2.92
Papua New Guinea,PNG,2021-11-22,4.38
Papua New Guinea,PNG,2021-11-30,4.7
Papua New Guinea,PNG,2021-12-13,5.01
Papua New Guinea,PNG,2021-12-20,5.07
Papua New Guinea,PNG,2022-01-04,5.14
Papua New Guinea,PNG,2022-01-11,5.18
Papua New Guinea,PNG,2022-01-18,5.19
Papua New Guinea,PNG,2022-01-24,5.25
Papua New Guinea,PNG,2022-01-31,5.26
Papua New Guinea,PNG,2022-02-07,5.33
Papua New Guinea,PNG,2022-02-14,5.37
Papua New Guinea,PNG,2022-02-21,5.46
Papua New Guinea,PNG,2022-02-28,5.51
Papua New Guinea,PNG,2022-03-07,5.64
Papua New Guinea,PNG,2022-03-14,5.65
Papua New Guinea,PNG,2022-03-28,5.78
Papua New Guinea,PNG,2022-04-18,5.89
Papua New Guinea,PNG,2022-05-23,5.9
Papua New Guinea,PNG,2022-06-06,6.05
Papua New Guinea,PNG,2022-06-27,6.18
Papua New Guinea,PNG,2022-07-11,6.23
Papua New Guinea,PNG,2022-07-18,6.26
Papua New Guinea,PNG,2022-07-25,6.26
Paraguay,PRY,2021-02-22,0
Paraguay,PRY,2021-02-23,0.01
Paraguay,PRY,2021-02-24,0.01
Paraguay,PRY,2021-02-25,0.02
Paraguay,PRY,2021-02-26,0.02
Paraguay,PRY,2021-02-28,0.02
Paraguay,PRY,2021-03-01,0.02
Paraguay,PRY,2021-03-02,0.02
Paraguay,PRY,2021-03-03,0.03
Paraguay,PRY,2021-03-04,0.03
Paraguay,PRY,2021-03-05,0.03
Paraguay,PRY,2021-03-06,0.03
Paraguay,PRY,2021-03-08,0.03
Paraguay,PRY,2021-03-09,0.03
Paraguay,PRY,2021-03-10,0.04
Paraguay,PRY,2021-03-11,0.07
Paraguay,PRY,2021-03-12,0.12
Paraguay,PRY,2021-03-13,0.15
Paraguay,PRY,2021-03-14,0.17
Paraguay,PRY,2021-03-15,0.18
Paraguay,PRY,2021-03-16,0.2
Paraguay,PRY,2021-03-17,0.21
Paraguay,PRY,2021-03-18,0.22
Paraguay,PRY,2021-03-19,0.22
Paraguay,PRY,2021-03-20,0.22
Paraguay,PRY,2021-03-21,0.22
Paraguay,PRY,2021-03-22,0.22
Paraguay,PRY,2021-03-23,0.28
Paraguay,PRY,2021-03-24,0.37
Paraguay,PRY,2021-03-25,0.46
Paraguay,PRY,2021-03-26,0.54
Paraguay,PRY,2021-03-27,0.57
Paraguay,PRY,2021-03-28,0.59
Paraguay,PRY,2021-03-29,0.64
Paraguay,PRY,2021-03-30,0.67
Paraguay,PRY,2021-03-31,0.69
Paraguay,PRY,2021-04-01,0.69
Paraguay,PRY,2021-04-03,0.7
Paraguay,PRY,2021-04-04,0.7
Paraguay,PRY,2021-04-05,0.71
Paraguay,PRY,2021-04-06,0.72
Paraguay,PRY,2021-04-07,0.74
Paraguay,PRY,2021-04-08,0.77
Paraguay,PRY,2021-04-09,0.81
Paraguay,PRY,2021-04-10,0.84
Paraguay,PRY,2021-04-11,0.86
Paraguay,PRY,2021-04-12,0.93
Paraguay,PRY,2021-04-13,1.06
Paraguay,PRY,2021-04-14,1.17
Paraguay,PRY,2021-04-15,1.28
Paraguay,PRY,2021-04-16,1.36
Paraguay,PRY,2021-04-17,1.38
Paraguay,PRY,2021-04-18,1.39
Paraguay,PRY,2021-04-19,1.43
Paraguay,PRY,2021-04-20,1.46
Paraguay,PRY,2021-04-21,1.49
Paraguay,PRY,2021-04-22,1.51
Paraguay,PRY,2021-04-23,1.53
Paraguay,PRY,2021-04-24,1.54
Paraguay,PRY,2021-04-25,1.54
Paraguay,PRY,2021-04-26,1.55
Paraguay,PRY,2021-04-27,1.63
Paraguay,PRY,2021-04-28,1.74
Paraguay,PRY,2021-04-29,1.89
Paraguay,PRY,2021-04-30,2.01
Paraguay,PRY,2021-05-01,2.02
Paraguay,PRY,2021-05-02,2.03
Paraguay,PRY,2021-05-03,2.14
Paraguay,PRY,2021-05-04,2.25
Paraguay,PRY,2021-05-05,2.36
Paraguay,PRY,2021-05-06,2.46
Paraguay,PRY,2021-05-07,2.55
Paraguay,PRY,2021-05-08,2.57
Paraguay,PRY,2021-05-09,2.58
Paraguay,PRY,2021-05-10,2.76
Paraguay,PRY,2021-05-11,2.97
Paraguay,PRY,2021-05-12,3.2
Paraguay,PRY,2021-05-13,3.47
Paraguay,PRY,2021-05-14,3.61
Paraguay,PRY,2021-05-15,3.64
Paraguay,PRY,2021-05-16,3.67
Paraguay,PRY,2021-05-17,3.85
Paraguay,PRY,2021-05-18,4.17
Paraguay,PRY,2021-05-19,4.46
Paraguay,PRY,2021-05-20,4.76
Paraguay,PRY,2021-05-21,5.01
Paraguay,PRY,2021-05-22,5.14
Paraguay,PRY,2021-05-23,5.14
Paraguay,PRY,2021-05-24,5.27
Paraguay,PRY,2021-05-25,5.43
Paraguay,PRY,2021-05-26,5.67
Paraguay,PRY,2021-05-27,5.95
Paraguay,PRY,2021-05-28,6.18
Paraguay,PRY,2021-05-29,6.23
Paraguay,PRY,2021-05-30,6.24
Paraguay,PRY,2021-05-31,6.52
Paraguay,PRY,2021-06-01,6.76
Paraguay,PRY,2021-06-02,6.99
Paraguay,PRY,2021-06-03,7.23
Paraguay,PRY,2021-06-04,7.47
Paraguay,PRY,2021-06-05,7.55
Paraguay,PRY,2021-06-06,7.58
Paraguay,PRY,2021-06-07,7.81
Paraguay,PRY,2021-06-08,8
Paraguay,PRY,2021-06-09,8.18
Paraguay,PRY,2021-06-10,8.41
Paraguay,PRY,2021-06-11,8.65
Paraguay,PRY,2021-06-12,9
Paraguay,PRY,2021-06-13,9.39
Paraguay,PRY,2021-06-14,9.81
Paraguay,PRY,2021-06-15,10.17
Paraguay,PRY,2021-06-16,10.47
Paraguay,PRY,2021-06-17,10.89
Paraguay,PRY,2021-06-18,11.21
Paraguay,PRY,2021-06-19,11.28
Paraguay,PRY,2021-06-20,11.29
Paraguay,PRY,2021-06-21,11.69
Paraguay,PRY,2021-06-22,12.08
Paraguay,PRY,2021-06-23,12.47
Paraguay,PRY,2021-06-24,12.65
Paraguay,PRY,2021-06-25,12.9
Paraguay,PRY,2021-06-26,12.99
Paraguay,PRY,2021-06-27,13.04
Paraguay,PRY,2021-06-28,13.39
Paraguay,PRY,2021-06-29,13.68
Paraguay,PRY,2021-06-30,13.97
Paraguay,PRY,2021-07-01,14.41
Paraguay,PRY,2021-07-02,14.7
Paraguay,PRY,2021-07-03,15.18
Paraguay,PRY,2021-07-04,15.81
Paraguay,PRY,2021-07-05,16.42
Paraguay,PRY,2021-07-06,17.19
Paraguay,PRY,2021-07-07,18.04
Paraguay,PRY,2021-07-08,18.31
Paraguay,PRY,2021-07-09,18.58
Paraguay,PRY,2021-07-10,18.59
Paraguay,PRY,2021-07-11,18.59
Paraguay,PRY,2021-07-12,20.08
Paraguay,PRY,2021-07-13,21.69
Paraguay,PRY,2021-07-14,23.43
Paraguay,PRY,2021-07-15,24.78
Paraguay,PRY,2021-07-16,25.96
Paraguay,PRY,2021-07-17,26.21
Paraguay,PRY,2021-07-18,26.32
Paraguay,PRY,2021-07-19,27.76
Paraguay,PRY,2021-07-20,28.52
Paraguay,PRY,2021-07-21,30.51
Paraguay,PRY,2021-07-22,32.61
Paraguay,PRY,2021-07-23,33.4
Paraguay,PRY,2021-07-24,34.14
Paraguay,PRY,2021-07-25,34.43
Paraguay,PRY,2021-07-26,36.21
Paraguay,PRY,2021-07-27,37.61
Paraguay,PRY,2021-07-28,38.68
Paraguay,PRY,2021-07-29,38.89
Paraguay,PRY,2021-07-30,39.02
Paraguay,PRY,2021-07-31,39.04
Paraguay,PRY,2021-08-01,39.04
Paraguay,PRY,2021-08-02,40.1
Paraguay,PRY,2021-08-03,41.09
Paraguay,PRY,2021-08-04,42.39
Paraguay,PRY,2021-08-05,43.39
Paraguay,PRY,2021-08-06,44.12
Paraguay,PRY,2021-08-07,45.01
Paraguay,PRY,2021-08-08,45.33
Paraguay,PRY,2021-08-09,46.25
Paraguay,PRY,2021-08-10,46.78
Paraguay,PRY,2021-08-11,48.36
Paraguay,PRY,2021-08-12,50.1
Paraguay,PRY,2021-08-13,51.25
Paraguay,PRY,2021-08-14,52.43
Paraguay,PRY,2021-08-15,53.1
Paraguay,PRY,2021-08-16,54.82
Paraguay,PRY,2021-08-17,56.24
Paraguay,PRY,2021-08-18,57.43
Paraguay,PRY,2021-08-19,57.65
Paraguay,PRY,2021-08-20,57.81
Paraguay,PRY,2021-08-21,57.82
Paraguay,PRY,2021-08-22,57.82
Paraguay,PRY,2021-08-23,57.95
Paraguay,PRY,2021-08-24,58.13
Paraguay,PRY,2021-08-25,58.39
Paraguay,PRY,2021-08-26,59.09
Paraguay,PRY,2021-08-27,59.87
Paraguay,PRY,2021-08-28,59.88
Paraguay,PRY,2021-08-29,59.88
Paraguay,PRY,2021-08-30,60.21
Paraguay,PRY,2021-08-31,60.55
Paraguay,PRY,2021-09-01,60.91
Paraguay,PRY,2021-09-02,60.94
Paraguay,PRY,2021-09-03,61
Paraguay,PRY,2021-09-04,61.09
Paraguay,PRY,2021-09-05,61.09
Paraguay,PRY,2021-09-10,63.71
Paraguay,PRY,2021-09-17,65.65
Paraguay,PRY,2021-09-24,66.79
Paraguay,PRY,2021-09-25,66.95
Paraguay,PRY,2021-10-01,69.22
Paraguay,PRY,2021-10-08,72.15
Paraguay,PRY,2021-10-15,73.49
Paraguay,PRY,2021-10-22,77.05
Paraguay,PRY,2021-10-29,78.91
Paraguay,PRY,2021-11-05,79.31
Paraguay,PRY,2021-11-12,85.71
Paraguay,PRY,2021-11-19,88.34
Paraguay,PRY,2021-11-29,90.4
Paraguay,PRY,2021-12-03,92.73
Paraguay,PRY,2021-12-10,94.34
Paraguay,PRY,2021-12-17,96.81
Paraguay,PRY,2021-12-23,99.06
Paraguay,PRY,2021-12-29,101.94
Paraguay,PRY,2022-01-07,105.73
Paraguay,PRY,2022-01-14,108.61
Paraguay,PRY,2022-01-21,110.55
Paraguay,PRY,2022-01-28,111.56
Paraguay,PRY,2022-02-04,114.4
Paraguay,PRY,2022-02-11,117.17
Paraguay,PRY,2022-02-18,119
Paraguay,PRY,2022-02-25,120.39
Paraguay,PRY,2022-03-02,121.2
Paraguay,PRY,2022-03-04,122.07
Paraguay,PRY,2022-03-11,122.59
Paraguay,PRY,2022-03-16,123.79
Paraguay,PRY,2022-03-18,124.93
Paraguay,PRY,2022-03-25,125.72
Paraguay,PRY,2022-04-01,126.38
Paraguay,PRY,2022-04-15,128.61
Paraguay,PRY,2022-05-13,129.45
Paraguay,PRY,2022-05-27,130.75
Paraguay,PRY,2022-06-08,131.25
Paraguay,PRY,2022-06-10,131.84
Paraguay,PRY,2022-06-17,132.6
Paraguay,PRY,2022-06-24,132.62
Paraguay,PRY,2022-06-30,133.04
Paraguay,PRY,2022-07-01,133.54
Paraguay,PRY,2022-07-08,135.43
Paraguay,PRY,2022-07-15,136.74
Paraguay,PRY,2022-07-22,137.47
Paraguay,PRY,2022-07-29,137.66
Peru,PER,2021-02-09,0.01
Peru,PER,2021-02-10,0.06
Peru,PER,2021-02-11,0.16
Peru,PER,2021-02-12,0.26
Peru,PER,2021-02-13,0.31
Peru,PER,2021-02-14,0.33
Peru,PER,2021-02-15,0.36
Peru,PER,2021-02-16,0.39
Peru,PER,2021-02-17,0.4
Peru,PER,2021-02-18,0.42
Peru,PER,2021-02-19,0.51
Peru,PER,2021-02-20,0.59
Peru,PER,2021-02-21,0.6
Peru,PER,2021-02-22,0.69
Peru,PER,2021-02-23,0.77
Peru,PER,2021-02-24,0.84
Peru,PER,2021-02-25,0.89
Peru,PER,2021-02-26,0.93
Peru,PER,2021-02-27,0.95
Peru,PER,2021-02-28,0.96
Peru,PER,2021-03-01,0.98
Peru,PER,2021-03-02,1.01
Peru,PER,2021-03-03,1.07
Peru,PER,2021-03-04,1.16
Peru,PER,2021-03-05,1.27
Peru,PER,2021-03-06,1.33
Peru,PER,2021-03-07,1.34
Peru,PER,2021-03-08,1.43
Peru,PER,2021-03-09,1.51
Peru,PER,2021-03-10,1.57
Peru,PER,2021-03-11,1.61
Peru,PER,2021-03-12,1.69
Peru,PER,2021-03-13,1.79
Peru,PER,2021-03-14,1.8
Peru,PER,2021-03-15,1.95
Peru,PER,2021-03-16,2.09
Peru,PER,2021-03-17,2.23
Peru,PER,2021-03-18,2.35
Peru,PER,2021-03-19,2.48
Peru,PER,2021-03-20,2.55
Peru,PER,2021-03-21,2.55
Peru,PER,2021-03-22,2.61
Peru,PER,2021-03-23,2.68
Peru,PER,2021-03-24,2.75
Peru,PER,2021-03-25,2.8
Peru,PER,2021-03-26,2.86
Peru,PER,2021-03-27,2.9
Peru,PER,2021-03-28,2.91
Peru,PER,2021-03-29,2.96
Peru,PER,2021-03-30,3.04
Peru,PER,2021-03-31,3.12
Peru,PER,2021-04-01,3.14
Peru,PER,2021-04-02,3.15
Peru,PER,2021-04-03,3.18
Peru,PER,2021-04-04,3.18
Peru,PER,2021-04-05,3.23
Peru,PER,2021-04-06,3.32
Peru,PER,2021-04-07,3.41
Peru,PER,2021-04-08,3.55
Peru,PER,2021-04-09,3.65
Peru,PER,2021-04-10,3.69
Peru,PER,2021-04-11,3.69
Peru,PER,2021-04-12,3.73
Peru,PER,2021-04-13,3.8
Peru,PER,2021-04-14,3.87
Peru,PER,2021-04-15,3.94
Peru,PER,2021-04-16,4.06
Peru,PER,2021-04-17,4.19
Peru,PER,2021-04-18,4.28
Peru,PER,2021-04-19,4.32
Peru,PER,2021-04-20,4.37
Peru,PER,2021-04-21,4.43
Peru,PER,2021-04-22,4.46
Peru,PER,2021-04-23,4.54
Peru,PER,2021-04-24,4.63
Peru,PER,2021-04-25,4.68
Peru,PER,2021-04-26,4.74
Peru,PER,2021-04-27,4.83
Peru,PER,2021-04-28,4.98
Peru,PER,2021-04-29,5.15
Peru,PER,2021-04-30,5.45
Peru,PER,2021-05-01,5.64
Peru,PER,2021-05-02,5.79
Peru,PER,2021-05-03,5.98
Peru,PER,2021-05-04,6.05
Peru,PER,2021-05-05,6.13
Peru,PER,2021-05-06,6.25
Peru,PER,2021-05-07,6.39
Peru,PER,2021-05-08,6.64
Peru,PER,2021-05-09,6.82
Peru,PER,2021-05-10,6.99
Peru,PER,2021-05-11,7.15
Peru,PER,2021-05-12,7.36
Peru,PER,2021-05-13,7.6
Peru,PER,2021-05-14,7.92
Peru,PER,2021-05-15,8.14
Peru,PER,2021-05-16,8.26
Peru,PER,2021-05-17,8.43
Peru,PER,2021-05-18,8.64
Peru,PER,2021-05-19,8.88
Peru,PER,2021-05-20,9.14
Peru,PER,2021-05-21,9.62
Peru,PER,2021-05-22,10.01
Peru,PER,2021-05-23,10.28
Peru,PER,2021-05-24,10.64
Peru,PER,2021-05-25,10.94
Peru,PER,2021-05-26,11.23
Peru,PER,2021-05-27,11.57
Peru,PER,2021-05-28,12.03
Peru,PER,2021-05-29,12.42
Peru,PER,2021-05-30,12.61
Peru,PER,2021-05-31,12.95
Peru,PER,2021-06-01,13.28
Peru,PER,2021-06-02,13.62
Peru,PER,2021-06-03,13.82
Peru,PER,2021-06-04,13.93
Peru,PER,2021-06-05,13.99
Peru,PER,2021-06-06,14
Peru,PER,2021-06-07,14.1
Peru,PER,2021-06-08,14.74
Peru,PER,2021-06-09,15.36
Peru,PER,2021-06-10,16.05
Peru,PER,2021-06-11,16.72
Peru,PER,2021-06-12,17.21
Peru,PER,2021-06-13,17.46
Peru,PER,2021-06-14,17.8
Peru,PER,2021-06-15,18.19
Peru,PER,2021-06-16,18.53
Peru,PER,2021-06-17,18.95
Peru,PER,2021-06-18,19.47
Peru,PER,2021-06-19,19.81
Peru,PER,2021-06-20,19.91
Peru,PER,2021-06-21,20.25
Peru,PER,2021-06-22,20.67
Peru,PER,2021-06-23,21.05
Peru,PER,2021-06-24,21.31
Peru,PER,2021-06-25,21.69
Peru,PER,2021-06-26,21.94
Peru,PER,2021-06-27,22.09
Peru,PER,2021-06-28,22.26
Peru,PER,2021-06-29,22.56
Peru,PER,2021-06-30,23.1
Peru,PER,2021-07-01,23.7
Peru,PER,2021-07-02,24.32
Peru,PER,2021-07-03,24.91
Peru,PER,2021-07-04,25.31
Peru,PER,2021-07-05,25.87
Peru,PER,2021-07-06,26.51
Peru,PER,2021-07-07,27.02
Peru,PER,2021-07-08,27.5
Peru,PER,2021-07-09,27.99
Peru,PER,2021-07-10,28.78
Peru,PER,2021-07-11,29.32
Peru,PER,2021-07-12,29.64
Peru,PER,2021-07-13,29.98
Peru,PER,2021-07-14,30.42
Peru,PER,2021-07-15,31.02
Peru,PER,2021-07-16,31.7
Peru,PER,2021-07-17,32.62
Peru,PER,2021-07-18,33.15
Peru,PER,2021-07-19,33.44
Peru,PER,2021-07-20,33.75
Peru,PER,2021-07-21,34.22
Peru,PER,2021-07-22,34.8
Peru,PER,2021-07-23,35.54
Peru,PER,2021-07-24,36.7
Peru,PER,2021-07-25,37.61
Peru,PER,2021-07-26,37.84
Peru,PER,2021-07-27,38.6
Peru,PER,2021-07-28,38.95
Peru,PER,2021-07-29,39.14
Peru,PER,2021-07-30,39.64
Peru,PER,2021-07-31,40.46
Peru,PER,2021-08-01,41.08
Peru,PER,2021-08-02,41.53
Peru,PER,2021-08-03,41.94
Peru,PER,2021-08-04,42.42
Peru,PER,2021-08-05,42.94
Peru,PER,2021-08-06,43.78
Peru,PER,2021-08-07,45.26
Peru,PER,2021-08-08,46.34
Peru,PER,2021-08-09,46.66
Peru,PER,2021-08-10,47.03
Peru,PER,2021-08-11,47.38
Peru,PER,2021-08-12,47.73
Peru,PER,2021-08-13,48.09
Peru,PER,2021-08-14,48.78
Peru,PER,2021-08-15,49.37
Peru,PER,2021-08-16,49.61
Peru,PER,2021-08-17,49.91
Peru,PER,2021-08-18,50.18
Peru,PER,2021-08-19,50.48
Peru,PER,2021-08-20,50.93
Peru,PER,2021-08-21,51.87
Peru,PER,2021-08-22,52.56
Peru,PER,2021-08-23,52.81
Peru,PER,2021-08-24,53.04
Peru,PER,2021-08-25,53.31
Peru,PER,2021-08-26,53.63
Peru,PER,2021-08-27,54.15
Peru,PER,2021-08-28,55.52
Peru,PER,2021-08-29,56.74
Peru,PER,2021-08-30,56.79
Peru,PER,2021-08-31,57.15
Peru,PER,2021-09-01,57.61
Peru,PER,2021-09-02,58.17
Peru,PER,2021-09-03,58.81
Peru,PER,2021-09-04,59.89
Peru,PER,2021-09-05,60.7
Peru,PER,2021-09-06,61.12
Peru,PER,2021-09-07,61.76
Peru,PER,2021-09-08,62.81
Peru,PER,2021-09-09,63.85
Peru,PER,2021-09-10,65.08
Peru,PER,2021-09-11,66.87
Peru,PER,2021-09-12,68.33
Peru,PER,2021-09-13,68.96
Peru,PER,2021-09-14,69.85
Peru,PER,2021-09-15,70.61
Peru,PER,2021-09-16,71.61
Peru,PER,2021-09-17,72.53
Peru,PER,2021-09-18,73.98
Peru,PER,2021-09-19,74.89
Peru,PER,2021-09-20,75.28
Peru,PER,2021-09-21,75.88
Peru,PER,2021-09-22,76.43
Peru,PER,2021-09-23,76.93
Peru,PER,2021-09-24,77.52
Peru,PER,2021-09-25,78.75
Peru,PER,2021-09-26,79.72
Peru,PER,2021-09-27,80.34
Peru,PER,2021-09-28,81.05
Peru,PER,2021-09-29,81.97
Peru,PER,2021-09-30,82.91
Peru,PER,2021-10-01,83.77
Peru,PER,2021-10-02,85.49
Peru,PER,2021-10-03,86.93
Peru,PER,2021-10-04,87.73
Peru,PER,2021-10-05,88.61
Peru,PER,2021-10-06,89.45
Peru,PER,2021-10-07,90.26
Peru,PER,2021-10-08,90.89
Peru,PER,2021-10-09,92.01
Peru,PER,2021-10-10,92.73
Peru,PER,2021-10-11,93.27
Peru,PER,2021-10-12,93.99
Peru,PER,2021-10-13,94.67
Peru,PER,2021-10-14,95.34
Peru,PER,2021-10-15,96.07
Peru,PER,2021-10-16,97.1
Peru,PER,2021-10-17,97.96
Peru,PER,2021-10-18,98.58
Peru,PER,2021-10-19,99.19
Peru,PER,2021-10-20,99.73
Peru,PER,2021-10-21,100.23
Peru,PER,2021-10-22,100.69
Peru,PER,2021-10-23,101.46
Peru,PER,2021-10-24,102.07
Peru,PER,2021-10-25,102.44
Peru,PER,2021-10-26,102.79
Peru,PER,2021-10-27,103.13
Peru,PER,2021-10-28,103.52
Peru,PER,2021-10-29,103.9
Peru,PER,2021-10-30,104.83
Peru,PER,2021-10-31,105.59
Peru,PER,2021-11-01,105.9
Peru,PER,2021-11-02,106.31
Peru,PER,2021-11-03,106.82
Peru,PER,2021-11-04,107.54
Peru,PER,2021-11-05,108.43
Peru,PER,2021-11-06,109.76
Peru,PER,2021-11-07,110.72
Peru,PER,2021-11-08,111.34
Peru,PER,2021-11-09,112.01
Peru,PER,2021-11-10,112.65
Peru,PER,2021-11-11,113.24
Peru,PER,2021-11-12,113.77
Peru,PER,2021-11-13,114.52
Peru,PER,2021-11-14,115.18
Peru,PER,2021-11-15,115.7
Peru,PER,2021-11-16,116.28
Peru,PER,2021-11-17,116.87
Peru,PER,2021-11-18,117.44
Peru,PER,2021-11-19,118.02
Peru,PER,2021-11-20,119.05
Peru,PER,2021-11-21,119.99
Peru,PER,2021-11-22,120.6
Peru,PER,2021-11-23,121.26
Peru,PER,2021-11-24,121.88
Peru,PER,2021-11-25,122.62
Peru,PER,2021-11-26,123.55
Peru,PER,2021-11-27,124.93
Peru,PER,2021-11-28,126.04
Peru,PER,2021-11-29,126.89
Peru,PER,2021-11-30,127.71
Peru,PER,2021-12-01,128.53
Peru,PER,2021-12-02,129.4
Peru,PER,2021-12-03,130.25
Peru,PER,2021-12-04,131.25
Peru,PER,2021-12-05,132.01
Peru,PER,2021-12-06,132.69
Peru,PER,2021-12-07,133.4
Peru,PER,2021-12-08,133.91
Peru,PER,2021-12-09,134.67
Peru,PER,2021-12-10,135.7
Peru,PER,2021-12-11,136.92
Peru,PER,2021-12-12,137.87
Peru,PER,2021-12-13,138.79
Peru,PER,2021-12-14,139.76
Peru,PER,2021-12-15,140.65
Peru,PER,2021-12-16,141.36
Peru,PER,2021-12-17,142.07
Peru,PER,2021-12-18,142.75
Peru,PER,2021-12-19,143.3
Peru,PER,2021-12-20,144.09
Peru,PER,2021-12-21,145.22
Peru,PER,2021-12-22,146.22
Peru,PER,2021-12-23,146.95
Peru,PER,2021-12-24,147.19
Peru,PER,2021-12-25,147.3
Peru,PER,2021-12-26,147.85
Peru,PER,2021-12-27,148.79
Peru,PER,2021-12-28,149.77
Peru,PER,2021-12-29,150.61
Peru,PER,2021-12-30,151.26
Peru,PER,2021-12-31,151.48
Peru,PER,2022-01-01,151.57
Peru,PER,2022-01-02,151.93
Peru,PER,2022-01-03,152.68
Peru,PER,2022-01-04,153.5
Peru,PER,2022-01-05,154.45
Peru,PER,2022-01-06,155.42
Peru,PER,2022-01-07,156.38
Peru,PER,2022-01-08,157.38
Peru,PER,2022-01-09,157.99
Peru,PER,2022-01-10,158.83
Peru,PER,2022-01-11,159.61
Peru,PER,2022-01-12,160.35
Peru,PER,2022-01-13,161.09
Peru,PER,2022-01-14,161.78
Peru,PER,2022-01-15,162.46
Peru,PER,2022-01-16,162.85
Peru,PER,2022-01-17,163.41
Peru,PER,2022-01-18,163.91
Peru,PER,2022-01-19,164.41
Peru,PER,2022-01-20,164.85
Peru,PER,2022-01-21,165.27
Peru,PER,2022-01-22,165.72
Peru,PER,2022-01-23,166.08
Peru,PER,2022-01-24,166.6
Peru,PER,2022-01-25,167.12
Peru,PER,2022-01-26,167.68
Peru,PER,2022-01-27,168.28
Peru,PER,2022-01-28,168.89
Peru,PER,2022-01-29,169.71
Peru,PER,2022-01-30,170.34
Peru,PER,2022-01-31,171.05
Peru,PER,2022-02-01,171.76
Peru,PER,2022-02-02,172.42
Peru,PER,2022-02-03,173.1
Peru,PER,2022-02-04,173.81
Peru,PER,2022-02-05,174.56
Peru,PER,2022-02-06,175.02
Peru,PER,2022-02-07,175.67
Peru,PER,2022-02-08,176.31
Peru,PER,2022-02-09,176.94
Peru,PER,2022-02-10,177.55
Peru,PER,2022-02-11,178.19
Peru,PER,2022-02-12,178.78
Peru,PER,2022-02-13,179.15
Peru,PER,2022-02-14,179.61
Peru,PER,2022-02-15,180.16
Peru,PER,2022-02-16,180.77
Peru,PER,2022-02-17,181.37
Peru,PER,2022-02-18,182.03
Peru,PER,2022-02-19,182.76
Peru,PER,2022-02-20,183.3
Peru,PER,2022-02-21,183.97
Peru,PER,2022-02-22,184.68
Peru,PER,2022-02-23,185.33
Peru,PER,2022-02-24,185.97
Peru,PER,2022-02-25,186.62
Peru,PER,2022-02-26,187.24
Peru,PER,2022-02-27,187.67
Peru,PER,2022-02-28,188.29
Peru,PER,2022-03-01,188.82
Peru,PER,2022-03-02,189.35
Peru,PER,2022-03-03,189.88
Peru,PER,2022-03-04,190.44
Peru,PER,2022-03-05,191.05
Peru,PER,2022-03-06,191.42
Peru,PER,2022-03-07,191.89
Peru,PER,2022-03-08,192.31
Peru,PER,2022-03-09,192.76
Peru,PER,2022-03-10,193.23
Peru,PER,2022-03-11,193.72
Peru,PER,2022-03-12,194.29
Peru,PER,2022-03-13,194.68
Peru,PER,2022-03-14,195.07
Peru,PER,2022-03-15,195.45
Peru,PER,2022-03-16,195.82
Peru,PER,2022-03-17,196.19
Peru,PER,2022-03-18,196.6
Peru,PER,2022-03-19,197.07
Peru,PER,2022-03-20,197.42
Peru,PER,2022-03-21,197.74
Peru,PER,2022-03-22,198.1
Peru,PER,2022-03-23,198.46
Peru,PER,2022-03-24,198.86
Peru,PER,2022-03-25,199.32
Peru,PER,2022-03-26,199.99
Peru,PER,2022-03-27,200.54
Peru,PER,2022-03-28,201
Peru,PER,2022-03-29,201.46
Peru,PER,2022-03-30,201.94
Peru,PER,2022-03-31,202.45
Peru,PER,2022-04-01,203.03
Peru,PER,2022-04-02,203.76
Peru,PER,2022-04-03,204.39
Peru,PER,2022-04-04,204.8
Peru,PER,2022-04-05,205.07
Peru,PER,2022-04-06,205.58
Peru,PER,2022-04-07,206.08
Peru,PER,2022-04-08,206.59
Peru,PER,2022-04-09,207.16
Peru,PER,2022-04-10,207.63
Peru,PER,2022-04-11,208.09
Peru,PER,2022-04-12,208.56
Peru,PER,2022-04-13,209.06
Peru,PER,2022-04-14,209.33
Peru,PER,2022-04-15,209.5
Peru,PER,2022-04-16,209.91
Peru,PER,2022-04-17,210.2
Peru,PER,2022-04-18,210.62
Peru,PER,2022-04-19,211.04
Peru,PER,2022-04-20,211.45
Peru,PER,2022-04-21,211.88
Peru,PER,2022-04-22,212.35
Peru,PER,2022-04-23,212.88
Peru,PER,2022-04-24,213.3
Peru,PER,2022-04-25,213.72
Peru,PER,2022-04-26,214.16
Peru,PER,2022-04-27,214.59
Peru,PER,2022-04-28,215.01
Peru,PER,2022-04-29,215.45
Peru,PER,2022-04-30,215.91
Peru,PER,2022-05-01,216.03
Peru,PER,2022-05-02,216.27
Peru,PER,2022-05-03,216.55
Peru,PER,2022-05-04,216.83
Peru,PER,2022-05-05,217.1
Peru,PER,2022-05-06,217.36
Peru,PER,2022-05-07,217.6
Peru,PER,2022-05-08,217.65
Peru,PER,2022-05-09,217.92
Peru,PER,2022-05-10,218.22
Peru,PER,2022-05-11,218.52
Peru,PER,2022-05-12,218.81
Peru,PER,2022-05-13,219.1
Peru,PER,2022-05-14,219.42
Peru,PER,2022-05-15,219.62
Peru,PER,2022-05-16,219.89
Peru,PER,2022-05-17,220.18
Peru,PER,2022-05-18,220.46
Peru,PER,2022-05-19,220.74
Peru,PER,2022-05-20,221.04
Peru,PER,2022-05-21,221.38
Peru,PER,2022-05-22,221.62
Peru,PER,2022-05-23,221.9
Peru,PER,2022-05-24,222.2
Peru,PER,2022-05-25,222.5
Peru,PER,2022-05-26,222.78
Peru,PER,2022-05-27,223.09
Peru,PER,2022-05-28,223.43
Peru,PER,2022-05-29,223.67
Peru,PER,2022-05-30,223.94
Peru,PER,2022-05-31,224.2
Peru,PER,2022-06-01,224.41
Peru,PER,2022-06-02,224.64
Peru,PER,2022-06-03,224.87
Peru,PER,2022-06-04,225.14
Peru,PER,2022-06-05,225.32
Peru,PER,2022-06-06,225.56
Peru,PER,2022-06-07,225.8
Peru,PER,2022-06-08,226.05
Peru,PER,2022-06-09,226.3
Peru,PER,2022-06-10,226.55
Peru,PER,2022-06-11,226.83
Peru,PER,2022-06-12,227.03
Peru,PER,2022-06-13,227.19
Peru,PER,2022-06-14,227.43
Peru,PER,2022-06-15,227.67
Peru,PER,2022-06-16,227.93
Peru,PER,2022-06-17,228.18
Peru,PER,2022-06-18,228.43
Peru,PER,2022-06-19,228.52
Peru,PER,2022-06-20,228.76
Peru,PER,2022-06-21,229.03
Peru,PER,2022-06-22,229.32
Peru,PER,2022-06-23,229.59
Peru,PER,2022-06-24,229.83
Peru,PER,2022-06-25,230.14
Peru,PER,2022-06-26,230.37
Peru,PER,2022-06-27,230.66
Peru,PER,2022-06-28,230.98
Peru,PER,2022-06-29,231.2
Peru,PER,2022-06-30,231.48
Peru,PER,2022-07-01,231.7
Peru,PER,2022-07-02,231.97
Peru,PER,2022-07-03,232.14
Peru,PER,2022-07-04,232.34
Peru,PER,2022-07-05,232.58
Peru,PER,2022-07-06,232.84
Peru,PER,2022-07-07,233.09
Peru,PER,2022-07-08,233.38
Peru,PER,2022-07-09,233.73
Peru,PER,2022-07-10,233.96
Peru,PER,2022-07-11,234.23
Peru,PER,2022-07-12,234.55
Peru,PER,2022-07-13,234.87
Peru,PER,2022-07-14,235.21
Peru,PER,2022-07-15,235.59
Peru,PER,2022-07-16,236
Peru,PER,2022-07-17,236.28
Peru,PER,2022-07-18,236.6
Peru,PER,2022-07-19,236.95
Peru,PER,2022-07-20,237.29
Peru,PER,2022-07-21,237.64
Peru,PER,2022-07-22,237.98
Peru,PER,2022-07-23,238.33
Peru,PER,2022-07-24,238.57
Peru,PER,2022-07-25,238.84
Peru,PER,2022-07-26,239.13
Peru,PER,2022-07-27,239.38
Peru,PER,2022-07-28,239.51
Peru,PER,2022-07-29,239.64
Peru,PER,2022-07-30,239.85
Peru,PER,2022-07-31,239.99
Peru,PER,2022-08-01,240.11
Peru,PER,2022-08-02,240.18
Peru,PER,2022-08-03,240.18
Philippines,PHL,2021-02-28,0
Philippines,PHL,2021-03-01,0
Philippines,PHL,2021-03-02,0
Philippines,PHL,2021-03-04,0.01
Philippines,PHL,2021-03-06,0.02
Philippines,PHL,2021-03-07,0.03
Philippines,PHL,2021-03-08,0.04
Philippines,PHL,2021-03-09,0.08
Philippines,PHL,2021-03-10,0.1
Philippines,PHL,2021-03-13,0.17
Philippines,PHL,2021-03-15,0.19
Philippines,PHL,2021-03-16,0.19
Philippines,PHL,2021-03-17,0.24
Philippines,PHL,2021-03-20,0.3
Philippines,PHL,2021-03-23,0.45
Philippines,PHL,2021-03-27,0.58
Philippines,PHL,2021-03-30,0.65
Philippines,PHL,2021-04-05,0.75
Philippines,PHL,2021-04-06,0.81
Philippines,PHL,2021-04-11,1
Philippines,PHL,2021-04-12,1.06
Philippines,PHL,2021-04-13,1.1
Philippines,PHL,2021-04-14,1.15
Philippines,PHL,2021-04-17,1.28
Philippines,PHL,2021-04-18,1.3
Philippines,PHL,2021-04-19,1.32
Philippines,PHL,2021-04-20,1.37
Philippines,PHL,2021-04-21,1.42
Philippines,PHL,2021-04-22,1.46
Philippines,PHL,2021-04-23,1.52
Philippines,PHL,2021-04-24,1.54
Philippines,PHL,2021-04-26,1.55
Philippines,PHL,2021-04-27,1.59
Philippines,PHL,2021-04-28,1.62
Philippines,PHL,2021-04-29,1.65
Philippines,PHL,2021-04-30,1.69
Philippines,PHL,2021-05-01,1.7
Philippines,PHL,2021-05-03,1.76
Philippines,PHL,2021-05-04,1.81
Philippines,PHL,2021-05-05,1.87
Philippines,PHL,2021-05-07,2.03
Philippines,PHL,2021-05-08,2.1
Philippines,PHL,2021-05-09,2.12
Philippines,PHL,2021-05-11,2.23
Philippines,PHL,2021-05-13,2.38
Philippines,PHL,2021-05-14,2.45
Philippines,PHL,2021-05-15,2.57
Philippines,PHL,2021-05-16,2.64
Philippines,PHL,2021-05-18,2.9
Philippines,PHL,2021-05-20,3.27
Philippines,PHL,2021-05-21,3.47
Philippines,PHL,2021-05-22,3.6
Philippines,PHL,2021-05-23,3.66
Philippines,PHL,2021-05-24,3.78
Philippines,PHL,2021-05-25,3.95
Philippines,PHL,2021-05-26,4.1
Philippines,PHL,2021-05-27,4.27
Philippines,PHL,2021-05-30,4.55
Philippines,PHL,2021-06-01,4.73
Philippines,PHL,2021-06-02,4.85
Philippines,PHL,2021-06-04,5.12
Philippines,PHL,2021-06-05,5.19
Philippines,PHL,2021-06-06,5.24
Philippines,PHL,2021-06-07,5.35
Philippines,PHL,2021-06-08,5.54
Philippines,PHL,2021-06-09,5.68
Philippines,PHL,2021-06-10,5.81
Philippines,PHL,2021-06-12,6.03
Philippines,PHL,2021-06-13,6.1
Philippines,PHL,2021-06-14,6.19
Philippines,PHL,2021-06-15,6.47
Philippines,PHL,2021-06-16,6.64
Philippines,PHL,2021-06-17,6.89
Philippines,PHL,2021-06-18,7.07
Philippines,PHL,2021-06-19,7.22
Philippines,PHL,2021-06-20,7.38
Philippines,PHL,2021-06-21,7.54
Philippines,PHL,2021-06-25,8.38
Philippines,PHL,2021-06-27,8.84
Philippines,PHL,2021-06-29,8.99
Philippines,PHL,2021-06-30,9.17
Philippines,PHL,2021-07-01,9.4
Philippines,PHL,2021-07-04,10.28
Philippines,PHL,2021-07-06,10.51
Philippines,PHL,2021-07-07,10.69
Philippines,PHL,2021-07-08,10.97
Philippines,PHL,2021-07-10,11.36
Philippines,PHL,2021-07-11,11.52
Philippines,PHL,2021-07-12,11.59
Philippines,PHL,2021-07-13,11.8
Philippines,PHL,2021-07-15,12.36
Philippines,PHL,2021-07-16,12.7
Philippines,PHL,2021-07-19,13.26
Philippines,PHL,2021-07-21,13.71
Philippines,PHL,2021-07-23,14.42
Philippines,PHL,2021-07-25,14.99
Philippines,PHL,2021-07-26,15.11
Philippines,PHL,2021-07-27,15.38
Philippines,PHL,2021-07-29,17
Philippines,PHL,2021-08-02,18.32
Philippines,PHL,2021-08-03,19.75
Philippines,PHL,2021-08-05,20.37
Philippines,PHL,2021-08-08,21.94
Philippines,PHL,2021-08-11,22.94
Philippines,PHL,2021-08-15,24.42
Philippines,PHL,2021-08-16,24.86
Philippines,PHL,2021-08-18,25.58
Philippines,PHL,2021-08-22,26.69
Philippines,PHL,2021-08-23,26.95
Philippines,PHL,2021-08-25,27.6
Philippines,PHL,2021-08-29,29.07
Philippines,PHL,2021-08-31,29.6
Philippines,PHL,2021-09-01,29.95
Philippines,PHL,2021-09-05,31.47
Philippines,PHL,2021-09-06,31.61
Philippines,PHL,2021-09-08,32.65
Philippines,PHL,2021-09-09,33.13
Philippines,PHL,2021-09-12,34.02
Philippines,PHL,2021-09-13,34.37
Philippines,PHL,2021-09-14,34.71
Philippines,PHL,2021-09-15,35.15
Philippines,PHL,2021-09-16,35.58
Philippines,PHL,2021-09-19,36.37
Philippines,PHL,2021-09-21,37
Philippines,PHL,2021-09-23,37.84
Philippines,PHL,2021-09-26,38.58
Philippines,PHL,2021-09-27,38.95
Philippines,PHL,2021-09-28,39.29
Philippines,PHL,2021-09-29,39.64
Philippines,PHL,2021-09-30,40.04
Philippines,PHL,2021-10-03,40.73
Philippines,PHL,2021-10-04,41.08
Philippines,PHL,2021-10-05,41.96
Philippines,PHL,2021-10-06,42.49
Philippines,PHL,2021-10-07,42.96
Philippines,PHL,2021-10-10,43.62
Philippines,PHL,2021-10-11,43.96
Philippines,PHL,2021-10-12,44.32
Philippines,PHL,2021-10-13,44.73
Philippines,PHL,2021-10-14,45.21
Philippines,PHL,2021-10-17,45.93
Philippines,PHL,2021-10-18,46.35
Philippines,PHL,2021-10-19,46.82
Philippines,PHL,2021-10-20,47.28
Philippines,PHL,2021-10-21,47.81
Philippines,PHL,2021-10-24,48.92
Philippines,PHL,2021-10-25,49.4
Philippines,PHL,2021-10-26,49.85
Philippines,PHL,2021-10-27,50.49
Philippines,PHL,2021-10-28,51.12
Philippines,PHL,2021-10-31,52.09
Philippines,PHL,2021-11-01,52.22
Philippines,PHL,2021-11-02,53.04
Philippines,PHL,2021-11-03,53.88
Philippines,PHL,2021-11-04,54.86
Philippines,PHL,2021-11-07,56.37
Philippines,PHL,2021-11-08,57.03
Philippines,PHL,2021-11-09,57.75
Philippines,PHL,2021-11-10,58.67
Philippines,PHL,2021-11-11,59.46
Philippines,PHL,2021-11-14,61.22
Philippines,PHL,2021-11-15,62.06
Philippines,PHL,2021-11-16,62.94
Philippines,PHL,2021-11-17,63.89
Philippines,PHL,2021-11-18,64.91
Philippines,PHL,2021-11-21,66.39
Philippines,PHL,2021-11-28,71.39
Philippines,PHL,2021-11-30,75.89
Philippines,PHL,2021-12-01,78.21
Philippines,PHL,2021-12-02,79.26
Philippines,PHL,2021-12-05,80.59
Philippines,PHL,2021-12-06,81.45
Philippines,PHL,2021-12-08,82.75
Philippines,PHL,2021-12-13,85.39
Philippines,PHL,2021-12-14,86.08
Philippines,PHL,2021-12-15,87.06
Philippines,PHL,2021-12-16,87.82
Philippines,PHL,2021-12-19,88.61
Philippines,PHL,2021-12-20,89.27
Philippines,PHL,2021-12-26,92.56
Philippines,PHL,2021-12-27,93.34
Philippines,PHL,2021-12-28,94.2
Philippines,PHL,2021-12-30,95.31
Philippines,PHL,2022-01-04,96.67
Philippines,PHL,2022-01-05,97.36
Philippines,PHL,2022-01-06,98.27
Philippines,PHL,2022-01-09,99.55
Philippines,PHL,2022-01-10,100.32
Philippines,PHL,2022-01-11,101.25
Philippines,PHL,2022-01-12,102.11
Philippines,PHL,2022-01-13,103.04
Philippines,PHL,2022-01-16,104.45
Philippines,PHL,2022-01-17,105.15
Philippines,PHL,2022-01-18,105.94
Philippines,PHL,2022-01-19,106.69
Philippines,PHL,2022-01-20,107.41
Philippines,PHL,2022-01-23,108.33
Philippines,PHL,2022-01-25,109.33
Philippines,PHL,2022-01-26,109.84
Philippines,PHL,2022-01-31,111.48
Philippines,PHL,2022-02-01,111.66
Philippines,PHL,2022-02-02,112.06
Philippines,PHL,2022-02-04,112.82
Philippines,PHL,2022-02-07,113.39
Philippines,PHL,2022-02-14,115.92
Philippines,PHL,2022-02-17,116.99
Philippines,PHL,2022-02-21,117.96
Philippines,PHL,2022-03-13,120.61
Philippines,PHL,2022-03-24,124.01
Philippines,PHL,2022-04-04,125.6
Philippines,PHL,2022-04-05,125.83
Philippines,PHL,2022-04-07,126.23
Philippines,PHL,2022-04-11,126.51
Philippines,PHL,2022-04-18,127.13
Philippines,PHL,2022-04-19,127.33
Philippines,PHL,2022-04-26,128.4
Philippines,PHL,2022-04-28,128.73
Philippines,PHL,2022-05-02,128.97
Philippines,PHL,2022-05-11,129.96
Philippines,PHL,2022-05-18,130.61
Philippines,PHL,2022-05-20,130.78
Philippines,PHL,2022-05-23,131.3
Philippines,PHL,2022-06-05,132.59
Philippines,PHL,2022-06-12,133.4
Philippines,PHL,2022-06-16,134.23
Philippines,PHL,2022-06-23,135.1
Philippines,PHL,2022-07-07,136.74
Philippines,PHL,2022-07-14,137.47
Pitcairn,PCN,2021-06-15,100
Pitcairn,PCN,2021-06-21,100
Pitcairn,PCN,2021-07-27,163.83
Pitcairn,PCN,2021-08-02,176.6
Pitcairn,PCN,2021-09-07,200
Poland,POL,2020-12-28,0.01
Poland,POL,2020-12-29,0.02
Poland,POL,2020-12-30,0.09
Poland,POL,2020-12-31,0.12
Poland,POL,2021-01-02,0.13
Poland,POL,2021-01-03,0.13
Poland,POL,2021-01-04,0.24
Poland,POL,2021-01-05,0.37
Poland,POL,2021-01-06,0.42
Poland,POL,2021-01-07,0.49
Poland,POL,2021-01-08,0.52
Poland,POL,2021-01-09,0.52
Poland,POL,2021-01-10,0.53
Poland,POL,2021-01-11,0.67
Poland,POL,2021-01-12,0.81
Poland,POL,2021-01-13,0.96
Poland,POL,2021-01-14,1.07
Poland,POL,2021-01-15,1.14
Poland,POL,2021-01-16,1.19
Poland,POL,2021-01-17,1.23
Poland,POL,2021-01-18,1.29
Poland,POL,2021-01-19,1.41
Poland,POL,2021-01-20,1.54
Poland,POL,2021-01-21,1.68
Poland,POL,2021-01-22,1.79
Poland,POL,2021-01-23,1.83
Poland,POL,2021-01-24,1.85
Poland,POL,2021-01-25,2.03
Poland,POL,2021-01-26,2.36
Poland,POL,2021-01-27,2.63
Poland,POL,2021-01-28,2.86
Poland,POL,2021-01-29,2.98
Poland,POL,2021-01-30,3.02
Poland,POL,2021-01-31,3.07
Poland,POL,2021-02-01,3.22
Poland,POL,2021-02-02,3.5
Poland,POL,2021-02-03,3.82
Poland,POL,2021-02-04,4.09
Poland,POL,2021-02-05,4.22
Poland,POL,2021-02-06,4.28
Poland,POL,2021-02-07,4.32
Poland,POL,2021-02-09,4.63
Poland,POL,2021-02-11,5.2
Poland,POL,2021-02-12,5.41
Poland,POL,2021-02-13,5.5
Poland,POL,2021-02-14,5.54
Poland,POL,2021-02-15,5.64
Poland,POL,2021-02-16,5.82
Poland,POL,2021-02-17,6.23
Poland,POL,2021-02-18,6.67
Poland,POL,2021-02-19,6.95
Poland,POL,2021-02-20,7.04
Poland,POL,2021-02-21,7.09
Poland,POL,2021-02-22,7.2
Poland,POL,2021-02-24,7.81
Poland,POL,2021-02-26,8.54
Poland,POL,2021-02-28,8.71
Poland,POL,2021-03-01,8.83
Poland,POL,2021-03-03,9.45
Poland,POL,2021-03-04,9.9
Poland,POL,2021-03-06,10.31
Poland,POL,2021-03-08,10.45
Poland,POL,2021-03-09,10.67
Poland,POL,2021-03-11,11.46
Poland,POL,2021-03-12,11.71
Poland,POL,2021-03-13,11.79
Poland,POL,2021-03-14,11.83
Poland,POL,2021-03-15,11.9
Poland,POL,2021-03-16,12.02
Poland,POL,2021-03-17,12.37
Poland,POL,2021-03-18,12.77
Poland,POL,2021-03-19,13.01
Poland,POL,2021-03-20,13.09
Poland,POL,2021-03-21,13.12
Poland,POL,2021-03-22,13.26
Poland,POL,2021-03-23,13.56
Poland,POL,2021-03-24,14.05
Poland,POL,2021-03-26,15.02
Poland,POL,2021-03-28,15.36
Poland,POL,2021-03-30,15.88
Poland,POL,2021-03-31,16.37
Poland,POL,2021-04-01,16.87
Poland,POL,2021-04-02,17.27
Poland,POL,2021-04-04,17.38
Poland,POL,2021-04-05,17.4
Poland,POL,2021-04-07,18.27
Poland,POL,2021-04-08,18.96
Poland,POL,2021-04-10,19.93
Poland,POL,2021-04-11,20.07
Poland,POL,2021-04-12,20.32
Poland,POL,2021-04-13,20.81
Poland,POL,2021-04-15,22.15
Poland,POL,2021-04-19,23.51
Poland,POL,2021-04-20,24.04
Poland,POL,2021-04-21,24.79
Poland,POL,2021-04-22,25.6
Poland,POL,2021-04-23,26.29
Poland,POL,2021-04-25,27
Poland,POL,2021-04-27,28.04
Poland,POL,2021-04-28,28.93
Poland,POL,2021-04-29,29.94
Poland,POL,2021-05-01,31
Poland,POL,2021-05-03,31.31
Poland,POL,2021-05-05,32.93
Poland,POL,2021-05-06,34.03
Poland,POL,2021-05-07,35
Poland,POL,2021-05-08,35.69
Poland,POL,2021-05-09,35.93
Poland,POL,2021-05-10,36.44
Poland,POL,2021-05-11,37.26
Poland,POL,2021-05-13,39.53
Poland,POL,2021-05-14,40.49
Poland,POL,2021-05-15,41.18
Poland,POL,2021-05-16,41.45
Poland,POL,2021-05-17,41.88
Poland,POL,2021-05-18,42.74
Poland,POL,2021-05-20,45.04
Poland,POL,2021-05-21,46
Poland,POL,2021-05-22,46.64
Poland,POL,2021-05-23,46.83
Poland,POL,2021-05-24,47.21
Poland,POL,2021-05-25,48.01
Poland,POL,2021-05-26,49.04
Poland,POL,2021-05-27,50.06
Poland,POL,2021-05-28,50.97
Poland,POL,2021-05-29,51.71
Poland,POL,2021-05-30,51.97
Poland,POL,2021-05-31,52.43
Poland,POL,2021-06-01,53.61
Poland,POL,2021-06-02,55.27
Poland,POL,2021-06-03,55.67
Poland,POL,2021-06-04,56.79
Poland,POL,2021-06-05,57.5
Poland,POL,2021-06-06,57.78
Poland,POL,2021-06-07,58.32
Poland,POL,2021-06-08,59.35
Poland,POL,2021-06-09,60.67
Poland,POL,2021-06-10,61.68
Poland,POL,2021-06-11,62.77
Poland,POL,2021-06-12,63.59
Poland,POL,2021-06-13,63.88
Poland,POL,2021-06-14,64.45
Poland,POL,2021-06-16,66.52
Poland,POL,2021-06-17,67.57
Poland,POL,2021-06-18,68.41
Poland,POL,2021-06-19,68.97
Poland,POL,2021-06-20,69.16
Poland,POL,2021-06-21,69.61
Poland,POL,2021-06-22,70.69
Poland,POL,2021-06-23,71.7
Poland,POL,2021-06-24,72.11
Poland,POL,2021-06-26,74.02
Poland,POL,2021-06-27,74.26
Poland,POL,2021-06-28,74.66
Poland,POL,2021-06-29,75.41
Poland,POL,2021-06-30,76.34
Poland,POL,2021-07-01,77.12
Poland,POL,2021-07-02,77.77
Poland,POL,2021-07-03,78.22
Poland,POL,2021-07-04,78.38
Poland,POL,2021-07-05,78.7
Poland,POL,2021-07-06,79.35
Poland,POL,2021-07-07,80.24
Poland,POL,2021-07-08,80.94
Poland,POL,2021-07-09,81.6
Poland,POL,2021-07-11,82.32
Poland,POL,2021-07-12,82.63
Poland,POL,2021-07-13,83.18
Poland,POL,2021-07-14,83.95
Poland,POL,2021-07-15,84.61
Poland,POL,2021-07-17,85.59
Poland,POL,2021-07-19,85.94
Poland,POL,2021-07-20,86.36
Poland,POL,2021-07-21,86.88
Poland,POL,2021-07-22,87.4
Poland,POL,2021-07-23,87.82
Poland,POL,2021-07-25,88.15
Poland,POL,2021-07-26,88.35
Poland,POL,2021-07-27,88.61
Poland,POL,2021-07-28,89.01
Poland,POL,2021-07-29,89.33
Poland,POL,2021-07-30,89.63
Poland,POL,2021-07-31,89.88
Poland,POL,2021-08-01,89.97
Poland,POL,2021-08-02,90.12
Poland,POL,2021-08-03,90.32
Poland,POL,2021-08-04,90.59
Poland,POL,2021-08-05,90.86
Poland,POL,2021-08-07,91.33
Poland,POL,2021-08-09,91.5
Poland,POL,2021-08-10,91.66
Poland,POL,2021-08-11,91.86
Poland,POL,2021-08-12,92.1
Poland,POL,2021-08-14,92.43
Poland,POL,2021-08-15,92.49
Poland,POL,2021-08-16,92.6
Poland,POL,2021-08-17,92.75
Poland,POL,2021-08-18,92.99
Poland,POL,2021-08-19,93.17
Poland,POL,2021-08-20,93.36
Poland,POL,2021-08-21,93.47
Poland,POL,2021-08-22,93.52
Poland,POL,2021-08-24,93.76
Poland,POL,2021-08-26,94.12
Poland,POL,2021-08-27,94.31
Poland,POL,2021-08-28,94.42
Poland,POL,2021-08-29,94.48
Poland,POL,2021-08-30,94.58
Poland,POL,2021-08-31,94.72
Poland,POL,2021-09-01,94.85
Poland,POL,2021-09-02,95
Poland,POL,2021-09-03,95.16
Poland,POL,2021-09-04,95.24
Poland,POL,2021-09-05,95.28
Poland,POL,2021-09-06,95.35
Poland,POL,2021-09-07,95.44
Poland,POL,2021-09-08,95.55
Poland,POL,2021-09-10,95.83
Poland,POL,2021-09-11,95.9
Poland,POL,2021-09-12,95.93
Poland,POL,2021-09-14,96.07
Poland,POL,2021-09-15,96.17
Poland,POL,2021-09-16,96.27
Poland,POL,2021-09-17,96.38
Poland,POL,2021-09-19,96.47
Poland,POL,2021-09-20,96.53
Poland,POL,2021-09-21,96.6
Poland,POL,2021-09-22,96.78
Poland,POL,2021-09-23,96.86
Poland,POL,2021-09-24,96.96
Poland,POL,2021-09-25,96.97
Poland,POL,2021-09-27,97
Poland,POL,2021-09-28,97.07
Poland,POL,2021-09-29,97.14
Poland,POL,2021-10-01,97.42
Poland,POL,2021-10-02,97.45
Poland,POL,2021-10-03,97.57
Poland,POL,2021-10-04,98.33
Poland,POL,2021-10-12,99.31
Poland,POL,2021-10-13,99.33
Poland,POL,2021-10-15,99.85
Poland,POL,2021-10-16,99.93
Poland,POL,2021-10-17,99.94
Poland,POL,2021-10-19,100.17
Poland,POL,2021-10-20,100.34
Poland,POL,2021-10-21,100.53
Poland,POL,2021-10-23,100.82
Poland,POL,2021-10-24,100.84
Poland,POL,2021-10-25,100.95
Poland,POL,2021-10-26,101.29
Poland,POL,2021-10-28,101.68
Poland,POL,2021-10-29,101.89
Poland,POL,2021-10-31,101.98
Poland,POL,2021-11-01,101.98
Poland,POL,2021-11-02,102.12
Poland,POL,2021-11-03,102.35
Poland,POL,2021-11-04,102.59
Poland,POL,2021-11-05,102.87
Poland,POL,2021-11-06,103.01
Poland,POL,2021-11-07,103.03
Poland,POL,2021-11-08,103.19
Poland,POL,2021-11-09,103.43
Poland,POL,2021-11-11,103.79
Poland,POL,2021-11-12,104.04
Poland,POL,2021-11-14,104.17
Poland,POL,2021-11-15,104.34
Poland,POL,2021-11-16,104.62
Poland,POL,2021-11-17,104.95
Poland,POL,2021-11-18,105.29
Poland,POL,2021-11-19,105.69
Poland,POL,2021-11-20,105.91
Poland,POL,2021-11-21,105.95
Poland,POL,2021-11-22,106.21
Poland,POL,2021-11-23,106.58
Poland,POL,2021-11-25,107.51
Poland,POL,2021-11-27,108.43
Poland,POL,2021-11-28,108.51
Poland,POL,2021-11-29,108.79
Poland,POL,2021-12-01,109.72
Poland,POL,2021-12-02,110.23
Poland,POL,2021-12-03,110.91
Poland,POL,2021-12-04,111.39
Poland,POL,2021-12-05,111.5
Poland,POL,2021-12-06,112.39
Poland,POL,2021-12-08,113.62
Poland,POL,2021-12-10,114.9
Poland,POL,2021-12-11,115.38
Poland,POL,2021-12-12,115.48
Poland,POL,2021-12-13,115.91
Poland,POL,2021-12-14,116.47
Poland,POL,2021-12-15,117.07
Poland,POL,2021-12-16,117.68
Poland,POL,2021-12-17,118.34
Poland,POL,2021-12-18,118.8
Poland,POL,2021-12-19,118.91
Poland,POL,2021-12-20,119.36
Poland,POL,2021-12-21,119.76
Poland,POL,2021-12-22,120.22
Poland,POL,2021-12-23,120.46
Poland,POL,2021-12-24,120.49
Poland,POL,2021-12-25,120.49
Poland,POL,2021-12-26,120.49
Poland,POL,2021-12-28,121.51
Poland,POL,2021-12-30,122.59
Poland,POL,2021-12-31,122.66
Poland,POL,2022-01-01,122.66
Poland,POL,2022-01-02,122.71
Poland,POL,2022-01-03,123.13
Poland,POL,2022-01-04,123.86
Poland,POL,2022-01-05,124.62
Poland,POL,2022-01-06,124.71
Poland,POL,2022-01-07,125.31
Poland,POL,2022-01-08,125.77
Poland,POL,2022-01-09,125.86
Poland,POL,2022-01-10,126.33
Poland,POL,2022-01-11,126.98
Poland,POL,2022-01-12,127.63
Poland,POL,2022-01-13,128.21
Poland,POL,2022-01-14,128.86
Poland,POL,2022-01-16,129.37
Poland,POL,2022-01-17,129.78
Poland,POL,2022-01-18,130.27
Poland,POL,2022-01-20,131.3
Poland,POL,2022-01-21,131.83
Poland,POL,2022-01-22,132.17
Poland,POL,2022-01-23,132.28
Poland,POL,2022-01-24,132.6
Poland,POL,2022-01-25,133.01
Poland,POL,2022-01-26,133.45
Poland,POL,2022-01-27,133.8
Poland,POL,2022-01-28,134.24
Poland,POL,2022-01-30,134.61
Poland,POL,2022-01-31,134.85
Poland,POL,2022-02-01,135.14
Poland,POL,2022-02-02,135.45
Poland,POL,2022-02-03,135.73
Poland,POL,2022-02-04,136.05
Poland,POL,2022-02-05,136.26
Poland,POL,2022-02-06,136.29
Poland,POL,2022-02-07,136.47
Poland,POL,2022-02-08,136.69
Poland,POL,2022-02-09,136.92
Poland,POL,2022-02-10,137.13
Poland,POL,2022-02-11,137.38
Poland,POL,2022-02-12,137.52
Poland,POL,2022-02-13,137.55
Poland,POL,2022-02-14,137.66
Poland,POL,2022-02-15,137.79
Poland,POL,2022-02-16,137.99
Poland,POL,2022-02-18,138.36
Poland,POL,2022-02-19,138.46
Poland,POL,2022-02-20,138.48
Poland,POL,2022-02-21,138.58
Poland,POL,2022-02-22,138.7
Poland,POL,2022-02-23,138.83
Poland,POL,2022-02-24,138.95
Poland,POL,2022-02-25,139.11
Poland,POL,2022-02-26,139.19
Poland,POL,2022-02-27,139.2
Poland,POL,2022-03-01,139.35
Poland,POL,2022-03-02,139.44
Poland,POL,2022-03-03,139.51
Poland,POL,2022-03-04,139.62
Poland,POL,2022-03-05,139.67
Poland,POL,2022-03-07,139.73
Poland,POL,2022-03-08,139.78
Poland,POL,2022-03-10,139.91
Poland,POL,2022-03-11,140
Poland,POL,2022-03-13,140.05
Poland,POL,2022-03-15,140.15
Poland,POL,2022-03-16,140.21
Poland,POL,2022-03-17,140.26
Poland,POL,2022-03-19,140.38
Poland,POL,2022-03-20,140.39
Poland,POL,2022-03-21,140.43
Poland,POL,2022-03-22,140.47
Poland,POL,2022-03-23,140.51
Poland,POL,2022-03-24,140.56
Poland,POL,2022-03-25,140.62
Poland,POL,2022-03-26,140.65
Poland,POL,2022-03-27,140.66
Poland,POL,2022-03-29,140.72
Poland,POL,2022-03-30,140.77
Poland,POL,2022-03-31,140.81
Poland,POL,2022-04-03,140.9
Poland,POL,2022-04-04,140.93
Poland,POL,2022-04-05,140.96
Poland,POL,2022-04-06,140.99
Poland,POL,2022-04-07,141.01
Poland,POL,2022-04-08,141.06
Poland,POL,2022-04-10,141.08
Poland,POL,2022-04-11,141.11
Poland,POL,2022-04-13,141.17
Poland,POL,2022-04-14,141.2
Poland,POL,2022-04-17,141.24
Poland,POL,2022-04-18,141.25
Poland,POL,2022-04-19,141.28
Poland,POL,2022-04-20,141.31
Poland,POL,2022-04-22,141.4
Poland,POL,2022-04-23,141.41
Poland,POL,2022-04-25,141.46
Poland,POL,2022-04-26,141.49
Poland,POL,2022-04-28,141.55
Poland,POL,2022-04-29,141.61
Poland,POL,2022-04-30,141.66
Poland,POL,2022-05-01,141.67
Poland,POL,2022-05-02,141.68
Poland,POL,2022-05-03,141.68
Poland,POL,2022-05-04,141.72
Poland,POL,2022-05-05,141.76
Poland,POL,2022-05-06,141.81
Poland,POL,2022-05-07,141.82
Poland,POL,2022-05-08,141.82
Poland,POL,2022-05-09,141.84
Poland,POL,2022-05-10,141.86
Poland,POL,2022-05-11,141.89
Poland,POL,2022-05-12,141.92
Poland,POL,2022-05-13,141.94
Poland,POL,2022-05-14,141.94
Poland,POL,2022-05-15,141.95
Poland,POL,2022-05-16,141.97
Poland,POL,2022-05-17,142.02
Poland,POL,2022-05-18,142.04
Poland,POL,2022-05-19,142.07
Poland,POL,2022-05-20,142.1
Poland,POL,2022-05-21,142.11
Poland,POL,2022-05-22,142.11
Poland,POL,2022-05-23,142.12
Poland,POL,2022-05-24,142.15
Poland,POL,2022-05-25,142.19
Poland,POL,2022-05-26,142.21
Poland,POL,2022-05-27,142.24
Poland,POL,2022-05-29,142.25
Poland,POL,2022-05-30,142.27
Poland,POL,2022-05-31,142.29
Poland,POL,2022-06-01,142.3
Poland,POL,2022-06-02,142.32
Poland,POL,2022-06-03,142.34
Poland,POL,2022-06-04,142.34
Poland,POL,2022-06-05,142.34
Poland,POL,2022-06-06,142.35
Poland,POL,2022-06-07,142.36
Poland,POL,2022-06-08,142.38
Poland,POL,2022-06-09,142.39
Poland,POL,2022-06-10,142.4
Poland,POL,2022-06-11,142.4
Poland,POL,2022-06-12,142.4
Poland,POL,2022-06-13,142.41
Poland,POL,2022-06-14,142.42
Poland,POL,2022-06-16,142.43
Poland,POL,2022-06-17,142.44
Poland,POL,2022-06-18,142.44
Poland,POL,2022-06-19,142.44
Poland,POL,2022-06-20,142.45
Poland,POL,2022-06-21,142.46
Poland,POL,2022-06-22,142.47
Poland,POL,2022-06-23,142.48
Poland,POL,2022-06-24,142.5
Poland,POL,2022-06-25,142.5
Poland,POL,2022-06-26,142.5
Poland,POL,2022-06-27,142.51
Poland,POL,2022-06-28,142.52
Poland,POL,2022-06-29,142.52
Poland,POL,2022-06-30,142.53
Poland,POL,2022-07-01,142.54
Poland,POL,2022-07-02,142.54
Poland,POL,2022-07-03,142.54
Poland,POL,2022-07-04,142.55
Poland,POL,2022-07-05,142.56
Poland,POL,2022-07-06,142.57
Poland,POL,2022-07-08,142.59
Poland,POL,2022-07-09,142.6
Poland,POL,2022-07-10,142.6
Poland,POL,2022-07-11,142.61
Poland,POL,2022-07-12,142.62
Poland,POL,2022-07-13,142.63
Poland,POL,2022-07-14,142.64
Poland,POL,2022-07-15,142.65
Poland,POL,2022-07-16,142.66
Poland,POL,2022-07-17,142.66
Poland,POL,2022-07-18,142.67
Poland,POL,2022-07-19,142.67
Poland,POL,2022-07-20,142.68
Poland,POL,2022-07-21,142.72
Poland,POL,2022-07-22,142.77
Poland,POL,2022-07-23,142.79
Poland,POL,2022-07-24,142.79
Poland,POL,2022-07-25,142.87
Poland,POL,2022-07-26,142.97
Poland,POL,2022-07-27,143.1
Poland,POL,2022-07-28,143.28
Poland,POL,2022-07-29,143.47
Poland,POL,2022-07-30,143.51
Poland,POL,2022-07-31,143.52
Poland,POL,2022-08-01,143.75
Poland,POL,2022-08-02,143.89
Portugal,PRT,2021-01-01,0.05
Portugal,PRT,2021-01-08,0.83
Portugal,PRT,2021-01-15,1.34
Portugal,PRT,2021-01-22,2.85
Portugal,PRT,2021-01-29,3.72
Portugal,PRT,2021-02-05,4.33
Portugal,PRT,2021-02-12,5.7
Portugal,PRT,2021-02-19,7.21
Portugal,PRT,2021-02-26,9.15
Portugal,PRT,2021-03-05,10.85
Portugal,PRT,2021-03-12,12.32
Portugal,PRT,2021-03-19,14.23
Portugal,PRT,2021-03-26,16.98
Portugal,PRT,2021-04-02,19.18
Portugal,PRT,2021-04-09,22.24
Portugal,PRT,2021-04-16,26.95
Portugal,PRT,2021-04-23,30.4
Portugal,PRT,2021-04-30,34.69
Portugal,PRT,2021-05-07,40.5
Portugal,PRT,2021-05-14,46.35
Portugal,PRT,2021-05-21,51.53
Portugal,PRT,2021-05-28,57.06
Portugal,PRT,2021-06-04,62.67
Portugal,PRT,2021-06-11,68.7
Portugal,PRT,2021-06-18,75.9
Portugal,PRT,2021-06-25,83
Portugal,PRT,2021-07-02,91.07
Portugal,PRT,2021-07-09,101.4
Portugal,PRT,2021-07-16,108.93
Portugal,PRT,2021-07-23,115.5
Portugal,PRT,2021-07-30,121.44
Portugal,PRT,2021-08-06,127.71
Portugal,PRT,2021-08-13,134.26
Portugal,PRT,2021-08-20,140.16
Portugal,PRT,2021-08-27,144.43
Portugal,PRT,2021-09-03,148.66
Portugal,PRT,2021-09-10,152.38
Portugal,PRT,2021-09-17,155.39
Portugal,PRT,2021-09-24,156.77
Portugal,PRT,2021-10-01,157.6
Portugal,PRT,2021-10-08,158.2
Portugal,PRT,2021-10-15,159.04
Portugal,PRT,2021-10-22,160.6
Portugal,PRT,2021-10-29,162.06
Portugal,PRT,2021-11-05,163.36
Portugal,PRT,2021-11-12,165.36
Portugal,PRT,2021-11-19,168.14
Portugal,PRT,2021-11-26,172.68
Portugal,PRT,2021-12-03,177.54
Portugal,PRT,2021-12-10,182.53
Portugal,PRT,2021-12-17,186.58
Portugal,PRT,2021-12-24,189.33
Portugal,PRT,2021-12-31,193.48
Portugal,PRT,2022-01-07,199.67
Portugal,PRT,2022-01-14,205.43
Portugal,PRT,2022-01-21,211.32
Portugal,PRT,2022-01-28,216.7
Portugal,PRT,2022-02-04,221.72
Portugal,PRT,2022-02-11,225.42
Portugal,PRT,2022-02-18,227.24
Portugal,PRT,2022-02-25,228.89
Portugal,PRT,2022-03-04,229.33
Portugal,PRT,2022-03-11,229.77
Portugal,PRT,2022-03-18,230.14
Portugal,PRT,2022-03-25,230.52
Portugal,PRT,2022-04-01,230.86
Portugal,PRT,2022-04-08,231.14
Portugal,PRT,2022-04-15,231.3
Portugal,PRT,2022-04-22,231.62
Portugal,PRT,2022-04-29,231.9
Portugal,PRT,2022-05-06,232.19
Portugal,PRT,2022-05-13,232.49
Portugal,PRT,2022-05-20,233.28
Portugal,PRT,2022-05-27,234.52
Portugal,PRT,2022-06-03,236.1
Portugal,PRT,2022-06-10,237.45
Portugal,PRT,2022-06-17,238.51
Portugal,PRT,2022-06-24,239.35
Portugal,PRT,2022-07-01,239.97
Portugal,PRT,2022-07-08,240.37
Portugal,PRT,2022-07-15,240.67
Portugal,PRT,2022-07-22,240.94
Qatar,QAT,2020-12-22,0
Qatar,QAT,2021-01-28,1.86
Qatar,QAT,2021-02-18,5.21
Qatar,QAT,2021-03-07,12.16
Qatar,QAT,2021-03-10,14.14
Qatar,QAT,2021-03-16,18.97
Qatar,QAT,2021-03-21,22.12
Qatar,QAT,2021-03-22,22.9
Qatar,QAT,2021-03-23,23.71
Qatar,QAT,2021-03-24,24.49
Qatar,QAT,2021-03-25,25.27
Qatar,QAT,2021-03-26,26.11
Qatar,QAT,2021-03-27,26.83
Qatar,QAT,2021-03-28,27.54
Qatar,QAT,2021-03-29,28.46
Qatar,QAT,2021-03-30,29.41
Qatar,QAT,2021-03-31,30.37
Qatar,QAT,2021-04-01,31.32
Qatar,QAT,2021-04-02,32.26
Qatar,QAT,2021-04-03,33.08
Qatar,QAT,2021-04-04,33.88
Qatar,QAT,2021-04-05,34.78
Qatar,QAT,2021-04-06,35.77
Qatar,QAT,2021-04-07,36.74
Qatar,QAT,2021-04-08,37.67
Qatar,QAT,2021-04-09,38.75
Qatar,QAT,2021-04-10,39.51
Qatar,QAT,2021-04-11,40.17
Qatar,QAT,2021-04-12,41.09
Qatar,QAT,2021-04-13,42.1
Qatar,QAT,2021-04-14,43.13
Qatar,QAT,2021-04-15,44.01
Qatar,QAT,2021-04-16,45
Qatar,QAT,2021-04-17,45.57
Qatar,QAT,2021-04-18,46.43
Qatar,QAT,2021-04-19,47.3
Qatar,QAT,2021-04-20,48.23
Qatar,QAT,2021-04-21,49.14
Qatar,QAT,2021-04-22,50.05
Qatar,QAT,2021-04-23,51.05
Qatar,QAT,2021-04-24,51.88
Qatar,QAT,2021-04-25,52.67
Qatar,QAT,2021-04-26,53.67
Qatar,QAT,2021-04-27,54.67
Qatar,QAT,2021-04-28,55.68
Qatar,QAT,2021-04-29,56.79
Qatar,QAT,2021-04-30,57.89
Qatar,QAT,2021-05-01,58.74
Qatar,QAT,2021-05-02,59.66
Qatar,QAT,2021-05-03,60.84
Qatar,QAT,2021-05-04,62.16
Qatar,QAT,2021-05-05,63.31
Qatar,QAT,2021-05-06,64.45
Qatar,QAT,2021-05-07,65.57
Qatar,QAT,2021-05-08,66.48
Qatar,QAT,2021-05-09,67.45
Qatar,QAT,2021-05-10,68.62
Qatar,QAT,2021-05-11,69.79
Qatar,QAT,2021-05-12,71.11
Qatar,QAT,2021-05-13,72.34
Qatar,QAT,2021-05-14,73.53
Qatar,QAT,2021-05-15,74.47
Qatar,QAT,2021-05-16,75.72
Qatar,QAT,2021-05-17,77.13
Qatar,QAT,2021-05-18,78.49
Qatar,QAT,2021-05-19,80.01
Qatar,QAT,2021-05-20,81.5
Qatar,QAT,2021-05-21,83.09
Qatar,QAT,2021-05-23,85.31
Qatar,QAT,2021-05-24,86.65
Qatar,QAT,2021-05-25,88
Qatar,QAT,2021-05-26,89.4
Qatar,QAT,2021-05-27,90.8
Qatar,QAT,2021-05-28,92.1
Qatar,QAT,2021-05-29,92.69
Qatar,QAT,2021-05-30,93.54
Qatar,QAT,2021-05-31,94.68
Qatar,QAT,2021-06-01,95.78
Qatar,QAT,2021-06-02,96.73
Qatar,QAT,2021-06-03,97.55
Qatar,QAT,2021-06-04,98.34
Qatar,QAT,2021-06-05,98.83
Qatar,QAT,2021-06-06,99.55
Qatar,QAT,2021-06-07,100.47
Qatar,QAT,2021-06-08,101.06
Qatar,QAT,2021-06-09,101.53
Qatar,QAT,2021-06-10,102.24
Qatar,QAT,2021-06-11,102.97
Qatar,QAT,2021-06-12,103.45
Qatar,QAT,2021-06-13,103.97
Qatar,QAT,2021-06-14,104.64
Qatar,QAT,2021-06-15,105.42
Qatar,QAT,2021-06-16,105.85
Qatar,QAT,2021-06-17,106.25
Qatar,QAT,2021-06-18,106.69
Qatar,QAT,2021-06-19,107
Qatar,QAT,2021-06-20,107.37
Qatar,QAT,2021-06-21,107.83
Qatar,QAT,2021-06-22,108.21
Qatar,QAT,2021-06-23,108.85
Qatar,QAT,2021-06-24,109.96
Qatar,QAT,2021-06-25,111.2
Qatar,QAT,2021-06-26,111.93
Qatar,QAT,2021-06-27,113.15
Qatar,QAT,2021-06-28,114.4
Qatar,QAT,2021-06-29,115.65
Qatar,QAT,2021-06-30,116.99
Qatar,QAT,2021-07-01,118.21
Qatar,QAT,2021-07-02,119.46
Qatar,QAT,2021-07-03,120.02
Qatar,QAT,2021-07-04,120.87
Qatar,QAT,2021-07-05,121.88
Qatar,QAT,2021-07-06,122.91
Qatar,QAT,2021-07-07,123.99
Qatar,QAT,2021-07-08,125.33
Qatar,QAT,2021-07-09,125.87
Qatar,QAT,2021-07-10,126.12
Qatar,QAT,2021-07-11,126.36
Qatar,QAT,2021-07-12,126.79
Qatar,QAT,2021-07-13,127.55
Qatar,QAT,2021-07-14,128.42
Qatar,QAT,2021-07-15,129.26
Qatar,QAT,2021-07-16,130.11
Qatar,QAT,2021-07-17,130.31
Qatar,QAT,2021-07-18,131.05
Qatar,QAT,2021-07-19,132.4
Qatar,QAT,2021-07-20,133.21
Qatar,QAT,2021-07-21,133.46
Qatar,QAT,2021-07-22,134.47
Qatar,QAT,2021-07-23,135.27
Qatar,QAT,2021-07-24,135.48
Qatar,QAT,2021-07-26,137.1
Qatar,QAT,2021-07-27,137.95
Qatar,QAT,2021-07-28,138.78
Qatar,QAT,2021-07-29,139.58
Qatar,QAT,2021-07-30,140.45
Qatar,QAT,2021-07-31,140.63
Qatar,QAT,2021-08-01,141.52
Qatar,QAT,2021-08-02,142.54
Qatar,QAT,2021-08-03,143.56
Qatar,QAT,2021-08-04,144.07
Qatar,QAT,2021-08-05,145.7
Qatar,QAT,2021-08-06,146.51
Qatar,QAT,2021-08-07,146.65
Qatar,QAT,2021-08-08,146.99
Qatar,QAT,2021-08-09,148.46
Qatar,QAT,2021-08-10,149.26
Qatar,QAT,2021-08-11,150.23
Qatar,QAT,2021-08-13,151.29
Qatar,QAT,2021-08-14,151.65
Qatar,QAT,2021-08-15,152.2
Qatar,QAT,2021-08-16,153.82
Qatar,QAT,2021-08-17,154.85
Qatar,QAT,2021-08-18,155.47
Qatar,QAT,2021-08-19,156.33
Qatar,QAT,2021-08-20,157.28
Qatar,QAT,2021-08-21,157.43
Qatar,QAT,2021-08-22,158.19
Qatar,QAT,2021-08-23,158.78
Qatar,QAT,2021-08-24,159.51
Qatar,QAT,2021-08-25,160.51
Qatar,QAT,2021-08-26,161.21
Qatar,QAT,2021-08-27,162.33
Qatar,QAT,2021-08-28,162.54
Qatar,QAT,2021-08-29,164.17
Qatar,QAT,2021-08-31,165.7
Qatar,QAT,2021-09-01,166.65
Qatar,QAT,2021-09-02,167.45
Qatar,QAT,2021-09-04,167.57
Qatar,QAT,2021-09-06,168.73
Qatar,QAT,2021-09-08,169.28
Qatar,QAT,2021-09-09,169.68
Qatar,QAT,2021-09-11,170.32
Qatar,QAT,2021-09-12,170.65
Qatar,QAT,2021-09-13,171.34
Qatar,QAT,2021-09-14,171.7
Qatar,QAT,2021-09-15,172.02
Qatar,QAT,2021-09-16,172.38
Qatar,QAT,2021-09-17,172.88
Qatar,QAT,2021-09-18,173.09
Qatar,QAT,2021-09-21,173.94
Qatar,QAT,2021-09-23,174.34
Qatar,QAT,2021-09-25,174.47
Qatar,QAT,2021-09-26,174.72
Qatar,QAT,2021-09-28,174.93
Qatar,QAT,2021-09-29,175.17
Qatar,QAT,2021-09-30,175.32
Qatar,QAT,2021-10-01,175.59
Qatar,QAT,2021-10-02,175.66
Qatar,QAT,2021-10-03,175.77
Qatar,QAT,2021-10-04,176.13
Qatar,QAT,2021-10-05,176.32
Qatar,QAT,2021-10-06,176.47
Qatar,QAT,2021-10-07,176.65
Qatar,QAT,2021-10-08,176.88
Qatar,QAT,2021-10-09,177.1
Qatar,QAT,2021-10-10,177.34
Qatar,QAT,2021-10-12,177.52
Qatar,QAT,2021-10-13,177.68
Qatar,QAT,2021-10-14,177.84
Qatar,QAT,2021-10-15,178.03
Qatar,QAT,2021-10-16,178.09
Qatar,QAT,2021-10-17,178.2
Qatar,QAT,2021-10-18,178.32
Qatar,QAT,2021-10-19,178.54
Qatar,QAT,2021-10-21,178.64
Qatar,QAT,2021-10-22,178.78
Qatar,QAT,2021-10-23,178.83
Qatar,QAT,2021-10-24,178.99
Qatar,QAT,2021-10-25,179.13
Qatar,QAT,2021-10-26,179.26
Qatar,QAT,2021-10-27,179.36
Qatar,QAT,2021-10-28,179.54
Qatar,QAT,2021-10-29,179.7
Qatar,QAT,2021-10-30,179.75
Qatar,QAT,2021-10-31,179.85
Qatar,QAT,2021-11-01,179.99
Qatar,QAT,2021-11-02,180.13
Qatar,QAT,2021-11-03,180.25
Qatar,QAT,2021-11-04,180.38
Qatar,QAT,2021-11-05,180.53
Qatar,QAT,2021-11-06,180.58
Qatar,QAT,2021-11-07,180.66
Qatar,QAT,2021-11-08,180.79
Qatar,QAT,2021-11-09,180.92
Qatar,QAT,2021-11-10,181.04
Qatar,QAT,2021-11-11,181.19
Qatar,QAT,2021-11-12,181.41
Qatar,QAT,2021-11-14,181.47
Qatar,QAT,2021-11-15,181.68
Qatar,QAT,2021-11-16,181.89
Qatar,QAT,2021-11-17,182.09
Qatar,QAT,2021-11-18,182.32
Qatar,QAT,2021-11-20,182.7
Qatar,QAT,2021-11-21,183.1
Qatar,QAT,2021-11-23,183.65
Qatar,QAT,2021-11-25,184.29
Qatar,QAT,2021-11-27,184.43
Qatar,QAT,2021-11-28,184.58
Qatar,QAT,2021-11-29,184.93
Qatar,QAT,2021-11-30,185.24
Qatar,QAT,2021-12-01,185.6
Qatar,QAT,2021-12-02,185.87
Qatar,QAT,2021-12-03,186.17
Qatar,QAT,2021-12-04,186.42
Qatar,QAT,2021-12-06,186.7
Qatar,QAT,2021-12-07,187.05
Qatar,QAT,2021-12-08,187.32
Qatar,QAT,2021-12-09,187.61
Qatar,QAT,2021-12-10,187.93
Qatar,QAT,2021-12-11,188.19
Qatar,QAT,2021-12-13,188.87
Qatar,QAT,2021-12-14,189.3
Qatar,QAT,2021-12-15,189.64
Qatar,QAT,2021-12-17,189.93
Qatar,QAT,2021-12-18,190.04
Qatar,QAT,2021-12-19,190.24
Qatar,QAT,2021-12-20,190.68
Qatar,QAT,2021-12-22,190.94
Qatar,QAT,2021-12-23,191.26
Qatar,QAT,2021-12-24,191.69
Qatar,QAT,2021-12-26,191.79
Qatar,QAT,2021-12-27,192.08
Qatar,QAT,2021-12-28,192.77
Qatar,QAT,2021-12-30,193.19
Qatar,QAT,2021-12-31,193.65
Qatar,QAT,2022-01-01,193.79
Qatar,QAT,2022-01-02,193.95
Qatar,QAT,2022-01-03,194.33
Qatar,QAT,2022-01-04,194.75
Qatar,QAT,2022-01-05,195.14
Qatar,QAT,2022-01-06,195.99
Qatar,QAT,2022-01-08,196.38
Qatar,QAT,2022-01-10,197.8
Qatar,QAT,2022-01-12,199.84
Qatar,QAT,2022-01-14,201
Qatar,QAT,2022-01-15,201.22
Qatar,QAT,2022-01-16,201.35
Qatar,QAT,2022-01-17,202.63
Qatar,QAT,2022-01-18,203.82
Qatar,QAT,2022-01-19,205.12
Qatar,QAT,2022-01-20,206.23
Qatar,QAT,2022-01-21,207.81
Qatar,QAT,2022-01-22,207.91
Qatar,QAT,2022-01-24,209.11
Qatar,QAT,2022-01-25,210.37
Qatar,QAT,2022-01-26,211.76
Qatar,QAT,2022-01-27,213.2
Qatar,QAT,2022-01-28,214.81
Qatar,QAT,2022-01-29,214.91
Qatar,QAT,2022-01-30,215.14
Qatar,QAT,2022-01-31,216.46
Qatar,QAT,2022-02-01,217.62
Qatar,QAT,2022-02-02,218.67
Qatar,QAT,2022-02-03,219.69
Qatar,QAT,2022-02-04,221.29
Qatar,QAT,2022-02-05,221.65
Qatar,QAT,2022-02-07,222.63
Qatar,QAT,2022-02-09,223.83
Qatar,QAT,2022-02-10,224.6
Qatar,QAT,2022-02-11,225.69
Qatar,QAT,2022-02-12,225.87
Qatar,QAT,2022-02-13,226.33
Qatar,QAT,2022-02-14,227.11
Qatar,QAT,2022-02-15,227.8
Qatar,QAT,2022-02-16,228.52
Qatar,QAT,2022-02-17,229.2
Qatar,QAT,2022-02-19,230.58
Qatar,QAT,2022-02-20,230.68
Qatar,QAT,2022-02-21,231.48
Qatar,QAT,2022-02-22,232.19
Qatar,QAT,2022-02-23,232.97
Qatar,QAT,2022-02-24,233.49
Qatar,QAT,2022-02-25,234.38
Qatar,QAT,2022-02-26,234.49
Qatar,QAT,2022-02-27,234.61
Qatar,QAT,2022-02-28,235.31
Qatar,QAT,2022-03-01,235.9
Qatar,QAT,2022-03-02,236.41
Qatar,QAT,2022-03-04,237.9
Qatar,QAT,2022-03-05,237.97
Qatar,QAT,2022-03-06,238.03
Qatar,QAT,2022-03-07,238.6
Qatar,QAT,2022-03-08,239.1
Qatar,QAT,2022-03-09,239.52
Qatar,QAT,2022-03-10,240.77
Qatar,QAT,2022-03-12,240.84
Qatar,QAT,2022-03-13,240.91
Qatar,QAT,2022-03-14,241.1
Qatar,QAT,2022-03-15,241.28
Qatar,QAT,2022-03-16,241.87
Qatar,QAT,2022-03-18,243.18
Qatar,QAT,2022-03-19,243.23
Qatar,QAT,2022-03-20,243.43
Qatar,QAT,2022-03-21,243.58
Qatar,QAT,2022-03-22,243.72
Qatar,QAT,2022-03-23,244.59
Qatar,QAT,2022-03-25,245.31
Qatar,QAT,2022-03-26,245.42
Qatar,QAT,2022-03-28,245.63
Qatar,QAT,2022-03-29,245.78
Qatar,QAT,2022-03-30,246.23
Qatar,QAT,2022-03-31,246.63
Qatar,QAT,2022-04-03,247.45
Qatar,QAT,2022-04-04,247.51
Qatar,QAT,2022-04-05,247.81
Qatar,QAT,2022-04-07,247.97
Qatar,QAT,2022-04-08,248.25
Qatar,QAT,2022-04-09,248.29
Qatar,QAT,2022-04-10,248.36
Qatar,QAT,2022-04-11,248.58
Qatar,QAT,2022-04-13,249.02
Qatar,QAT,2022-04-17,249.39
Qatar,QAT,2022-04-19,249.52
Qatar,QAT,2022-04-20,249.75
Qatar,QAT,2022-04-21,250.23
Qatar,QAT,2022-04-22,250.6
Qatar,QAT,2022-04-24,250.64
Qatar,QAT,2022-04-25,250.74
Qatar,QAT,2022-04-26,250.83
Qatar,QAT,2022-04-28,251.21
Qatar,QAT,2022-04-29,251.48
Qatar,QAT,2022-04-30,251.51
Qatar,QAT,2022-05-01,251.54
Qatar,QAT,2022-05-02,251.58
Qatar,QAT,2022-05-03,251.6
Qatar,QAT,2022-05-04,251.68
Qatar,QAT,2022-05-06,251.92
Qatar,QAT,2022-05-07,251.95
Qatar,QAT,2022-05-08,251.99
Qatar,QAT,2022-05-09,252.07
Qatar,QAT,2022-05-10,252.15
Qatar,QAT,2022-05-11,252.43
Qatar,QAT,2022-05-12,252.7
Qatar,QAT,2022-05-13,253.17
Qatar,QAT,2022-05-14,253.22
Qatar,QAT,2022-05-15,253.39
Qatar,QAT,2022-05-16,253.5
Qatar,QAT,2022-05-18,254.15
Qatar,QAT,2022-05-19,254.38
Qatar,QAT,2022-05-20,254.83
Qatar,QAT,2022-05-21,254.85
Qatar,QAT,2022-05-22,254.92
Qatar,QAT,2022-05-23,255.03
Qatar,QAT,2022-05-24,255.13
Qatar,QAT,2022-05-25,255.36
Qatar,QAT,2022-05-26,255.55
Qatar,QAT,2022-05-27,255.9
Qatar,QAT,2022-05-28,255.94
Qatar,QAT,2022-05-29,255.97
Qatar,QAT,2022-05-30,256.07
Qatar,QAT,2022-05-31,256.15
Qatar,QAT,2022-06-01,256.34
Qatar,QAT,2022-06-02,256.51
Qatar,QAT,2022-06-03,256.8
Qatar,QAT,2022-06-05,256.83
Qatar,QAT,2022-06-06,256.93
Qatar,QAT,2022-06-07,257.02
Qatar,QAT,2022-06-08,257.2
Qatar,QAT,2022-06-14,257.93
Qatar,QAT,2022-06-21,258.81
Qatar,QAT,2022-06-27,259.46
Qatar,QAT,2022-06-30,259.72
Qatar,QAT,2022-07-10,270.42
Qatar,QAT,2022-07-17,270.82
Qatar,QAT,2022-07-19,271.65
Romania,ROU,2020-12-27,0
Romania,ROU,2020-12-28,0.01
Romania,ROU,2020-12-29,0.01
Romania,ROU,2020-12-30,0.03
Romania,ROU,2020-12-31,0.05
Romania,ROU,2021-01-01,0.06
Romania,ROU,2021-01-02,0.07
Romania,ROU,2021-01-03,0.07
Romania,ROU,2021-01-04,0.13
Romania,ROU,2021-01-05,0.22
Romania,ROU,2021-01-06,0.3
Romania,ROU,2021-01-07,0.4
Romania,ROU,2021-01-08,0.48
Romania,ROU,2021-01-09,0.53
Romania,ROU,2021-01-10,0.56
Romania,ROU,2021-01-11,0.65
Romania,ROU,2021-01-12,0.73
Romania,ROU,2021-01-13,0.8
Romania,ROU,2021-01-14,0.87
Romania,ROU,2021-01-15,0.95
Romania,ROU,2021-01-16,1.02
Romania,ROU,2021-01-17,1.06
Romania,ROU,2021-01-18,1.22
Romania,ROU,2021-01-19,1.4
Romania,ROU,2021-01-20,1.59
Romania,ROU,2021-01-21,1.8
Romania,ROU,2021-01-22,1.99
Romania,ROU,2021-01-23,2.17
Romania,ROU,2021-01-24,2.31
Romania,ROU,2021-01-25,2.51
Romania,ROU,2021-01-26,2.73
Romania,ROU,2021-01-27,2.95
Romania,ROU,2021-01-28,3.15
Romania,ROU,2021-01-29,3.35
Romania,ROU,2021-01-30,3.48
Romania,ROU,2021-01-31,3.58
Romania,ROU,2021-02-01,3.73
Romania,ROU,2021-02-02,3.87
Romania,ROU,2021-02-03,3.99
Romania,ROU,2021-02-04,4.11
Romania,ROU,2021-02-05,4.25
Romania,ROU,2021-02-06,4.35
Romania,ROU,2021-02-07,4.43
Romania,ROU,2021-02-08,4.61
Romania,ROU,2021-02-09,4.81
Romania,ROU,2021-02-10,5.02
Romania,ROU,2021-02-11,5.22
Romania,ROU,2021-02-12,5.42
Romania,ROU,2021-02-13,5.61
Romania,ROU,2021-02-14,5.76
Romania,ROU,2021-02-15,5.95
Romania,ROU,2021-02-16,6.15
Romania,ROU,2021-02-17,6.37
Romania,ROU,2021-02-18,6.58
Romania,ROU,2021-02-19,6.78
Romania,ROU,2021-02-20,6.95
Romania,ROU,2021-02-21,7.09
Romania,ROU,2021-02-22,7.25
Romania,ROU,2021-02-23,7.4
Romania,ROU,2021-02-24,7.54
Romania,ROU,2021-02-25,7.65
Romania,ROU,2021-02-26,7.75
Romania,ROU,2021-02-27,7.83
Romania,ROU,2021-02-28,7.89
Romania,ROU,2021-03-01,8.05
Romania,ROU,2021-03-02,8.25
Romania,ROU,2021-03-03,8.45
Romania,ROU,2021-03-04,8.68
Romania,ROU,2021-03-05,8.92
Romania,ROU,2021-03-06,9.17
Romania,ROU,2021-03-07,9.41
Romania,ROU,2021-03-08,9.63
Romania,ROU,2021-03-09,9.88
Romania,ROU,2021-03-10,10.15
Romania,ROU,2021-03-11,10.41
Romania,ROU,2021-03-12,10.66
Romania,ROU,2021-03-13,10.91
Romania,ROU,2021-03-14,11.13
Romania,ROU,2021-03-15,11.39
Romania,ROU,2021-03-16,11.7
Romania,ROU,2021-03-17,11.98
Romania,ROU,2021-03-18,12.25
Romania,ROU,2021-03-19,12.51
Romania,ROU,2021-03-20,12.77
Romania,ROU,2021-03-21,13
Romania,ROU,2021-03-22,13.25
Romania,ROU,2021-03-23,13.55
Romania,ROU,2021-03-24,13.85
Romania,ROU,2021-03-25,14.16
Romania,ROU,2021-03-26,14.44
Romania,ROU,2021-03-27,14.75
Romania,ROU,2021-03-28,15.03
Romania,ROU,2021-03-29,15.3
Romania,ROU,2021-03-30,15.63
Romania,ROU,2021-03-31,15.93
Romania,ROU,2021-04-01,16.23
Romania,ROU,2021-04-02,16.53
Romania,ROU,2021-04-03,16.82
Romania,ROU,2021-04-04,17.07
Romania,ROU,2021-04-05,17.33
Romania,ROU,2021-04-06,17.62
Romania,ROU,2021-04-07,17.91
Romania,ROU,2021-04-08,18.2
Romania,ROU,2021-04-09,18.48
Romania,ROU,2021-04-10,18.8
Romania,ROU,2021-04-11,19.1
Romania,ROU,2021-04-12,19.42
Romania,ROU,2021-04-13,19.82
Romania,ROU,2021-04-14,20.23
Romania,ROU,2021-04-15,20.65
Romania,ROU,2021-04-16,21.06
Romania,ROU,2021-04-17,21.48
Romania,ROU,2021-04-18,21.85
Romania,ROU,2021-04-19,22.24
Romania,ROU,2021-04-20,22.7
Romania,ROU,2021-04-21,23.17
Romania,ROU,2021-04-22,23.63
Romania,ROU,2021-04-23,24.09
Romania,ROU,2021-04-24,24.56
Romania,ROU,2021-04-25,24.96
Romania,ROU,2021-04-26,25.37
Romania,ROU,2021-04-27,25.81
Romania,ROU,2021-04-28,26.25
Romania,ROU,2021-04-29,26.66
Romania,ROU,2021-04-30,27.07
Romania,ROU,2021-05-01,27.38
Romania,ROU,2021-05-02,27.59
Romania,ROU,2021-05-03,27.94
Romania,ROU,2021-05-04,28.38
Romania,ROU,2021-05-05,28.87
Romania,ROU,2021-05-06,29.39
Romania,ROU,2021-05-07,29.87
Romania,ROU,2021-05-08,30.44
Romania,ROU,2021-05-09,30.98
Romania,ROU,2021-05-10,31.49
Romania,ROU,2021-05-11,32.04
Romania,ROU,2021-05-12,32.58
Romania,ROU,2021-05-13,33.12
Romania,ROU,2021-05-14,33.69
Romania,ROU,2021-05-15,34.3
Romania,ROU,2021-05-16,34.83
Romania,ROU,2021-05-17,35.32
Romania,ROU,2021-05-18,35.82
Romania,ROU,2021-05-19,36.31
Romania,ROU,2021-05-20,36.76
Romania,ROU,2021-05-21,37.2
Romania,ROU,2021-05-22,37.59
Romania,ROU,2021-05-23,37.87
Romania,ROU,2021-05-24,38.17
Romania,ROU,2021-05-25,38.53
Romania,ROU,2021-05-26,38.89
Romania,ROU,2021-05-27,39.24
Romania,ROU,2021-05-28,39.6
Romania,ROU,2021-05-29,40
Romania,ROU,2021-05-30,40.36
Romania,ROU,2021-05-31,40.69
Romania,ROU,2021-06-01,40.96
Romania,ROU,2021-06-02,41.25
Romania,ROU,2021-06-03,41.56
Romania,ROU,2021-06-04,41.92
Romania,ROU,2021-06-05,42.28
Romania,ROU,2021-06-06,42.58
Romania,ROU,2021-06-07,42.84
Romania,ROU,2021-06-08,43.09
Romania,ROU,2021-06-09,43.33
Romania,ROU,2021-06-10,43.54
Romania,ROU,2021-06-11,43.76
Romania,ROU,2021-06-12,43.96
Romania,ROU,2021-06-13,44.12
Romania,ROU,2021-06-14,44.28
Romania,ROU,2021-06-15,44.45
Romania,ROU,2021-06-16,44.62
Romania,ROU,2021-06-17,44.77
Romania,ROU,2021-06-18,44.92
Romania,ROU,2021-06-19,45.05
Romania,ROU,2021-06-20,45.16
Romania,ROU,2021-06-21,45.26
Romania,ROU,2021-06-22,45.38
Romania,ROU,2021-06-23,45.52
Romania,ROU,2021-06-24,45.65
Romania,ROU,2021-06-25,45.78
Romania,ROU,2021-06-26,45.9
Romania,ROU,2021-06-27,46.02
Romania,ROU,2021-06-28,46.12
Romania,ROU,2021-06-29,46.22
Romania,ROU,2021-06-30,46.33
Romania,ROU,2021-07-01,46.43
Romania,ROU,2021-07-02,46.53
Romania,ROU,2021-07-03,46.64
Romania,ROU,2021-07-04,46.7
Romania,ROU,2021-07-05,46.79
Romania,ROU,2021-07-06,46.87
Romania,ROU,2021-07-07,46.96
Romania,ROU,2021-07-08,47.05
Romania,ROU,2021-07-10,47.18
Romania,ROU,2021-07-11,47.27
Romania,ROU,2021-07-12,47.33
Romania,ROU,2021-07-13,47.41
Romania,ROU,2021-07-14,47.49
Romania,ROU,2021-07-15,47.56
Romania,ROU,2021-07-16,47.64
Romania,ROU,2021-07-17,47.7
Romania,ROU,2021-07-18,47.74
Romania,ROU,2021-07-19,47.81
Romania,ROU,2021-07-20,47.9
Romania,ROU,2021-07-21,47.98
Romania,ROU,2021-07-22,48.06
Romania,ROU,2021-07-23,48.15
Romania,ROU,2021-07-24,48.21
Romania,ROU,2021-07-25,48.25
Romania,ROU,2021-07-26,48.32
Romania,ROU,2021-07-27,48.41
Romania,ROU,2021-07-28,48.49
Romania,ROU,2021-07-29,48.56
Romania,ROU,2021-07-30,48.65
Romania,ROU,2021-07-31,48.7
Romania,ROU,2021-08-01,48.74
Romania,ROU,2021-08-02,48.81
Romania,ROU,2021-08-03,48.88
Romania,ROU,2021-08-04,48.96
Romania,ROU,2021-08-05,49.04
Romania,ROU,2021-08-06,49.12
Romania,ROU,2021-08-07,49.17
Romania,ROU,2021-08-08,49.21
Romania,ROU,2021-08-09,49.25
Romania,ROU,2021-08-10,49.29
Romania,ROU,2021-08-11,49.36
Romania,ROU,2021-08-12,49.44
Romania,ROU,2021-08-13,49.51
Romania,ROU,2021-08-14,49.56
Romania,ROU,2021-08-15,49.59
Romania,ROU,2021-08-16,49.65
Romania,ROU,2021-08-17,49.72
Romania,ROU,2021-08-18,49.79
Romania,ROU,2021-08-19,49.86
Romania,ROU,2021-08-20,49.93
Romania,ROU,2021-08-21,49.98
Romania,ROU,2021-08-22,50
Romania,ROU,2021-08-23,50.07
Romania,ROU,2021-08-24,50.13
Romania,ROU,2021-08-25,50.2
Romania,ROU,2021-08-26,50.27
Romania,ROU,2021-08-27,50.34
Romania,ROU,2021-08-28,50.39
Romania,ROU,2021-08-29,50.42
Romania,ROU,2021-08-30,50.47
Romania,ROU,2021-08-31,50.53
Romania,ROU,2021-09-01,50.59
Romania,ROU,2021-09-02,50.65
Romania,ROU,2021-09-03,50.7
Romania,ROU,2021-09-04,50.74
Romania,ROU,2021-09-05,50.76
Romania,ROU,2021-09-06,50.8
Romania,ROU,2021-09-07,50.85
Romania,ROU,2021-09-08,50.9
Romania,ROU,2021-09-09,50.94
Romania,ROU,2021-09-10,51
Romania,ROU,2021-09-11,51.03
Romania,ROU,2021-09-12,51.06
Romania,ROU,2021-09-13,51.1
Romania,ROU,2021-09-14,51.15
Romania,ROU,2021-09-15,51.2
Romania,ROU,2021-09-16,51.26
Romania,ROU,2021-09-17,51.33
Romania,ROU,2021-09-18,51.38
Romania,ROU,2021-09-19,51.42
Romania,ROU,2021-09-20,51.48
Romania,ROU,2021-09-21,51.57
Romania,ROU,2021-09-22,51.65
Romania,ROU,2021-09-23,51.75
Romania,ROU,2021-09-24,51.85
Romania,ROU,2021-09-25,51.94
Romania,ROU,2021-09-26,51.99
Romania,ROU,2021-09-27,52.09
Romania,ROU,2021-09-28,52.31
Romania,ROU,2021-09-29,52.63
Romania,ROU,2021-09-30,52.95
Romania,ROU,2021-10-01,53.27
Romania,ROU,2021-10-02,53.5
Romania,ROU,2021-10-03,53.66
Romania,ROU,2021-10-04,53.93
Romania,ROU,2021-10-05,54.25
Romania,ROU,2021-10-06,54.53
Romania,ROU,2021-10-07,54.86
Romania,ROU,2021-10-08,55.21
Romania,ROU,2021-10-09,55.48
Romania,ROU,2021-10-10,55.66
Romania,ROU,2021-10-11,55.93
Romania,ROU,2021-10-12,56.23
Romania,ROU,2021-10-13,56.54
Romania,ROU,2021-10-14,56.9
Romania,ROU,2021-10-15,57.27
Romania,ROU,2021-10-16,57.58
Romania,ROU,2021-10-17,57.8
Romania,ROU,2021-10-18,58.12
Romania,ROU,2021-10-19,58.47
Romania,ROU,2021-10-20,58.89
Romania,ROU,2021-10-21,59.4
Romania,ROU,2021-10-22,60.06
Romania,ROU,2021-10-23,60.72
Romania,ROU,2021-10-24,61.29
Romania,ROU,2021-10-25,61.95
Romania,ROU,2021-10-26,62.73
Romania,ROU,2021-10-27,63.51
Romania,ROU,2021-10-28,64.17
Romania,ROU,2021-10-29,64.79
Romania,ROU,2021-10-30,65.25
Romania,ROU,2021-10-31,65.59
Romania,ROU,2021-11-01,66
Romania,ROU,2021-11-02,66.41
Romania,ROU,2021-11-03,66.83
Romania,ROU,2021-11-04,67.26
Romania,ROU,2021-11-05,67.73
Romania,ROU,2021-11-06,68.09
Romania,ROU,2021-11-07,68.39
Romania,ROU,2021-11-08,68.75
Romania,ROU,2021-11-09,69.1
Romania,ROU,2021-11-10,69.47
Romania,ROU,2021-11-11,69.9
Romania,ROU,2021-11-12,70.4
Romania,ROU,2021-11-13,70.88
Romania,ROU,2021-11-14,71.3
Romania,ROU,2021-11-15,71.77
Romania,ROU,2021-11-16,72.28
Romania,ROU,2021-11-17,72.71
Romania,ROU,2021-11-18,73.17
Romania,ROU,2021-11-19,73.64
Romania,ROU,2021-11-20,74.05
Romania,ROU,2021-11-21,74.35
Romania,ROU,2021-11-22,74.69
Romania,ROU,2021-11-23,75.03
Romania,ROU,2021-11-24,75.37
Romania,ROU,2021-11-25,75.71
Romania,ROU,2021-11-26,76.08
Romania,ROU,2021-11-27,76.4
Romania,ROU,2021-11-28,76.64
Romania,ROU,2021-11-29,76.93
Romania,ROU,2021-11-30,77.14
Romania,ROU,2021-12-01,77.27
Romania,ROU,2021-12-02,77.5
Romania,ROU,2021-12-03,77.79
Romania,ROU,2021-12-04,78.01
Romania,ROU,2021-12-05,78.18
Romania,ROU,2021-12-06,78.42
Romania,ROU,2021-12-07,78.63
Romania,ROU,2021-12-08,78.8
Romania,ROU,2021-12-09,79
Romania,ROU,2021-12-10,79.24
Romania,ROU,2021-12-11,79.44
Romania,ROU,2021-12-12,79.57
Romania,ROU,2021-12-13,79.74
Romania,ROU,2021-12-14,79.92
Romania,ROU,2021-12-15,80.1
Romania,ROU,2021-12-16,80.27
Romania,ROU,2021-12-17,80.46
Romania,ROU,2021-12-18,80.61
Romania,ROU,2021-12-19,80.71
Romania,ROU,2021-12-20,80.87
Romania,ROU,2021-12-21,81.01
Romania,ROU,2021-12-22,81.14
Romania,ROU,2021-12-23,81.26
Romania,ROU,2021-12-24,81.33
Romania,ROU,2021-12-25,81.34
Romania,ROU,2021-12-26,81.35
Romania,ROU,2021-12-27,81.46
Romania,ROU,2021-12-28,81.6
Romania,ROU,2021-12-29,81.73
Romania,ROU,2021-12-30,81.83
Romania,ROU,2021-12-31,81.87
Romania,ROU,2022-01-01,81.88
Romania,ROU,2022-01-02,81.9
Romania,ROU,2022-01-03,82.04
Romania,ROU,2022-01-04,82.2
Romania,ROU,2022-01-05,82.37
Romania,ROU,2022-01-06,82.53
Romania,ROU,2022-01-07,82.7
Romania,ROU,2022-01-08,82.91
Romania,ROU,2022-01-09,82.98
Romania,ROU,2022-01-10,83.12
Romania,ROU,2022-01-11,83.25
Romania,ROU,2022-01-12,83.38
Romania,ROU,2022-01-13,83.49
Romania,ROU,2022-01-14,83.61
Romania,ROU,2022-01-15,83.71
Romania,ROU,2022-01-16,83.76
Romania,ROU,2022-01-17,83.84
Romania,ROU,2022-01-18,83.93
Romania,ROU,2022-01-19,84.02
Romania,ROU,2022-01-20,84.1
Romania,ROU,2022-01-21,84.18
Romania,ROU,2022-01-22,84.27
Romania,ROU,2022-01-23,84.29
Romania,ROU,2022-01-24,84.36
Romania,ROU,2022-01-25,84.45
Romania,ROU,2022-01-26,84.55
Romania,ROU,2022-01-27,84.65
Romania,ROU,2022-01-28,84.77
Romania,ROU,2022-01-29,84.87
Romania,ROU,2022-01-30,84.93
Romania,ROU,2022-01-31,85.01
Romania,ROU,2022-02-01,85.1
Romania,ROU,2022-02-02,85.19
Romania,ROU,2022-02-03,85.26
Romania,ROU,2022-02-04,85.35
Romania,ROU,2022-02-05,85.42
Romania,ROU,2022-02-06,85.45
Romania,ROU,2022-02-07,85.51
Romania,ROU,2022-02-08,85.57
Romania,ROU,2022-02-09,85.63
Romania,ROU,2022-02-10,85.68
Romania,ROU,2022-02-11,85.74
Romania,ROU,2022-02-12,85.78
Romania,ROU,2022-02-13,85.81
Romania,ROU,2022-02-14,85.84
Romania,ROU,2022-02-15,85.88
Romania,ROU,2022-02-16,85.92
Romania,ROU,2022-02-17,85.96
Romania,ROU,2022-02-18,86
Romania,ROU,2022-02-19,86.04
Romania,ROU,2022-02-20,86.06
Romania,ROU,2022-02-21,86.09
Romania,ROU,2022-02-22,86.12
Romania,ROU,2022-02-23,86.15
Romania,ROU,2022-02-24,86.19
Romania,ROU,2022-02-25,86.22
Romania,ROU,2022-02-26,86.25
Romania,ROU,2022-02-27,86.26
Romania,ROU,2022-02-28,86.29
Romania,ROU,2022-03-01,86.31
Romania,ROU,2022-03-02,86.33
Romania,ROU,2022-03-03,86.35
Romania,ROU,2022-03-04,86.38
Romania,ROU,2022-03-05,86.4
Romania,ROU,2022-03-06,86.41
Romania,ROU,2022-03-07,86.42
Romania,ROU,2022-03-08,86.44
Romania,ROU,2022-03-09,86.45
Romania,ROU,2022-03-10,86.46
Romania,ROU,2022-03-11,86.48
Romania,ROU,2022-03-12,86.49
Romania,ROU,2022-03-13,86.5
Romania,ROU,2022-03-14,86.5
Romania,ROU,2022-03-15,86.51
Romania,ROU,2022-03-16,86.52
Romania,ROU,2022-03-17,86.52
Romania,ROU,2022-03-18,86.53
Romania,ROU,2022-03-19,86.54
Romania,ROU,2022-03-20,86.54
Romania,ROU,2022-03-21,86.55
Romania,ROU,2022-03-22,86.55
Romania,ROU,2022-03-23,86.56
Romania,ROU,2022-03-24,86.57
Romania,ROU,2022-03-25,86.57
Romania,ROU,2022-03-26,86.58
Romania,ROU,2022-03-27,86.59
Romania,ROU,2022-03-28,86.59
Romania,ROU,2022-03-29,86.6
Romania,ROU,2022-03-30,86.6
Romania,ROU,2022-03-31,86.61
Romania,ROU,2022-04-01,86.62
Romania,ROU,2022-04-02,86.62
Romania,ROU,2022-04-03,86.63
Romania,ROU,2022-04-04,86.64
Romania,ROU,2022-04-05,86.64
Romania,ROU,2022-04-06,86.65
Romania,ROU,2022-04-07,86.65
Romania,ROU,2022-04-08,86.66
Romania,ROU,2022-04-09,86.67
Romania,ROU,2022-04-10,86.67
Romania,ROU,2022-04-11,86.68
Romania,ROU,2022-04-12,86.69
Romania,ROU,2022-04-13,86.69
Romania,ROU,2022-04-14,86.7
Romania,ROU,2022-04-15,86.7
Romania,ROU,2022-04-16,86.71
Romania,ROU,2022-04-17,86.72
Romania,ROU,2022-04-18,86.72
Romania,ROU,2022-04-19,86.73
Romania,ROU,2022-04-20,86.74
Romania,ROU,2022-04-21,86.74
Romania,ROU,2022-04-22,86.75
Romania,ROU,2022-04-23,86.75
Romania,ROU,2022-04-24,86.76
Romania,ROU,2022-04-25,86.77
Romania,ROU,2022-04-26,86.77
Romania,ROU,2022-04-27,86.78
Romania,ROU,2022-04-28,86.79
Romania,ROU,2022-04-29,86.79
Romania,ROU,2022-04-30,86.8
Romania,ROU,2022-05-01,86.8
Romania,ROU,2022-05-02,86.81
Romania,ROU,2022-05-03,86.82
Romania,ROU,2022-05-04,86.82
Romania,ROU,2022-05-05,86.83
Romania,ROU,2022-05-06,86.84
Romania,ROU,2022-05-07,86.84
Romania,ROU,2022-05-08,86.85
Romania,ROU,2022-05-09,86.85
Romania,ROU,2022-05-10,86.86
Romania,ROU,2022-05-11,86.87
Romania,ROU,2022-05-12,86.87
Romania,ROU,2022-05-13,86.88
Romania,ROU,2022-05-14,86.89
Romania,ROU,2022-05-15,86.89
Romania,ROU,2022-05-16,86.9
Romania,ROU,2022-05-17,86.9
Romania,ROU,2022-05-18,86.91
Romania,ROU,2022-05-19,86.92
Romania,ROU,2022-05-20,86.92
Romania,ROU,2022-05-21,86.93
Romania,ROU,2022-05-22,86.94
Romania,ROU,2022-05-23,86.94
Romania,ROU,2022-05-24,86.95
Romania,ROU,2022-05-25,86.95
Romania,ROU,2022-05-26,86.96
Romania,ROU,2022-05-27,86.97
Romania,ROU,2022-05-28,86.97
Romania,ROU,2022-05-29,86.98
Romania,ROU,2022-05-30,86.99
Romania,ROU,2022-05-31,86.99
Romania,ROU,2022-06-01,87
Romania,ROU,2022-06-02,87
Romania,ROU,2022-06-03,87.01
Romania,ROU,2022-06-04,87.02
Romania,ROU,2022-06-05,87.02
Romania,ROU,2022-06-06,87.03
Romania,ROU,2022-06-07,87.04
Romania,ROU,2022-06-08,87.04
Romania,ROU,2022-06-09,87.05
Romania,ROU,2022-06-10,87.05
Romania,ROU,2022-06-11,87.06
Russia,RUS,2020-12-15,0.02
Russia,RUS,2020-12-22,0.04
Russia,RUS,2021-01-02,0.55
Russia,RUS,2021-01-13,0.69
Russia,RUS,2021-03-02,3.62
Russia,RUS,2021-03-03,3.78
Russia,RUS,2021-03-04,4.14
Russia,RUS,2021-03-05,4.34
Russia,RUS,2021-03-06,4.54
Russia,RUS,2021-03-07,4.59
Russia,RUS,2021-03-08,4.6
Russia,RUS,2021-03-09,4.61
Russia,RUS,2021-03-10,4.86
Russia,RUS,2021-03-11,5.01
Russia,RUS,2021-03-17,5.39
Russia,RUS,2021-03-18,5.45
Russia,RUS,2021-03-19,5.64
Russia,RUS,2021-03-20,5.72
Russia,RUS,2021-03-21,5.76
Russia,RUS,2021-03-29,7.67
Russia,RUS,2021-03-30,7.71
Russia,RUS,2021-03-31,7.84
Russia,RUS,2021-04-01,8.02
Russia,RUS,2021-04-02,8.12
Russia,RUS,2021-04-03,8.3
Russia,RUS,2021-04-04,8.35
Russia,RUS,2021-04-05,8.42
Russia,RUS,2021-04-06,8.6
Russia,RUS,2021-04-07,8.99
Russia,RUS,2021-04-08,9.2
Russia,RUS,2021-04-09,9.39
Russia,RUS,2021-04-10,9.63
Russia,RUS,2021-04-11,9.72
Russia,RUS,2021-04-12,9.83
Russia,RUS,2021-04-13,10.05
Russia,RUS,2021-04-14,10.32
Russia,RUS,2021-04-15,10.45
Russia,RUS,2021-04-16,10.66
Russia,RUS,2021-04-17,10.82
Russia,RUS,2021-04-18,11.14
Russia,RUS,2021-04-19,11.19
Russia,RUS,2021-04-20,11.42
Russia,RUS,2021-04-21,11.59
Russia,RUS,2021-04-22,11.87
Russia,RUS,2021-04-23,12.09
Russia,RUS,2021-04-24,12.46
Russia,RUS,2021-04-25,12.51
Russia,RUS,2021-04-26,12.62
Russia,RUS,2021-04-27,12.79
Russia,RUS,2021-04-28,13.12
Russia,RUS,2021-04-29,13.46
Russia,RUS,2021-04-30,13.67
Russia,RUS,2021-05-01,13.74
Russia,RUS,2021-05-02,13.83
Russia,RUS,2021-05-03,13.86
Russia,RUS,2021-05-04,13.9
Russia,RUS,2021-05-05,14.28
Russia,RUS,2021-05-06,14.59
Russia,RUS,2021-05-07,14.68
Russia,RUS,2021-05-08,14.88
Russia,RUS,2021-05-10,15.01
Russia,RUS,2021-05-11,15.05
Russia,RUS,2021-05-12,15.56
Russia,RUS,2021-05-13,15.7
Russia,RUS,2021-05-14,16.05
Russia,RUS,2021-05-15,16.44
Russia,RUS,2021-05-16,16.52
Russia,RUS,2021-05-17,16.6
Russia,RUS,2021-05-18,16.9
Russia,RUS,2021-05-19,17.13
Russia,RUS,2021-05-20,17.34
Russia,RUS,2021-05-21,17.55
Russia,RUS,2021-05-22,18.21
Russia,RUS,2021-05-23,18.24
Russia,RUS,2021-05-24,18.47
Russia,RUS,2021-05-25,18.63
Russia,RUS,2021-05-26,19.03
Russia,RUS,2021-05-27,19.12
Russia,RUS,2021-05-28,19.37
Russia,RUS,2021-05-29,19.55
Russia,RUS,2021-05-30,19.61
Russia,RUS,2021-05-31,19.64
Russia,RUS,2021-06-01,20.21
Russia,RUS,2021-06-02,20.53
Russia,RUS,2021-06-03,20.68
Russia,RUS,2021-06-04,21.02
Russia,RUS,2021-06-05,21.09
Russia,RUS,2021-06-06,21.16
Russia,RUS,2021-06-07,21.4
Russia,RUS,2021-06-08,21.57
Russia,RUS,2021-06-09,21.78
Russia,RUS,2021-06-10,22.02
Russia,RUS,2021-06-11,22.24
Russia,RUS,2021-06-12,22.56
Russia,RUS,2021-06-13,22.63
Russia,RUS,2021-06-14,22.65
Russia,RUS,2021-06-15,22.68
Russia,RUS,2021-06-16,22.89
Russia,RUS,2021-06-17,23.38
Russia,RUS,2021-06-18,23.66
Russia,RUS,2021-06-19,23.96
Russia,RUS,2021-06-20,24.05
Russia,RUS,2021-06-21,24.28
Russia,RUS,2021-06-22,24.8
Russia,RUS,2021-06-23,24.84
Russia,RUS,2021-06-24,25.48
Russia,RUS,2021-06-25,25.91
Russia,RUS,2021-06-26,26.26
Russia,RUS,2021-06-27,26.49
Russia,RUS,2021-06-28,26.72
Russia,RUS,2021-06-29,27.1
Russia,RUS,2021-06-30,27.59
Russia,RUS,2021-07-01,28.17
Russia,RUS,2021-07-02,28.82
Russia,RUS,2021-07-03,29.26
Russia,RUS,2021-07-04,29.52
Russia,RUS,2021-07-05,29.66
Russia,RUS,2021-07-06,30.54
Russia,RUS,2021-07-07,31.05
Russia,RUS,2021-07-08,31.41
Russia,RUS,2021-07-09,32.13
Russia,RUS,2021-07-10,32.62
Russia,RUS,2021-07-11,32.79
Russia,RUS,2021-07-12,32.95
Russia,RUS,2021-07-13,33.56
Russia,RUS,2021-07-14,34.29
Russia,RUS,2021-07-15,34.72
Russia,RUS,2021-07-16,36.06
Russia,RUS,2021-07-17,36.16
Russia,RUS,2021-07-18,36.38
Russia,RUS,2021-07-19,36.47
Russia,RUS,2021-07-20,37.74
Russia,RUS,2021-07-21,38.1
Russia,RUS,2021-07-22,38.48
Russia,RUS,2021-07-23,39.36
Russia,RUS,2021-07-24,39.5
Russia,RUS,2021-07-25,39.62
Russia,RUS,2021-07-26,39.79
Russia,RUS,2021-07-27,40.4
Russia,RUS,2021-07-28,40.81
Russia,RUS,2021-07-29,41.41
Russia,RUS,2021-07-30,42.04
Russia,RUS,2021-07-31,42.66
Russia,RUS,2021-08-01,42.88
Russia,RUS,2021-08-02,42.98
Russia,RUS,2021-08-03,43.49
Russia,RUS,2021-08-04,44.3
Russia,RUS,2021-08-05,44.53
Russia,RUS,2021-08-06,44.86
Russia,RUS,2021-08-07,45.41
Russia,RUS,2021-08-08,45.65
Russia,RUS,2021-08-09,45.74
Russia,RUS,2021-08-10,46.41
Russia,RUS,2021-08-11,46.87
Russia,RUS,2021-08-12,47.31
Russia,RUS,2021-08-13,48.95
Russia,RUS,2021-08-14,50.24
Russia,RUS,2021-08-15,50.42
Russia,RUS,2021-08-16,50.66
Russia,RUS,2021-08-17,51
Russia,RUS,2021-08-18,51.29
Russia,RUS,2021-08-19,51.72
Russia,RUS,2021-08-20,52.15
Russia,RUS,2021-08-21,52.69
Russia,RUS,2021-08-22,52.93
Russia,RUS,2021-08-23,53.04
Russia,RUS,2021-08-24,53.46
Russia,RUS,2021-08-25,53.79
Russia,RUS,2021-08-26,54.05
Russia,RUS,2021-08-27,54.53
Russia,RUS,2021-08-28,54.78
Russia,RUS,2021-08-29,54.93
Russia,RUS,2021-08-30,55.14
Russia,RUS,2021-08-31,55.3
Russia,RUS,2021-09-01,55.98
Russia,RUS,2021-09-02,56.24
Russia,RUS,2021-09-03,56.73
Russia,RUS,2021-09-04,56.89
Russia,RUS,2021-09-05,57.07
Russia,RUS,2021-09-06,57.14
Russia,RUS,2021-09-07,57.64
Russia,RUS,2021-09-08,57.77
Russia,RUS,2021-09-09,58.1
Russia,RUS,2021-09-10,58.52
Russia,RUS,2021-09-11,58.66
Russia,RUS,2021-09-12,58.77
Russia,RUS,2021-09-13,59.25
Russia,RUS,2021-09-14,59.32
Russia,RUS,2021-09-15,59.66
Russia,RUS,2021-09-16,59.93
Russia,RUS,2021-09-17,60.14
Russia,RUS,2021-09-19,60.47
Russia,RUS,2021-09-20,60.58
Russia,RUS,2021-09-21,60.74
Russia,RUS,2021-09-22,61.04
Russia,RUS,2021-09-24,61.36
Russia,RUS,2021-09-25,61.48
Russia,RUS,2021-09-26,61.54
Russia,RUS,2021-09-27,61.77
Russia,RUS,2021-09-28,61.82
Russia,RUS,2021-09-29,62.04
Russia,RUS,2021-09-30,62.23
Russia,RUS,2021-10-01,62.48
Russia,RUS,2021-10-02,62.73
Russia,RUS,2021-10-03,62.82
Russia,RUS,2021-10-04,62.88
Russia,RUS,2021-10-05,63.06
Russia,RUS,2021-10-06,63.54
Russia,RUS,2021-10-07,64.7
Russia,RUS,2021-10-08,64.86
Russia,RUS,2021-10-09,64.98
Russia,RUS,2021-10-10,65.12
Russia,RUS,2021-10-11,65.24
Russia,RUS,2021-10-12,65.33
Russia,RUS,2021-10-13,65.58
Russia,RUS,2021-10-14,65.71
Russia,RUS,2021-10-15,66.08
Russia,RUS,2021-10-20,68.49
Russia,RUS,2021-10-21,68.53
Russia,RUS,2021-10-22,68.94
Russia,RUS,2021-10-23,69.45
Russia,RUS,2021-10-28,70.59
Russia,RUS,2021-10-29,71.13
Russia,RUS,2021-10-30,71.72
Russia,RUS,2021-10-31,71.99
Russia,RUS,2021-11-01,72.21
Russia,RUS,2021-11-02,72.76
Russia,RUS,2021-11-03,73.41
Russia,RUS,2021-11-04,74.76
Russia,RUS,2021-11-07,75.01
Russia,RUS,2021-11-08,75.13
Russia,RUS,2021-11-09,75.82
Russia,RUS,2021-11-10,76.19
Russia,RUS,2021-11-11,76.85
Russia,RUS,2021-11-12,77.4
Russia,RUS,2021-11-13,78
Russia,RUS,2021-11-14,78.57
Russia,RUS,2021-11-15,78.95
Russia,RUS,2021-11-16,79.51
Russia,RUS,2021-11-17,80.38
Russia,RUS,2021-11-18,80.88
Russia,RUS,2021-11-19,81.38
Russia,RUS,2021-11-20,82.53
Russia,RUS,2021-11-22,83.12
Russia,RUS,2021-11-23,83.39
Russia,RUS,2021-11-24,84.11
Russia,RUS,2021-11-25,84.8
Russia,RUS,2021-11-26,85.73
Russia,RUS,2021-11-27,86.21
Russia,RUS,2021-11-28,86.56
Russia,RUS,2021-11-29,86.76
Russia,RUS,2021-11-30,87.4
Russia,RUS,2021-12-01,87.9
Russia,RUS,2021-12-02,88.52
Russia,RUS,2021-12-03,88.9
Russia,RUS,2021-12-04,89.77
Russia,RUS,2021-12-05,90.03
Russia,RUS,2021-12-06,90.16
Russia,RUS,2021-12-07,90.71
Russia,RUS,2021-12-08,91.33
Russia,RUS,2021-12-09,91.77
Russia,RUS,2021-12-10,92.02
Russia,RUS,2021-12-11,93.14
Russia,RUS,2021-12-12,93.63
Russia,RUS,2021-12-13,93.79
Russia,RUS,2021-12-14,94.39
Russia,RUS,2021-12-15,94.64
Russia,RUS,2021-12-16,94.71
Russia,RUS,2021-12-17,95.46
Russia,RUS,2021-12-18,96.18
Russia,RUS,2021-12-19,96.59
Russia,RUS,2021-12-20,96.66
Russia,RUS,2021-12-21,97.88
Russia,RUS,2021-12-22,98
Russia,RUS,2021-12-23,98.37
Russia,RUS,2021-12-24,98.58
Russia,RUS,2021-12-25,99.03
Russia,RUS,2021-12-27,99.15
Russia,RUS,2021-12-28,99.53
Russia,RUS,2021-12-29,100.73
Russia,RUS,2021-12-31,100.87
Russia,RUS,2022-01-01,101.12
Russia,RUS,2022-01-03,101.12
Russia,RUS,2022-01-06,101.14
Russia,RUS,2022-01-07,101.41
Russia,RUS,2022-01-08,101.44
Russia,RUS,2022-01-09,101.58
Russia,RUS,2022-01-10,101.7
Russia,RUS,2022-01-11,102.21
Russia,RUS,2022-01-12,102.55
Russia,RUS,2022-01-13,103.11
Russia,RUS,2022-01-14,103.13
Russia,RUS,2022-01-15,103.21
Russia,RUS,2022-01-16,103.36
Russia,RUS,2022-01-17,103.44
Russia,RUS,2022-01-18,103.92
Russia,RUS,2022-01-21,104.2
Russia,RUS,2022-01-22,104.68
Russia,RUS,2022-01-23,104.71
Russia,RUS,2022-01-24,105.07
Russia,RUS,2022-01-25,105.1
Russia,RUS,2022-01-26,105.39
Russia,RUS,2022-01-28,105.73
Russia,RUS,2022-01-29,105.9
Russia,RUS,2022-01-30,106.19
Russia,RUS,2022-01-31,106.39
Russia,RUS,2022-02-01,106.63
Russia,RUS,2022-02-02,106.75
Russia,RUS,2022-02-03,106.86
Russia,RUS,2022-02-04,107.08
Russia,RUS,2022-02-05,107.27
Russia,RUS,2022-02-06,107.33
Russia,RUS,2022-02-07,107.36
Russia,RUS,2022-02-08,107.81
Russia,RUS,2022-02-09,108.03
Russia,RUS,2022-02-10,108.23
Russia,RUS,2022-02-11,108.48
Russia,RUS,2022-02-12,108.65
Russia,RUS,2022-02-13,108.78
Russia,RUS,2022-02-14,108.97
Russia,RUS,2022-02-15,109.17
Russia,RUS,2022-02-16,109.72
Russia,RUS,2022-02-17,110.83
Russia,RUS,2022-03-03,110.9
Russia,RUS,2022-03-04,110.93
Russia,RUS,2022-03-05,111.09
Russia,RUS,2022-03-06,111.12
Russia,RUS,2022-03-07,111.13
Russia,RUS,2022-03-09,111.16
Russia,RUS,2022-03-10,111.25
Russia,RUS,2022-03-11,111.29
Russia,RUS,2022-03-12,111.29
Russia,RUS,2022-03-14,111.46
Russia,RUS,2022-03-15,111.51
Russia,RUS,2022-03-16,111.53
Russia,RUS,2022-03-17,111.54
Russia,RUS,2022-03-18,111.54
Russia,RUS,2022-03-19,111.54
Russia,RUS,2022-03-20,111.68
Russia,RUS,2022-03-21,111.82
Russia,RUS,2022-03-22,111.95
Russia,RUS,2022-03-23,112.13
Russia,RUS,2022-03-24,112.36
Russia,RUS,2022-03-25,112.38
Russia,RUS,2022-03-26,112.66
Russia,RUS,2022-03-27,112.68
Russia,RUS,2022-03-28,112.69
Russia,RUS,2022-03-29,112.75
Russia,RUS,2022-03-30,112.76
Russia,RUS,2022-04-04,113.1
Russia,RUS,2022-04-05,113.16
Russia,RUS,2022-04-06,113.2
Russia,RUS,2022-04-07,113.47
Russia,RUS,2022-04-08,113.48
Russia,RUS,2022-04-11,113.56
Russia,RUS,2022-04-13,113.59
Russia,RUS,2022-04-14,113.71
Russia,RUS,2022-04-15,113.74
Russia,RUS,2022-04-18,113.82
Russia,RUS,2022-04-19,113.98
Russia,RUS,2022-04-20,114.02
Russia,RUS,2022-04-21,114.36
Russia,RUS,2022-04-22,114.39
Russia,RUS,2022-04-26,114.46
Russia,RUS,2022-04-28,114.54
Russia,RUS,2022-04-29,114.66
Russia,RUS,2022-04-30,114.67
Russia,RUS,2022-05-02,114.72
Russia,RUS,2022-05-03,114.72
Russia,RUS,2022-05-04,114.75
Russia,RUS,2022-05-06,114.77
Russia,RUS,2022-05-19,114.87
Russia,RUS,2022-05-21,114.87
Russia,RUS,2022-05-24,114.89
Russia,RUS,2022-05-25,114.95
Russia,RUS,2022-05-26,114.97
Russia,RUS,2022-05-27,114.97
Russia,RUS,2022-05-28,114.97
Russia,RUS,2022-05-29,114.97
Russia,RUS,2022-05-31,115.18
Russia,RUS,2022-06-02,115.22
Russia,RUS,2022-06-04,115.24
Russia,RUS,2022-06-07,115.24
Russia,RUS,2022-06-08,115.24
Russia,RUS,2022-06-10,115.24
Russia,RUS,2022-06-11,115.25
Russia,RUS,2022-06-12,115.28
Russia,RUS,2022-06-17,115.65
Russia,RUS,2022-06-18,115.89
Russia,RUS,2022-06-21,115.95
Russia,RUS,2022-06-22,115.95
Russia,RUS,2022-06-24,115.98
Russia,RUS,2022-06-27,116.38
Russia,RUS,2022-06-29,116.43
Russia,RUS,2022-07-04,116.46
Russia,RUS,2022-07-10,116.49
Russia,RUS,2022-07-11,116.57
Russia,RUS,2022-07-18,116.71
Russia,RUS,2022-07-19,116.93
Russia,RUS,2022-07-24,116.98
Russia,RUS,2022-07-26,117.28
Russia,RUS,2022-07-27,117.37
Russia,RUS,2022-08-02,117.81
Rwanda,RWA,2021-02-15,0
Rwanda,RWA,2021-03-05,0.56
Rwanda,RWA,2021-03-06,1.18
Rwanda,RWA,2021-03-07,1.47
Rwanda,RWA,2021-03-08,1.55
Rwanda,RWA,2021-03-09,1.63
Rwanda,RWA,2021-03-10,1.7
Rwanda,RWA,2021-03-11,1.77
Rwanda,RWA,2021-03-12,1.85
Rwanda,RWA,2021-03-13,1.88
Rwanda,RWA,2021-03-14,1.91
Rwanda,RWA,2021-03-15,2.33
Rwanda,RWA,2021-03-16,2.36
Rwanda,RWA,2021-03-17,2.39
Rwanda,RWA,2021-03-18,2.4
Rwanda,RWA,2021-03-19,2.45
Rwanda,RWA,2021-03-20,2.48
Rwanda,RWA,2021-03-21,2.49
Rwanda,RWA,2021-03-22,2.51
Rwanda,RWA,2021-03-23,2.55
Rwanda,RWA,2021-03-24,2.59
Rwanda,RWA,2021-03-25,2.59
Rwanda,RWA,2021-04-15,2.6
Rwanda,RWA,2021-04-16,2.6
Rwanda,RWA,2021-04-30,2.6
Rwanda,RWA,2021-05-01,2.6
Rwanda,RWA,2021-05-08,2.97
Rwanda,RWA,2021-06-06,4.3
Rwanda,RWA,2021-07-06,4.78
Rwanda,RWA,2021-07-09,4.8
Rwanda,RWA,2021-07-10,4.81
Rwanda,RWA,2021-08-12,7.97
Rwanda,RWA,2021-08-19,9.99
Rwanda,RWA,2021-08-20,10.4
Rwanda,RWA,2021-08-22,10.95
Rwanda,RWA,2021-08-25,12.8
Rwanda,RWA,2021-08-29,16.15
Rwanda,RWA,2021-09-06,19.09
Rwanda,RWA,2021-09-10,19.64
Rwanda,RWA,2021-09-13,20.97
Rwanda,RWA,2021-09-15,21.41
Rwanda,RWA,2021-09-18,23.68
Rwanda,RWA,2021-09-19,24.81
Rwanda,RWA,2021-09-22,25.33
Rwanda,RWA,2021-09-26,27.78
Rwanda,RWA,2021-09-28,27.93
Rwanda,RWA,2021-09-30,28.08
Rwanda,RWA,2021-10-01,28.27
Rwanda,RWA,2021-10-05,28.39
Rwanda,RWA,2021-10-10,28.89
Rwanda,RWA,2021-10-14,33.03
Rwanda,RWA,2021-10-15,34.52
Rwanda,RWA,2021-10-21,38.48
Rwanda,RWA,2021-10-23,40.07
Rwanda,RWA,2021-10-26,41.8
Rwanda,RWA,2021-11-04,44.58
Rwanda,RWA,2021-11-10,50.26
Rwanda,RWA,2021-11-11,51.83
Rwanda,RWA,2021-12-28,93.52
Rwanda,RWA,2022-01-21,116.32
Rwanda,RWA,2022-01-24,119.02
Rwanda,RWA,2022-01-27,122.98
Rwanda,RWA,2022-02-15,122.98
Rwanda,RWA,2022-02-24,144.27
Rwanda,RWA,2022-03-29,147.56
Rwanda,RWA,2022-03-31,149.62
Rwanda,RWA,2022-04-26,149.62
Rwanda,RWA,2022-05-01,149.62
Rwanda,RWA,2022-05-08,149.62
Rwanda,RWA,2022-05-15,149.62
Rwanda,RWA,2022-05-22,162.81
Rwanda,RWA,2022-05-29,165.02
Rwanda,RWA,2022-06-19,166.19
Rwanda,RWA,2022-06-26,168.74
Rwanda,RWA,2022-07-10,170.34
Rwanda,RWA,2022-07-17,189.59
Saint Helena,SHN,2021-02-03,1.98
Saint Helena,SHN,2021-03-15,57.49
Saint Helena,SHN,2021-03-18,61.07
Saint Helena,SHN,2021-03-25,82.42
Saint Helena,SHN,2021-04-09,99.43
Saint Helena,SHN,2021-05-05,146.04
Saint Kitts and Nevis,KNA,2021-02-22,0
Saint Kitts and Nevis,KNA,2021-03-16,14.5
Saint Kitts and Nevis,KNA,2021-03-19,15.92
Saint Kitts and Nevis,KNA,2021-03-27,18.01
Saint Kitts and Nevis,KNA,2021-04-10,21.96
Saint Kitts and Nevis,KNA,2021-04-14,23.43
Saint Kitts and Nevis,KNA,2021-04-15,24.05
Saint Kitts and Nevis,KNA,2021-04-21,24.89
Saint Kitts and Nevis,KNA,2021-05-04,27.45
Saint Kitts and Nevis,KNA,2021-05-12,32.7
Saint Kitts and Nevis,KNA,2021-05-18,39.27
Saint Kitts and Nevis,KNA,2021-05-22,45.08
Saint Kitts and Nevis,KNA,2021-05-27,53.24
Saint Kitts and Nevis,KNA,2021-06-01,58.29
Saint Kitts and Nevis,KNA,2021-06-05,62.24
Saint Kitts and Nevis,KNA,2021-06-10,65.23
Saint Kitts and Nevis,KNA,2021-06-15,68.09
Saint Kitts and Nevis,KNA,2021-06-21,71.38
Saint Kitts and Nevis,KNA,2021-06-22,79.83
Saint Kitts and Nevis,KNA,2021-06-29,85.31
Saint Kitts and Nevis,KNA,2021-06-30,87.91
Saint Kitts and Nevis,KNA,2021-07-08,88.13
Saint Kitts and Nevis,KNA,2021-07-13,88.75
Saint Kitts and Nevis,KNA,2021-07-14,88.95
Saint Kitts and Nevis,KNA,2021-07-15,89.13
Saint Kitts and Nevis,KNA,2021-07-20,89.98
Saint Kitts and Nevis,KNA,2021-07-22,90.33
Saint Kitts and Nevis,KNA,2021-07-23,90.72
Saint Kitts and Nevis,KNA,2021-07-26,90.95
Saint Kitts and Nevis,KNA,2021-07-28,91.2
Saint Kitts and Nevis,KNA,2021-07-31,91.67
Saint Kitts and Nevis,KNA,2021-08-05,91.85
Saint Kitts and Nevis,KNA,2021-08-07,92.16
Saint Kitts and Nevis,KNA,2021-08-10,92.35
Saint Kitts and Nevis,KNA,2021-08-12,92.69
Saint Kitts and Nevis,KNA,2021-08-13,94
Saint Kitts and Nevis,KNA,2021-08-24,94.73
Saint Kitts and Nevis,KNA,2021-08-27,95.21
Saint Kitts and Nevis,KNA,2021-08-30,96.58
Saint Kitts and Nevis,KNA,2021-09-03,97.13
Saint Kitts and Nevis,KNA,2021-09-06,97.41
Saint Kitts and Nevis,KNA,2021-09-10,97.86
Saint Kitts and Nevis,KNA,2021-09-13,98.13
Saint Kitts and Nevis,KNA,2021-09-17,98.48
Saint Kitts and Nevis,KNA,2021-09-22,98.93
Saint Kitts and Nevis,KNA,2021-09-27,99.6
Saint Kitts and Nevis,KNA,2021-10-01,100.95
Saint Kitts and Nevis,KNA,2021-10-08,102.41
Saint Kitts and Nevis,KNA,2021-10-15,103.6
Saint Kitts and Nevis,KNA,2021-10-22,104.64
Saint Kitts and Nevis,KNA,2021-10-29,105.45
Saint Kitts and Nevis,KNA,2021-11-02,106.13
Saint Kitts and Nevis,KNA,2021-11-05,106.3
Saint Kitts and Nevis,KNA,2021-11-12,106.86
Saint Kitts and Nevis,KNA,2021-11-19,108
Saint Kitts and Nevis,KNA,2021-11-29,110.04
Saint Kitts and Nevis,KNA,2021-12-03,111.17
Saint Kitts and Nevis,KNA,2021-12-08,112.14
Saint Kitts and Nevis,KNA,2021-12-10,112.35
Saint Kitts and Nevis,KNA,2021-12-15,113.1
Saint Kitts and Nevis,KNA,2021-12-17,113.59
Saint Kitts and Nevis,KNA,2021-12-22,113.96
Saint Kitts and Nevis,KNA,2021-12-29,115.25
Saint Kitts and Nevis,KNA,2022-01-05,116.12
Saint Kitts and Nevis,KNA,2022-01-07,116.77
Saint Kitts and Nevis,KNA,2022-01-12,117.3
Saint Kitts and Nevis,KNA,2022-01-19,118.3
Saint Kitts and Nevis,KNA,2022-01-21,118.49
Saint Kitts and Nevis,KNA,2022-01-26,118.74
Saint Kitts and Nevis,KNA,2022-01-28,119.1
Saint Kitts and Nevis,KNA,2022-02-02,119.35
Saint Kitts and Nevis,KNA,2022-02-18,126.75
Saint Kitts and Nevis,KNA,2022-02-25,127.02
Saint Kitts and Nevis,KNA,2022-07-29,131.18
Saint Lucia,LCA,2021-02-16,0
Saint Lucia,LCA,2021-03-04,1.17
Saint Lucia,LCA,2021-03-12,9.68
Saint Lucia,LCA,2021-03-19,11.27
Saint Lucia,LCA,2021-03-28,11.96
Saint Lucia,LCA,2021-03-30,12.25
Saint Lucia,LCA,2021-03-31,12.44
Saint Lucia,LCA,2021-04-01,12.55
Saint Lucia,LCA,2021-04-07,12.71
Saint Lucia,LCA,2021-04-08,12.77
Saint Lucia,LCA,2021-04-09,12.89
Saint Lucia,LCA,2021-04-10,12.95
Saint Lucia,LCA,2021-04-14,12.99
Saint Lucia,LCA,2021-04-16,13.12
Saint Lucia,LCA,2021-04-17,13.17
Saint Lucia,LCA,2021-04-19,13.19
Saint Lucia,LCA,2021-04-21,13.26
Saint Lucia,LCA,2021-04-23,13.28
Saint Lucia,LCA,2021-04-24,13.33
Saint Lucia,LCA,2021-04-27,13.37
Saint Lucia,LCA,2021-04-28,13.43
Saint Lucia,LCA,2021-04-29,13.49
Saint Lucia,LCA,2021-04-30,13.51
Saint Lucia,LCA,2021-05-01,13.6
Saint Lucia,LCA,2021-05-19,24.61
Saint Lucia,LCA,2021-05-20,24.69
Saint Lucia,LCA,2021-05-21,24.97
Saint Lucia,LCA,2021-05-22,25.21
Saint Lucia,LCA,2021-05-25,25.31
Saint Lucia,LCA,2021-05-26,25.46
Saint Lucia,LCA,2021-05-27,25.6
Saint Lucia,LCA,2021-05-29,25.92
Saint Lucia,LCA,2021-05-30,26.03
Saint Lucia,LCA,2021-06-01,26.23
Saint Lucia,LCA,2021-06-02,26.46
Saint Lucia,LCA,2021-06-03,26.62
Saint Lucia,LCA,2021-06-07,26.86
Saint Lucia,LCA,2021-06-08,27.09
Saint Lucia,LCA,2021-06-09,27.31
Saint Lucia,LCA,2021-06-10,27.48
Saint Lucia,LCA,2021-06-11,27.68
Saint Lucia,LCA,2021-06-12,27.91
Saint Lucia,LCA,2021-06-14,27.97
Saint Lucia,LCA,2021-06-16,28.22
Saint Lucia,LCA,2021-06-17,28.32
Saint Lucia,LCA,2021-06-18,28.42
Saint Lucia,LCA,2021-06-19,28.49
Saint Lucia,LCA,2021-06-22,28.58
Saint Lucia,LCA,2021-06-23,28.7
Saint Lucia,LCA,2021-06-25,28.96
Saint Lucia,LCA,2021-06-27,29.14
Saint Lucia,LCA,2021-06-29,29.28
Saint Lucia,LCA,2021-06-30,29.37
Saint Lucia,LCA,2021-07-01,29.46
Saint Lucia,LCA,2021-07-05,29.55
Saint Lucia,LCA,2021-07-06,29.61
Saint Lucia,LCA,2021-07-07,29.68
Saint Lucia,LCA,2021-07-08,29.79
Saint Lucia,LCA,2021-07-09,29.89
Saint Lucia,LCA,2021-07-12,29.98
Saint Lucia,LCA,2021-07-13,30.05
Saint Lucia,LCA,2021-07-14,30.14
Saint Lucia,LCA,2021-07-15,30.26
Saint Lucia,LCA,2021-07-16,30.44
Saint Lucia,LCA,2021-07-18,30.54
Saint Lucia,LCA,2021-07-20,30.64
Saint Lucia,LCA,2021-07-21,31.06
Saint Lucia,LCA,2021-07-24,31.14
Saint Lucia,LCA,2021-07-27,31.19
Saint Lucia,LCA,2021-07-28,31.3
Saint Lucia,LCA,2021-07-29,31.48
Saint Lucia,LCA,2021-07-30,31.64
Saint Lucia,LCA,2021-07-31,31.76
Saint Lucia,LCA,2021-08-05,32.01
Saint Lucia,LCA,2021-08-06,32.21
Saint Lucia,LCA,2021-08-07,32.46
Saint Lucia,LCA,2021-08-09,32.48
Saint Lucia,LCA,2021-08-10,32.6
Saint Lucia,LCA,2021-08-11,32.87
Saint Lucia,LCA,2021-08-12,33.02
Saint Lucia,LCA,2021-08-13,33.14
Saint Lucia,LCA,2021-08-17,33.42
Saint Lucia,LCA,2021-08-19,33.96
Saint Lucia,LCA,2021-08-20,34.27
Saint Lucia,LCA,2021-08-21,34.41
Saint Lucia,LCA,2021-08-22,34.43
Saint Lucia,LCA,2021-08-24,34.6
Saint Lucia,LCA,2021-08-26,35.21
Saint Lucia,LCA,2021-08-27,35.55
Saint Lucia,LCA,2021-08-28,35.84
Saint Lucia,LCA,2021-08-30,35.92
Saint Lucia,LCA,2021-09-15,39.48
Saint Lucia,LCA,2021-09-16,39.81
Saint Lucia,LCA,2021-09-18,40.28
Saint Lucia,LCA,2021-09-19,40.4
Saint Lucia,LCA,2021-09-21,40.6
Saint Lucia,LCA,2021-09-22,41.04
Saint Lucia,LCA,2021-09-23,41.46
Saint Lucia,LCA,2021-09-24,41.75
Saint Lucia,LCA,2021-09-25,42.21
Saint Lucia,LCA,2021-09-27,42.43
Saint Lucia,LCA,2021-09-29,42.7
Saint Lucia,LCA,2021-09-30,43.7
Saint Lucia,LCA,2021-10-02,44.57
Saint Lucia,LCA,2021-10-03,44.71
Saint Lucia,LCA,2021-10-06,45.2
Saint Lucia,LCA,2021-10-07,45.67
Saint Lucia,LCA,2021-10-08,45.9
Saint Lucia,LCA,2021-10-09,46.45
Saint Lucia,LCA,2021-10-12,46.93
Saint Lucia,LCA,2021-10-13,47.2
Saint Lucia,LCA,2021-10-15,48.26
Saint Lucia,LCA,2021-10-18,48.43
Saint Lucia,LCA,2021-10-19,48.68
Saint Lucia,LCA,2021-11-03,52.43
Saint Lucia,LCA,2021-11-05,52.59
Saint Lucia,LCA,2021-11-09,53.23
Saint Lucia,LCA,2021-11-10,53.28
Saint Lucia,LCA,2021-11-11,53.33
Saint Lucia,LCA,2021-11-12,53.54
Saint Lucia,LCA,2021-11-14,53.94
Saint Lucia,LCA,2021-11-16,54.09
Saint Lucia,LCA,2021-11-18,54.61
Saint Lucia,LCA,2021-11-20,55.04
Saint Lucia,LCA,2021-11-21,55.17
Saint Lucia,LCA,2021-11-23,55.3
Saint Lucia,LCA,2021-11-26,55.76
Saint Lucia,LCA,2021-11-28,56.01
Saint Lucia,LCA,2021-11-30,56.1
Saint Lucia,LCA,2021-12-01,56.25
Saint Lucia,LCA,2021-12-02,56.41
Saint Lucia,LCA,2021-12-03,56.5
Saint Lucia,LCA,2021-12-05,56.82
Saint Lucia,LCA,2021-12-07,56.87
Saint Lucia,LCA,2021-12-08,56.98
Saint Lucia,LCA,2021-12-10,57.16
Saint Lucia,LCA,2021-12-15,57.49
Saint Lucia,LCA,2021-12-16,57.61
Saint Lucia,LCA,2021-12-19,57.78
Saint Lucia,LCA,2021-12-20,57.87
Saint Lucia,LCA,2021-12-21,57.93
Saint Lucia,LCA,2021-12-23,58.12
Saint Lucia,LCA,2021-12-24,58.15
Saint Lucia,LCA,2021-12-28,58.3
Saint Lucia,LCA,2021-12-30,58.37
Saint Lucia,LCA,2021-12-31,58.44
Saint Lucia,LCA,2022-01-02,58.55
Saint Lucia,LCA,2022-01-05,58.67
Saint Lucia,LCA,2022-01-07,58.83
Saint Lucia,LCA,2022-01-09,58.97
Saint Lucia,LCA,2022-01-11,59.11
Saint Lucia,LCA,2022-01-13,59.29
Saint Lucia,LCA,2022-01-14,59.33
Saint Lucia,LCA,2022-01-16,59.51
Saint Lucia,LCA,2022-01-19,59.68
Saint Lucia,LCA,2022-01-20,59.76
Saint Lucia,LCA,2022-01-21,59.78
Saint Lucia,LCA,2022-01-22,59.86
Saint Lucia,LCA,2022-01-23,59.88
Saint Lucia,LCA,2022-01-28,60.05
Saint Lucia,LCA,2022-01-31,60.17
Saint Lucia,LCA,2022-02-04,60.36
Saint Lucia,LCA,2022-02-07,60.43
Saint Lucia,LCA,2022-02-08,60.49
Saint Lucia,LCA,2022-02-09,60.55
Saint Lucia,LCA,2022-02-11,60.61
Saint Lucia,LCA,2022-02-12,60.68
Saint Lucia,LCA,2022-02-13,60.7
Saint Lucia,LCA,2022-02-16,60.81
Saint Lucia,LCA,2022-02-17,60.85
Saint Lucia,LCA,2022-02-21,60.95
Saint Lucia,LCA,2022-02-23,60.97
Saint Lucia,LCA,2022-02-25,64.69
Saint Lucia,LCA,2022-03-02,64.72
Saint Lucia,LCA,2022-03-09,64.92
Saint Lucia,LCA,2022-03-11,65.07
Saint Lucia,LCA,2022-03-16,65.22
Saint Lucia,LCA,2022-03-18,65.32
Saint Lucia,LCA,2022-03-23,65.49
Saint Lucia,LCA,2022-03-25,65.54
Saint Lucia,LCA,2022-03-30,65.6
Saint Lucia,LCA,2022-04-01,65.62
Saint Lucia,LCA,2022-04-08,65.81
Saint Lucia,LCA,2022-04-15,66.43
Saint Lucia,LCA,2022-04-22,66.49
Saint Lucia,LCA,2022-04-29,66.58
Saint Lucia,LCA,2022-05-06,66.68
Saint Lucia,LCA,2022-05-13,66.82
Saint Lucia,LCA,2022-05-20,66.99
Saint Lucia,LCA,2022-05-27,67.15
Saint Lucia,LCA,2022-06-03,67.28
Saint Lucia,LCA,2022-06-08,67.31
Saint Lucia,LCA,2022-06-10,67.35
Saint Lucia,LCA,2022-06-15,67.43
Saint Lucia,LCA,2022-06-22,67.5
Saint Lucia,LCA,2022-06-24,67.57
Saint Lucia,LCA,2022-06-30,67.61
Saint Lucia,LCA,2022-07-01,67.64
Saint Lucia,LCA,2022-07-07,67.69
Saint Lucia,LCA,2022-07-08,67.72
Saint Lucia,LCA,2022-07-13,67.77
Saint Lucia,LCA,2022-07-15,67.84
Saint Lucia,LCA,2022-07-27,67.88
Saint Lucia,LCA,2022-07-29,67.93
Saint Lucia,LCA,2022-08-03,67.96
Saint Vincent and the Grenadines,VCT,2021-03-17,8.58
Saint Vincent and the Grenadines,VCT,2021-03-19,8.99
Saint Vincent and the Grenadines,VCT,2021-03-26,10.08
Saint Vincent and the Grenadines,VCT,2021-04-10,11.62
Saint Vincent and the Grenadines,VCT,2021-04-17,12.23
Saint Vincent and the Grenadines,VCT,2021-04-24,13.28
Saint Vincent and the Grenadines,VCT,2021-04-26,13.29
Saint Vincent and the Grenadines,VCT,2021-04-27,13.42
Saint Vincent and the Grenadines,VCT,2021-04-28,13.55
Saint Vincent and the Grenadines,VCT,2021-04-30,13.91
Saint Vincent and the Grenadines,VCT,2021-05-01,13.92
Saint Vincent and the Grenadines,VCT,2021-05-12,16.03
Saint Vincent and the Grenadines,VCT,2021-05-18,17.15
Saint Vincent and the Grenadines,VCT,2021-05-19,17.65
Saint Vincent and the Grenadines,VCT,2021-05-26,18.65
Saint Vincent and the Grenadines,VCT,2021-05-29,19.91
Saint Vincent and the Grenadines,VCT,2021-06-03,20.53
Saint Vincent and the Grenadines,VCT,2021-06-10,21.8
Saint Vincent and the Grenadines,VCT,2021-06-15,22.13
Saint Vincent and the Grenadines,VCT,2021-06-21,22.66
Saint Vincent and the Grenadines,VCT,2021-06-26,23.64
Saint Vincent and the Grenadines,VCT,2021-06-28,23.71
Saint Vincent and the Grenadines,VCT,2021-07-02,23.97
Saint Vincent and the Grenadines,VCT,2021-07-05,24.45
Saint Vincent and the Grenadines,VCT,2021-07-20,24.53
Saint Vincent and the Grenadines,VCT,2021-07-23,24.54
Saint Vincent and the Grenadines,VCT,2021-07-30,24.57
Saint Vincent and the Grenadines,VCT,2021-08-02,24.6
Saint Vincent and the Grenadines,VCT,2021-08-04,24.7
Saint Vincent and the Grenadines,VCT,2021-08-07,24.71
Saint Vincent and the Grenadines,VCT,2021-08-10,24.72
Saint Vincent and the Grenadines,VCT,2021-08-12,24.76
Saint Vincent and the Grenadines,VCT,2021-08-19,25.58
Saint Vincent and the Grenadines,VCT,2021-08-20,29.66
Saint Vincent and the Grenadines,VCT,2021-09-04,29.67
Saint Vincent and the Grenadines,VCT,2021-09-05,30.48
Saint Vincent and the Grenadines,VCT,2021-09-12,30.79
Saint Vincent and the Grenadines,VCT,2021-09-13,31.26
Saint Vincent and the Grenadines,VCT,2021-09-22,31.7
Saint Vincent and the Grenadines,VCT,2021-09-27,32.42
Saint Vincent and the Grenadines,VCT,2021-09-29,32.67
Saint Vincent and the Grenadines,VCT,2021-09-30,32.73
Saint Vincent and the Grenadines,VCT,2021-10-02,32.96
Saint Vincent and the Grenadines,VCT,2021-10-06,33.66
Saint Vincent and the Grenadines,VCT,2021-10-14,35.83
Saint Vincent and the Grenadines,VCT,2021-10-17,36.45
Saint Vincent and the Grenadines,VCT,2021-10-22,36.55
Saint Vincent and the Grenadines,VCT,2021-10-23,37.69
Saint Vincent and the Grenadines,VCT,2021-10-25,38.46
Saint Vincent and the Grenadines,VCT,2021-10-26,40.73
Saint Vincent and the Grenadines,VCT,2021-10-27,42.14
Saint Vincent and the Grenadines,VCT,2021-11-02,43.27
Saint Vincent and the Grenadines,VCT,2021-11-08,44.99
Saint Vincent and the Grenadines,VCT,2021-11-09,45.8
Saint Vincent and the Grenadines,VCT,2021-11-11,46.54
Saint Vincent and the Grenadines,VCT,2021-11-12,46.56
Saint Vincent and the Grenadines,VCT,2021-11-15,47.75
Saint Vincent and the Grenadines,VCT,2021-11-17,49.16
Saint Vincent and the Grenadines,VCT,2021-11-22,50.53
Saint Vincent and the Grenadines,VCT,2021-11-24,50.55
Saint Vincent and the Grenadines,VCT,2021-11-25,51.57
Saint Vincent and the Grenadines,VCT,2021-11-26,51.62
Saint Vincent and the Grenadines,VCT,2021-11-28,52.2
Saint Vincent and the Grenadines,VCT,2021-12-01,52.7
Saint Vincent and the Grenadines,VCT,2021-12-02,53.31
Saint Vincent and the Grenadines,VCT,2021-12-05,53.63
Saint Vincent and the Grenadines,VCT,2021-12-07,54.48
Saint Vincent and the Grenadines,VCT,2021-12-10,54.92
Saint Vincent and the Grenadines,VCT,2021-12-16,57.22
Saint Vincent and the Grenadines,VCT,2021-12-17,57.86
Saint Vincent and the Grenadines,VCT,2021-12-28,58.66
Saint Vincent and the Grenadines,VCT,2022-01-27,61.03
Saint Vincent and the Grenadines,VCT,2022-01-31,61.76
Saint Vincent and the Grenadines,VCT,2022-02-02,62.24
Saint Vincent and the Grenadines,VCT,2022-02-03,62.29
Saint Vincent and the Grenadines,VCT,2022-02-08,63.53
Saint Vincent and the Grenadines,VCT,2022-02-09,63.69
Saint Vincent and the Grenadines,VCT,2022-02-10,63.8
Saint Vincent and the Grenadines,VCT,2022-02-12,63.85
Saint Vincent and the Grenadines,VCT,2022-02-14,63.88
Saint Vincent and the Grenadines,VCT,2022-02-19,64.39
Saint Vincent and the Grenadines,VCT,2022-02-22,64.52
Saint Vincent and the Grenadines,VCT,2022-02-23,64.53
Saint Vincent and the Grenadines,VCT,2022-02-24,64.58
Saint Vincent and the Grenadines,VCT,2022-02-26,64.6
Saint Vincent and the Grenadines,VCT,2022-02-28,64.64
Saint Vincent and the Grenadines,VCT,2022-03-01,64.65
Saint Vincent and the Grenadines,VCT,2022-03-07,65.19
Saint Vincent and the Grenadines,VCT,2022-03-08,65.26
Saint Vincent and the Grenadines,VCT,2022-03-09,66
Saint Vincent and the Grenadines,VCT,2022-03-10,66.23
Saint Vincent and the Grenadines,VCT,2022-03-11,66.26
Saint Vincent and the Grenadines,VCT,2022-03-14,66.26
Saint Vincent and the Grenadines,VCT,2022-03-16,66.31
Saint Vincent and the Grenadines,VCT,2022-03-17,66.48
Saint Vincent and the Grenadines,VCT,2022-03-21,66.57
Saint Vincent and the Grenadines,VCT,2022-03-22,66.65
Saint Vincent and the Grenadines,VCT,2022-03-23,66.69
Saint Vincent and the Grenadines,VCT,2022-03-24,66.71
Saint Vincent and the Grenadines,VCT,2022-03-28,66.78
Saint Vincent and the Grenadines,VCT,2022-03-31,66.86
Saint Vincent and the Grenadines,VCT,2022-04-03,66.9
Saint Vincent and the Grenadines,VCT,2022-04-04,66.91
Saint Vincent and the Grenadines,VCT,2022-04-06,66.93
Saint Vincent and the Grenadines,VCT,2022-04-07,66.95
Saint Vincent and the Grenadines,VCT,2022-04-12,66.99
Saint Vincent and the Grenadines,VCT,2022-04-14,67.1
Saint Vincent and the Grenadines,VCT,2022-04-19,67.11
Saint Vincent and the Grenadines,VCT,2022-04-24,67.12
Saint Vincent and the Grenadines,VCT,2022-04-29,67.37
Saint Vincent and the Grenadines,VCT,2022-05-06,67.39
Saint Vincent and the Grenadines,VCT,2022-05-13,67.41
Saint Vincent and the Grenadines,VCT,2022-05-20,67.91
Saint Vincent and the Grenadines,VCT,2022-06-03,68.07
Saint Vincent and the Grenadines,VCT,2022-06-10,68.32
Saint Vincent and the Grenadines,VCT,2022-06-17,68.34
Saint Vincent and the Grenadines,VCT,2022-06-24,68.53
Saint Vincent and the Grenadines,VCT,2022-07-08,68.64
Saint Vincent and the Grenadines,VCT,2022-07-15,68.83
Saint Vincent and the Grenadines,VCT,2022-07-22,69.03
Samoa,WSM,2021-05-04,3.39
Samoa,WSM,2021-05-11,5.46
Samoa,WSM,2021-05-18,9.4
Samoa,WSM,2021-05-25,13
Samoa,WSM,2021-06-01,14.91
Samoa,WSM,2021-06-08,17.54
Samoa,WSM,2021-06-15,18.39
Samoa,WSM,2021-06-21,20.65
Samoa,WSM,2021-06-29,24.99
Samoa,WSM,2021-07-06,28.41
Samoa,WSM,2021-07-20,32.32
Samoa,WSM,2021-07-27,37.08
Samoa,WSM,2021-08-02,42.24
Samoa,WSM,2021-08-09,45.99
Samoa,WSM,2021-08-16,50.85
Samoa,WSM,2021-08-23,57.12
Samoa,WSM,2021-08-31,61.37
Samoa,WSM,2021-09-07,63.06
Samoa,WSM,2021-09-14,65.17
Samoa,WSM,2021-09-21,68.31
Samoa,WSM,2021-09-28,78.77
Samoa,WSM,2021-10-18,86.24
Samoa,WSM,2021-10-25,88.74
Samoa,WSM,2021-11-01,93.03
Samoa,WSM,2021-11-08,99.52
Samoa,WSM,2021-11-15,102.17
Samoa,WSM,2021-11-30,113.7
Samoa,WSM,2021-12-13,120.17
Samoa,WSM,2021-12-20,120.31
Samoa,WSM,2022-01-11,120.88
Samoa,WSM,2022-01-18,121.33
Samoa,WSM,2022-01-24,122.06
Samoa,WSM,2022-02-14,125.91
Samoa,WSM,2022-02-21,126.29
Samoa,WSM,2022-03-21,139.37
Samoa,WSM,2022-04-04,155.06
Samoa,WSM,2022-04-11,169.75
Samoa,WSM,2022-04-25,180.76
Samoa,WSM,2022-05-02,188.39
Samoa,WSM,2022-05-09,215.18
Samoa,WSM,2022-05-16,218.21
Samoa,WSM,2022-05-23,220.68
Samoa,WSM,2022-06-06,226.13
Samoa,WSM,2022-07-11,226.47
San Marino,SMR,2021-02-27,0.1
San Marino,SMR,2021-03-01,0.81
San Marino,SMR,2021-03-02,1.72
San Marino,SMR,2021-03-03,2.62
San Marino,SMR,2021-03-04,4.1
San Marino,SMR,2021-03-05,5.57
San Marino,SMR,2021-03-06,6.93
San Marino,SMR,2021-03-08,8
San Marino,SMR,2021-03-09,9.08
San Marino,SMR,2021-03-10,10.87
San Marino,SMR,2021-03-11,12.69
San Marino,SMR,2021-03-12,14.24
San Marino,SMR,2021-03-13,14.32
San Marino,SMR,2021-03-14,15.2
San Marino,SMR,2021-03-15,16.09
San Marino,SMR,2021-03-16,18.04
San Marino,SMR,2021-03-17,19.97
San Marino,SMR,2021-03-18,21.72
San Marino,SMR,2021-03-19,23.48
San Marino,SMR,2021-03-22,25.35
San Marino,SMR,2021-03-23,26.92
San Marino,SMR,2021-03-24,28.04
San Marino,SMR,2021-03-26,30.55
San Marino,SMR,2021-03-30,34.85
San Marino,SMR,2021-03-31,36.57
San Marino,SMR,2021-04-02,38.37
San Marino,SMR,2021-04-03,39.93
San Marino,SMR,2021-04-06,41.79
San Marino,SMR,2021-04-07,43.85
San Marino,SMR,2021-04-08,46.44
San Marino,SMR,2021-04-09,48.62
San Marino,SMR,2021-04-10,50.05
San Marino,SMR,2021-04-13,55.81
San Marino,SMR,2021-04-15,60.52
San Marino,SMR,2021-04-16,63.37
San Marino,SMR,2021-04-17,63.39
San Marino,SMR,2021-04-18,64.91
San Marino,SMR,2021-04-20,68.96
San Marino,SMR,2021-04-21,71.9
San Marino,SMR,2021-04-22,74.5
San Marino,SMR,2021-04-23,77.12
San Marino,SMR,2021-04-26,79.7
San Marino,SMR,2021-04-27,82.24
San Marino,SMR,2021-04-29,85.85
San Marino,SMR,2021-05-02,88.72
San Marino,SMR,2021-05-04,91.76
San Marino,SMR,2021-05-05,94.49
San Marino,SMR,2021-05-07,100.79
San Marino,SMR,2021-05-23,124.66
San Marino,SMR,2021-05-24,125.01
San Marino,SMR,2021-05-25,125.78
San Marino,SMR,2021-05-26,125.79
San Marino,SMR,2021-05-27,125.87
San Marino,SMR,2021-05-30,126.03
San Marino,SMR,2021-05-31,127.23
San Marino,SMR,2021-06-01,127.23
San Marino,SMR,2021-06-03,127.23
San Marino,SMR,2021-06-06,127.31
San Marino,SMR,2021-06-07,127.99
San Marino,SMR,2021-06-10,128.82
San Marino,SMR,2021-06-13,128.92
San Marino,SMR,2021-06-14,129.35
San Marino,SMR,2021-06-15,129.41
San Marino,SMR,2021-06-16,129.41
San Marino,SMR,2021-06-20,130.58
San Marino,SMR,2021-06-21,131.51
San Marino,SMR,2021-06-22,131.53
San Marino,SMR,2021-06-23,131.53
San Marino,SMR,2021-06-25,131.66
San Marino,SMR,2021-06-29,131.66
San Marino,SMR,2021-06-30,131.91
San Marino,SMR,2021-07-02,132.33
San Marino,SMR,2021-07-05,132.34
San Marino,SMR,2021-07-12,133.5
San Marino,SMR,2021-07-19,133.6
San Marino,SMR,2021-07-22,133.95
San Marino,SMR,2021-07-28,133.96
San Marino,SMR,2021-07-29,135.08
San Marino,SMR,2021-08-03,136.07
San Marino,SMR,2021-08-04,136.11
San Marino,SMR,2021-08-05,136.13
San Marino,SMR,2021-08-10,136.17
San Marino,SMR,2021-08-12,136.48
San Marino,SMR,2021-08-16,136.51
San Marino,SMR,2021-08-17,136.52
San Marino,SMR,2021-08-18,136.53
San Marino,SMR,2021-08-24,137.72
San Marino,SMR,2021-08-25,137.75
San Marino,SMR,2021-08-29,137.75
San Marino,SMR,2021-09-01,137.96
San Marino,SMR,2021-09-05,137.98
San Marino,SMR,2021-09-08,137.98
San Marino,SMR,2021-09-09,138.01
San Marino,SMR,2021-09-13,139.03
San Marino,SMR,2021-09-20,139.35
San Marino,SMR,2021-10-03,139.36
San Marino,SMR,2021-10-10,140.17
San Marino,SMR,2021-10-24,140.17
San Marino,SMR,2021-10-31,140.76
San Marino,SMR,2021-11-07,141.11
San Marino,SMR,2021-11-21,141.68
San Marino,SMR,2021-11-28,141.75
San Marino,SMR,2021-12-05,144.23
San Marino,SMR,2021-12-12,154.22
San Marino,SMR,2021-12-19,159.85
San Marino,SMR,2022-01-02,168.31
San Marino,SMR,2022-01-09,171.01
San Marino,SMR,2022-01-16,175.85
San Marino,SMR,2022-01-23,182.95
San Marino,SMR,2022-01-30,187.77
San Marino,SMR,2022-02-06,188.72
San Marino,SMR,2022-02-13,189.78
San Marino,SMR,2022-02-20,191.07
San Marino,SMR,2022-03-06,201.33
San Marino,SMR,2022-03-20,202.19
San Marino,SMR,2022-03-27,202.2
San Marino,SMR,2022-04-03,204.71
San Marino,SMR,2022-04-10,204.95
San Marino,SMR,2022-04-17,204.99
San Marino,SMR,2022-05-01,205.24
San Marino,SMR,2022-05-22,205.47
Sao Tome and Principe,STP,2021-03-15,0
Sao Tome and Principe,STP,2021-03-22,1.78
Sao Tome and Principe,STP,2021-03-29,4.36
Sao Tome and Principe,STP,2021-05-18,5.55
Sao Tome and Principe,STP,2021-05-26,6.5
Sao Tome and Principe,STP,2021-05-31,8.47
Sao Tome and Principe,STP,2021-06-08,10.32
Sao Tome and Principe,STP,2021-06-10,10.6
Sao Tome and Principe,STP,2021-06-14,10.72
Sao Tome and Principe,STP,2021-06-24,11.16
Sao Tome and Principe,STP,2021-06-28,12.54
Sao Tome and Principe,STP,2021-07-05,15.24
Sao Tome and Principe,STP,2021-07-12,16.9
Sao Tome and Principe,STP,2021-07-19,18.57
Sao Tome and Principe,STP,2021-07-24,19.7
Sao Tome and Principe,STP,2021-07-26,19.7
Sao Tome and Principe,STP,2021-08-03,19.71
Sao Tome and Principe,STP,2021-08-16,19.72
Sao Tome and Principe,STP,2021-09-01,20.77
Sao Tome and Principe,STP,2021-09-06,22.81
Sao Tome and Principe,STP,2021-09-10,25.62
Sao Tome and Principe,STP,2021-09-17,29.38
Sao Tome and Principe,STP,2021-09-21,32.82
Sao Tome and Principe,STP,2021-09-24,37.06
Sao Tome and Principe,STP,2021-10-02,42.42
Sao Tome and Principe,STP,2021-10-09,45.3
Sao Tome and Principe,STP,2021-10-13,46.07
Sao Tome and Principe,STP,2021-10-15,46.49
Sao Tome and Principe,STP,2021-10-29,48.78
Sao Tome and Principe,STP,2021-11-10,49.16
Sao Tome and Principe,STP,2021-11-21,51.21
Sao Tome and Principe,STP,2021-11-26,54.39
Sao Tome and Principe,STP,2021-12-07,59.48
Sao Tome and Principe,STP,2021-12-09,60.34
Sao Tome and Principe,STP,2021-12-13,61.68
Sao Tome and Principe,STP,2022-01-17,81.68
Sao Tome and Principe,STP,2022-03-01,86.85
Sao Tome and Principe,STP,2022-05-08,93.52
Sao Tome and Principe,STP,2022-05-29,93.52
Sao Tome and Principe,STP,2022-06-05,96.17
Sao Tome and Principe,STP,2022-06-26,98.09
Sao Tome and Principe,STP,2022-07-17,99.35
Saudi Arabia,SAU,2021-01-06,0.38
Saudi Arabia,SAU,2021-01-09,0.5
Saudi Arabia,SAU,2021-01-16,0.82
Saudi Arabia,SAU,2021-01-23,1.09
Saudi Arabia,SAU,2021-01-30,1.23
Saudi Arabia,SAU,2021-02-10,1.24
Saudi Arabia,SAU,2021-02-13,1.24
Saudi Arabia,SAU,2021-02-15,1.29
Saudi Arabia,SAU,2021-02-17,1.4
Saudi Arabia,SAU,2021-02-22,1.67
Saudi Arabia,SAU,2021-02-24,1.78
Saudi Arabia,SAU,2021-02-27,2.17
Saudi Arabia,SAU,2021-03-01,2.46
Saudi Arabia,SAU,2021-03-02,2.79
Saudi Arabia,SAU,2021-03-04,3.29
Saudi Arabia,SAU,2021-03-05,3.52
Saudi Arabia,SAU,2021-03-07,3.71
Saudi Arabia,SAU,2021-03-08,4.13
Saudi Arabia,SAU,2021-03-09,4.41
Saudi Arabia,SAU,2021-03-10,4.69
Saudi Arabia,SAU,2021-03-11,5.07
Saudi Arabia,SAU,2021-03-12,5.39
Saudi Arabia,SAU,2021-03-13,5.79
Saudi Arabia,SAU,2021-03-14,6.21
Saudi Arabia,SAU,2021-03-15,6.66
Saudi Arabia,SAU,2021-03-16,6.84
Saudi Arabia,SAU,2021-03-17,7.18
Saudi Arabia,SAU,2021-03-18,7.5
Saudi Arabia,SAU,2021-03-19,8.13
Saudi Arabia,SAU,2021-03-20,8.36
Saudi Arabia,SAU,2021-03-21,8.89
Saudi Arabia,SAU,2021-03-22,9.3
Saudi Arabia,SAU,2021-03-23,9.75
Saudi Arabia,SAU,2021-03-24,10.17
Saudi Arabia,SAU,2021-03-25,10.6
Saudi Arabia,SAU,2021-03-26,10.84
Saudi Arabia,SAU,2021-03-27,11.14
Saudi Arabia,SAU,2021-03-28,11.5
Saudi Arabia,SAU,2021-03-29,11.82
Saudi Arabia,SAU,2021-03-30,12.03
Saudi Arabia,SAU,2021-03-31,12.33
Saudi Arabia,SAU,2021-04-01,12.75
Saudi Arabia,SAU,2021-04-02,13.15
Saudi Arabia,SAU,2021-04-03,13.57
Saudi Arabia,SAU,2021-04-04,13.91
Saudi Arabia,SAU,2021-04-05,14.24
Saudi Arabia,SAU,2021-04-06,14.87
Saudi Arabia,SAU,2021-04-07,15.52
Saudi Arabia,SAU,2021-04-08,16.26
Saudi Arabia,SAU,2021-04-09,16.66
Saudi Arabia,SAU,2021-04-10,17.06
Saudi Arabia,SAU,2021-04-11,17.49
Saudi Arabia,SAU,2021-04-12,17.83
Saudi Arabia,SAU,2021-04-13,18.16
Saudi Arabia,SAU,2021-04-14,18.31
Saudi Arabia,SAU,2021-04-15,18.7
Saudi Arabia,SAU,2021-04-16,19
Saudi Arabia,SAU,2021-04-17,19.45
Saudi Arabia,SAU,2021-04-18,20
Saudi Arabia,SAU,2021-04-19,20.38
Saudi Arabia,SAU,2021-04-20,20.75
Saudi Arabia,SAU,2021-04-21,21.29
Saudi Arabia,SAU,2021-04-22,21.72
Saudi Arabia,SAU,2021-04-23,22.1
Saudi Arabia,SAU,2021-04-24,22.42
Saudi Arabia,SAU,2021-04-25,22.99
Saudi Arabia,SAU,2021-04-26,23.61
Saudi Arabia,SAU,2021-04-27,24.18
Saudi Arabia,SAU,2021-04-28,24.7
Saudi Arabia,SAU,2021-04-29,25.13
Saudi Arabia,SAU,2021-04-30,25.99
Saudi Arabia,SAU,2021-05-01,26.39
Saudi Arabia,SAU,2021-05-02,26.86
Saudi Arabia,SAU,2021-05-03,27.18
Saudi Arabia,SAU,2021-05-04,27.37
Saudi Arabia,SAU,2021-05-05,27.68
Saudi Arabia,SAU,2021-05-06,28.12
Saudi Arabia,SAU,2021-05-07,28.57
Saudi Arabia,SAU,2021-05-08,29.05
Saudi Arabia,SAU,2021-05-09,29.57
Saudi Arabia,SAU,2021-05-10,29.93
Saudi Arabia,SAU,2021-05-11,30.49
Saudi Arabia,SAU,2021-05-12,30.87
Saudi Arabia,SAU,2021-05-13,31.14
Saudi Arabia,SAU,2021-05-14,31.47
Saudi Arabia,SAU,2021-05-15,31.96
Saudi Arabia,SAU,2021-05-16,32.46
Saudi Arabia,SAU,2021-05-17,32.9
Saudi Arabia,SAU,2021-05-18,33.43
Saudi Arabia,SAU,2021-05-19,34.01
Saudi Arabia,SAU,2021-05-20,34.59
Saudi Arabia,SAU,2021-05-21,35.09
Saudi Arabia,SAU,2021-05-22,35.58
Saudi Arabia,SAU,2021-05-23,35.83
Saudi Arabia,SAU,2021-05-24,36.2
Saudi Arabia,SAU,2021-05-25,36.67
Saudi Arabia,SAU,2021-05-26,37.28
Saudi Arabia,SAU,2021-05-27,37.78
Saudi Arabia,SAU,2021-05-28,38.17
Saudi Arabia,SAU,2021-05-29,38.46
Saudi Arabia,SAU,2021-05-30,39.06
Saudi Arabia,SAU,2021-05-31,39.52
Saudi Arabia,SAU,2021-06-01,39.87
Saudi Arabia,SAU,2021-06-02,40.37
Saudi Arabia,SAU,2021-06-03,40.69
Saudi Arabia,SAU,2021-06-04,40.98
Saudi Arabia,SAU,2021-06-05,41.29
Saudi Arabia,SAU,2021-06-06,41.66
Saudi Arabia,SAU,2021-06-07,42
Saudi Arabia,SAU,2021-06-08,42.34
Saudi Arabia,SAU,2021-06-09,42.73
Saudi Arabia,SAU,2021-06-10,43.1
Saudi Arabia,SAU,2021-06-11,43.41
Saudi Arabia,SAU,2021-06-12,43.69
Saudi Arabia,SAU,2021-06-13,44.05
Saudi Arabia,SAU,2021-06-14,44.46
Saudi Arabia,SAU,2021-06-15,44.81
Saudi Arabia,SAU,2021-06-16,45.14
Saudi Arabia,SAU,2021-06-17,45.52
Saudi Arabia,SAU,2021-06-18,45.78
Saudi Arabia,SAU,2021-06-19,46.03
Saudi Arabia,SAU,2021-06-20,46.31
Saudi Arabia,SAU,2021-06-21,46.55
Saudi Arabia,SAU,2021-06-22,46.86
Saudi Arabia,SAU,2021-06-23,47.1
Saudi Arabia,SAU,2021-06-24,47.38
Saudi Arabia,SAU,2021-06-25,47.59
Saudi Arabia,SAU,2021-06-26,47.89
Saudi Arabia,SAU,2021-06-27,48.23
Saudi Arabia,SAU,2021-06-28,48.64
Saudi Arabia,SAU,2021-06-29,49.16
Saudi Arabia,SAU,2021-06-30,49.74
Saudi Arabia,SAU,2021-07-01,50.12
Saudi Arabia,SAU,2021-07-02,50.62
Saudi Arabia,SAU,2021-07-03,50.96
Saudi Arabia,SAU,2021-07-04,51.35
Saudi Arabia,SAU,2021-07-05,52.01
Saudi Arabia,SAU,2021-07-06,52.55
Saudi Arabia,SAU,2021-07-07,53.03
Saudi Arabia,SAU,2021-07-08,53.58
Saudi Arabia,SAU,2021-07-09,53.95
Saudi Arabia,SAU,2021-07-10,54.48
Saudi Arabia,SAU,2021-07-11,55.15
Saudi Arabia,SAU,2021-07-12,56.27
Saudi Arabia,SAU,2021-07-13,57.29
Saudi Arabia,SAU,2021-07-14,58.68
Saudi Arabia,SAU,2021-07-15,59.96
Saudi Arabia,SAU,2021-07-16,61
Saudi Arabia,SAU,2021-07-17,61.93
Saudi Arabia,SAU,2021-07-18,62.99
Saudi Arabia,SAU,2021-07-19,63.62
Saudi Arabia,SAU,2021-07-20,64.2
Saudi Arabia,SAU,2021-07-21,65.05
Saudi Arabia,SAU,2021-07-22,66
Saudi Arabia,SAU,2021-07-23,66.78
Saudi Arabia,SAU,2021-07-24,67.63
Saudi Arabia,SAU,2021-07-25,68.67
Saudi Arabia,SAU,2021-07-26,69.71
Saudi Arabia,SAU,2021-07-27,70.83
Saudi Arabia,SAU,2021-07-28,71.97
Saudi Arabia,SAU,2021-07-29,73.09
Saudi Arabia,SAU,2021-07-30,73.9
Saudi Arabia,SAU,2021-07-31,74.74
Saudi Arabia,SAU,2021-08-01,76
Saudi Arabia,SAU,2021-08-02,77.36
Saudi Arabia,SAU,2021-08-03,78.61
Saudi Arabia,SAU,2021-08-04,79.51
Saudi Arabia,SAU,2021-08-05,80.93
Saudi Arabia,SAU,2021-08-06,81.56
Saudi Arabia,SAU,2021-08-07,82.34
Saudi Arabia,SAU,2021-08-08,83.31
Saudi Arabia,SAU,2021-08-09,84.06
Saudi Arabia,SAU,2021-08-10,84.96
Saudi Arabia,SAU,2021-08-11,85.96
Saudi Arabia,SAU,2021-08-12,87
Saudi Arabia,SAU,2021-08-13,87.49
Saudi Arabia,SAU,2021-08-14,88.05
Saudi Arabia,SAU,2021-08-15,88.92
Saudi Arabia,SAU,2021-08-16,89.79
Saudi Arabia,SAU,2021-08-17,90.71
Saudi Arabia,SAU,2021-08-18,91.63
Saudi Arabia,SAU,2021-08-19,92.55
Saudi Arabia,SAU,2021-08-20,93.15
Saudi Arabia,SAU,2021-08-21,93.84
Saudi Arabia,SAU,2021-08-22,94.86
Saudi Arabia,SAU,2021-08-23,95.88
Saudi Arabia,SAU,2021-08-24,96.89
Saudi Arabia,SAU,2021-08-25,97.82
Saudi Arabia,SAU,2021-08-26,98.81
Saudi Arabia,SAU,2021-08-27,99.43
Saudi Arabia,SAU,2021-08-28,100.21
Saudi Arabia,SAU,2021-08-29,101.58
Saudi Arabia,SAU,2021-08-30,102.47
Saudi Arabia,SAU,2021-08-31,103.29
Saudi Arabia,SAU,2021-09-01,103.9
Saudi Arabia,SAU,2021-09-02,104.57
Saudi Arabia,SAU,2021-09-03,104.87
Saudi Arabia,SAU,2021-09-04,105.24
Saudi Arabia,SAU,2021-09-05,105.89
Saudi Arabia,SAU,2021-09-06,106.44
Saudi Arabia,SAU,2021-09-07,107.07
Saudi Arabia,SAU,2021-09-08,107.76
Saudi Arabia,SAU,2021-09-09,108.51
Saudi Arabia,SAU,2021-09-10,108.94
Saudi Arabia,SAU,2021-09-11,109.46
Saudi Arabia,SAU,2021-09-12,110.17
Saudi Arabia,SAU,2021-09-13,110.82
Saudi Arabia,SAU,2021-09-14,111.36
Saudi Arabia,SAU,2021-09-15,111.89
Saudi Arabia,SAU,2021-09-16,112.6
Saudi Arabia,SAU,2021-09-17,112.86
Saudi Arabia,SAU,2021-09-18,113.21
Saudi Arabia,SAU,2021-09-19,113.73
Saudi Arabia,SAU,2021-09-20,114.14
Saudi Arabia,SAU,2021-09-21,114.54
Saudi Arabia,SAU,2021-09-22,114.85
Saudi Arabia,SAU,2021-09-23,115.05
Saudi Arabia,SAU,2021-09-24,115.17
Saudi Arabia,SAU,2021-09-25,115.41
Saudi Arabia,SAU,2021-09-26,115.83
Saudi Arabia,SAU,2021-09-27,116.19
Saudi Arabia,SAU,2021-09-28,116.51
Saudi Arabia,SAU,2021-09-29,116.8
Saudi Arabia,SAU,2021-09-30,117.13
Saudi Arabia,SAU,2021-10-01,117.28
Saudi Arabia,SAU,2021-10-02,117.57
Saudi Arabia,SAU,2021-10-03,118.04
Saudi Arabia,SAU,2021-10-04,118.49
Saudi Arabia,SAU,2021-10-05,118.91
Saudi Arabia,SAU,2021-10-06,119.37
Saudi Arabia,SAU,2021-10-07,119.88
Saudi Arabia,SAU,2021-10-08,120.14
Saudi Arabia,SAU,2021-10-09,120.54
Saudi Arabia,SAU,2021-10-10,121.32
Saudi Arabia,SAU,2021-10-11,121.98
Saudi Arabia,SAU,2021-10-12,122.54
Saudi Arabia,SAU,2021-10-13,123
Saudi Arabia,SAU,2021-10-14,123.43
Saudi Arabia,SAU,2021-10-15,123.62
Saudi Arabia,SAU,2021-10-16,123.84
Saudi Arabia,SAU,2021-10-17,124.21
Saudi Arabia,SAU,2021-10-18,124.34
Saudi Arabia,SAU,2021-10-19,124.79
Saudi Arabia,SAU,2021-10-20,125.04
Saudi Arabia,SAU,2021-10-21,125.29
Saudi Arabia,SAU,2021-10-22,125.43
Saudi Arabia,SAU,2021-10-23,125.65
Saudi Arabia,SAU,2021-10-24,125.91
Saudi Arabia,SAU,2021-10-25,126.15
Saudi Arabia,SAU,2021-10-26,126.36
Saudi Arabia,SAU,2021-10-27,126.56
Saudi Arabia,SAU,2021-10-28,126.75
Saudi Arabia,SAU,2021-10-29,126.83
Saudi Arabia,SAU,2021-10-30,126.96
Saudi Arabia,SAU,2021-10-31,127.18
Saudi Arabia,SAU,2021-11-01,127.35
Saudi Arabia,SAU,2021-11-02,128.29
Saudi Arabia,SAU,2021-11-03,128.44
Saudi Arabia,SAU,2021-11-04,128.58
Saudi Arabia,SAU,2021-11-05,128.71
Saudi Arabia,SAU,2021-11-06,128.76
Saudi Arabia,SAU,2021-11-09,129.31
Saudi Arabia,SAU,2021-11-10,129.47
Saudi Arabia,SAU,2021-11-11,129.66
Saudi Arabia,SAU,2021-11-12,129.73
Saudi Arabia,SAU,2021-11-13,129.82
Saudi Arabia,SAU,2021-11-14,130.02
Saudi Arabia,SAU,2021-11-15,130.2
Saudi Arabia,SAU,2021-11-16,130.26
Saudi Arabia,SAU,2021-11-17,130.49
Saudi Arabia,SAU,2021-11-18,130.62
Saudi Arabia,SAU,2021-11-19,130.68
Saudi Arabia,SAU,2021-11-20,130.77
Saudi Arabia,SAU,2021-11-21,130.91
Saudi Arabia,SAU,2021-11-22,131.05
Saudi Arabia,SAU,2021-11-23,131.17
Saudi Arabia,SAU,2021-11-24,131.29
Saudi Arabia,SAU,2021-11-25,131.42
Saudi Arabia,SAU,2021-11-26,131.47
Saudi Arabia,SAU,2021-11-27,131.55
Saudi Arabia,SAU,2021-11-28,131.6
Saudi Arabia,SAU,2021-11-29,131.83
Saudi Arabia,SAU,2021-11-30,131.97
Saudi Arabia,SAU,2021-12-01,131.99
Saudi Arabia,SAU,2021-12-03,132.23
Saudi Arabia,SAU,2021-12-04,132.48
Saudi Arabia,SAU,2021-12-05,132.69
Saudi Arabia,SAU,2021-12-06,132.87
Saudi Arabia,SAU,2021-12-07,133.05
Saudi Arabia,SAU,2021-12-08,133.23
Saudi Arabia,SAU,2021-12-09,133.4
Saudi Arabia,SAU,2021-12-10,133.47
Saudi Arabia,SAU,2021-12-11,133.58
Saudi Arabia,SAU,2021-12-12,133.76
Saudi Arabia,SAU,2021-12-13,133.81
Saudi Arabia,SAU,2021-12-14,134.04
Saudi Arabia,SAU,2021-12-15,134.16
Saudi Arabia,SAU,2021-12-16,134.28
Saudi Arabia,SAU,2021-12-17,134.33
Saudi Arabia,SAU,2021-12-18,134.42
Saudi Arabia,SAU,2021-12-19,134.58
Saudi Arabia,SAU,2021-12-20,134.84
Saudi Arabia,SAU,2021-12-21,135.31
Saudi Arabia,SAU,2021-12-22,135.92
Saudi Arabia,SAU,2021-12-23,136.61
Saudi Arabia,SAU,2021-12-24,137
Saudi Arabia,SAU,2021-12-25,137.48
Saudi Arabia,SAU,2021-12-26,138.25
Saudi Arabia,SAU,2021-12-27,138.95
Saudi Arabia,SAU,2021-12-28,139.68
Saudi Arabia,SAU,2021-12-29,140.41
Saudi Arabia,SAU,2021-12-30,141.18
Saudi Arabia,SAU,2021-12-31,141.57
Saudi Arabia,SAU,2022-01-01,141.95
Saudi Arabia,SAU,2022-01-02,142.59
Saudi Arabia,SAU,2022-01-03,143.24
Saudi Arabia,SAU,2022-01-04,143.9
Saudi Arabia,SAU,2022-01-05,144.55
Saudi Arabia,SAU,2022-01-06,145.24
Saudi Arabia,SAU,2022-01-07,145.56
Saudi Arabia,SAU,2022-01-08,145.95
Saudi Arabia,SAU,2022-01-09,146.56
Saudi Arabia,SAU,2022-01-10,147.15
Saudi Arabia,SAU,2022-01-11,147.7
Saudi Arabia,SAU,2022-01-12,148.3
Saudi Arabia,SAU,2022-01-13,148.91
Saudi Arabia,SAU,2022-01-14,149.25
Saudi Arabia,SAU,2022-01-15,149.66
Saudi Arabia,SAU,2022-01-16,150.18
Saudi Arabia,SAU,2022-01-17,150.74
Saudi Arabia,SAU,2022-01-18,151.22
Saudi Arabia,SAU,2022-01-19,151.87
Saudi Arabia,SAU,2022-01-21,152.55
Saudi Arabia,SAU,2022-01-23,154.24
Saudi Arabia,SAU,2022-01-24,155.11
Saudi Arabia,SAU,2022-01-25,155.8
Saudi Arabia,SAU,2022-01-26,156.49
Saudi Arabia,SAU,2022-01-27,157.22
Saudi Arabia,SAU,2022-01-28,157.61
Saudi Arabia,SAU,2022-01-29,157.74
Saudi Arabia,SAU,2022-01-31,159.47
Saudi Arabia,SAU,2022-02-01,160.19
Saudi Arabia,SAU,2022-02-02,160.92
Saudi Arabia,SAU,2022-02-03,161.6
Saudi Arabia,SAU,2022-02-04,161.97
Saudi Arabia,SAU,2022-02-05,162.4
Saudi Arabia,SAU,2022-02-06,162.91
Saudi Arabia,SAU,2022-02-07,163.37
Saudi Arabia,SAU,2022-02-08,163.77
Saudi Arabia,SAU,2022-02-09,164.15
Saudi Arabia,SAU,2022-02-10,164.62
Saudi Arabia,SAU,2022-02-11,164.85
Saudi Arabia,SAU,2022-02-12,165.12
Saudi Arabia,SAU,2022-02-13,165.53
Saudi Arabia,SAU,2022-02-14,165.89
Saudi Arabia,SAU,2022-02-15,166.23
Saudi Arabia,SAU,2022-02-16,166.55
Saudi Arabia,SAU,2022-02-17,166.93
Saudi Arabia,SAU,2022-02-18,167.11
Saudi Arabia,SAU,2022-02-19,167.32
Saudi Arabia,SAU,2022-02-20,167.64
Saudi Arabia,SAU,2022-02-21,167.93
Saudi Arabia,SAU,2022-02-22,168.04
Saudi Arabia,SAU,2022-02-23,168.35
Saudi Arabia,SAU,2022-02-24,168.67
Saudi Arabia,SAU,2022-02-25,168.83
Saudi Arabia,SAU,2022-02-26,169.01
Saudi Arabia,SAU,2022-02-27,169.23
Saudi Arabia,SAU,2022-02-28,169.55
Saudi Arabia,SAU,2022-06-20,185.54
Scotland,,2021-01-10,3.04
Scotland,,2021-01-11,3.27
Scotland,,2021-01-12,3.57
Scotland,,2021-01-13,3.87
Scotland,,2021-01-14,4.17
Scotland,,2021-01-15,4.49
Scotland,,2021-01-16,4.83
Scotland,,2021-01-17,4.92
Scotland,,2021-01-18,5.28
Scotland,,2021-01-19,5.75
Scotland,,2021-01-20,6.21
Scotland,,2021-01-21,6.64
Scotland,,2021-01-22,7.06
Scotland,,2021-01-23,7.49
Scotland,,2021-01-24,7.7
Scotland,,2021-01-25,8.12
Scotland,,2021-01-26,8.57
Scotland,,2021-01-27,9.12
Scotland,,2021-01-28,9.57
Scotland,,2021-01-29,10.08
Scotland,,2021-01-30,10.5
Scotland,,2021-01-31,10.68
Scotland,,2021-02-01,11.33
Scotland,,2021-02-02,12.04
Scotland,,2021-02-03,12.87
Scotland,,2021-02-04,13.76
Scotland,,2021-02-05,14.58
Scotland,,2021-02-06,15.55
Scotland,,2021-02-07,16.05
Scotland,,2021-02-08,17.2
Scotland,,2021-02-09,18.27
Scotland,,2021-02-10,19.43
Scotland,,2021-02-11,20.62
Scotland,,2021-02-12,21.72
Scotland,,2021-02-13,22.65
Scotland,,2021-02-14,23.23
Scotland,,2021-02-15,23.88
Scotland,,2021-02-16,24.52
Scotland,,2021-02-17,25.23
Scotland,,2021-02-18,25.89
Scotland,,2021-02-19,26.46
Scotland,,2021-02-20,26.85
Scotland,,2021-02-21,27.13
Scotland,,2021-02-22,27.6
Scotland,,2021-02-23,28.14
Scotland,,2021-02-24,28.77
Scotland,,2021-02-25,29.42
Scotland,,2021-02-26,30.05
Scotland,,2021-02-27,30.56
Scotland,,2021-02-28,30.93
Scotland,,2021-03-01,31.45
Scotland,,2021-03-02,32.1
Scotland,,2021-03-03,32.72
Scotland,,2021-03-04,33.4
Scotland,,2021-03-05,33.99
Scotland,,2021-03-06,34.32
Scotland,,2021-03-07,34.64
Scotland,,2021-03-08,35
Scotland,,2021-03-09,35.53
Scotland,,2021-03-10,35.99
Scotland,,2021-03-11,36.48
Scotland,,2021-03-12,37.02
Scotland,,2021-03-13,37.48
Scotland,,2021-03-14,37.89
Scotland,,2021-03-15,38.68
Scotland,,2021-03-16,39.58
Scotland,,2021-03-17,40.53
Scotland,,2021-03-18,41.49
Scotland,,2021-03-19,42.48
Scotland,,2021-03-20,43.27
Scotland,,2021-03-21,44.04
Scotland,,2021-03-22,44.83
Scotland,,2021-03-23,45.72
Scotland,,2021-03-24,46.63
Scotland,,2021-03-25,47.62
Scotland,,2021-03-26,48.55
Scotland,,2021-03-27,49.46
Scotland,,2021-03-28,50.17
Scotland,,2021-03-29,50.97
Scotland,,2021-03-30,51.91
Scotland,,2021-03-31,52.92
Scotland,,2021-04-01,53.61
Scotland,,2021-04-02,54.35
Scotland,,2021-04-03,54.97
Scotland,,2021-04-04,55.28
Scotland,,2021-04-05,55.65
Scotland,,2021-04-06,56.22
Scotland,,2021-04-07,56.88
Scotland,,2021-04-08,57.64
Scotland,,2021-04-09,58.46
Scotland,,2021-04-10,59.03
Scotland,,2021-04-11,59.62
Scotland,,2021-04-12,60.15
Scotland,,2021-04-13,60.91
Scotland,,2021-04-14,61.67
Scotland,,2021-04-15,62.4
Scotland,,2021-04-16,63.1
Scotland,,2021-04-17,63.71
Scotland,,2021-04-18,64.12
Scotland,,2021-04-19,64.9
Scotland,,2021-04-20,65.87
Scotland,,2021-04-21,66.84
Scotland,,2021-04-22,67.83
Scotland,,2021-04-23,68.75
Scotland,,2021-04-24,69.77
Scotland,,2021-04-25,70.3
Scotland,,2021-04-26,71.07
Scotland,,2021-04-27,71.95
Scotland,,2021-04-28,72.84
Scotland,,2021-04-29,73.67
Scotland,,2021-04-30,74.56
Scotland,,2021-05-01,75.29
Scotland,,2021-05-02,75.95
Scotland,,2021-05-03,76.51
Scotland,,2021-05-04,77.22
Scotland,,2021-05-05,77.95
Scotland,,2021-05-06,78.68
Scotland,,2021-05-07,79.29
Scotland,,2021-05-08,79.88
Scotland,,2021-05-09,80.4
Scotland,,2021-05-10,81.15
Scotland,,2021-05-11,81.88
Scotland,,2021-05-12,82.68
Scotland,,2021-05-13,83.45
Scotland,,2021-05-14,84.21
Scotland,,2021-05-15,84.91
Scotland,,2021-05-16,85.52
Scotland,,2021-05-17,86.25
Scotland,,2021-05-18,87.01
Scotland,,2021-05-19,87.92
Scotland,,2021-05-20,88.75
Scotland,,2021-05-21,89.58
Scotland,,2021-05-22,90.34
Scotland,,2021-05-23,91
Scotland,,2021-05-24,91.83
Scotland,,2021-05-25,92.75
Scotland,,2021-05-26,93.62
Scotland,,2021-05-27,94.53
Scotland,,2021-05-28,95.39
Scotland,,2021-05-29,96.18
Scotland,,2021-05-30,96.88
Scotland,,2021-05-31,97.74
Scotland,,2021-06-01,98.65
Scotland,,2021-06-02,99.59
Scotland,,2021-06-03,100.56
Scotland,,2021-06-04,101.51
Scotland,,2021-06-05,102.33
Scotland,,2021-06-06,103.14
Scotland,,2021-06-07,104.03
Scotland,,2021-06-08,104.94
Scotland,,2021-06-09,105.86
Scotland,,2021-06-10,106.74
Scotland,,2021-06-11,107.58
Scotland,,2021-06-12,108.36
Scotland,,2021-06-13,109.12
Scotland,,2021-06-14,109.8
Scotland,,2021-06-15,110.59
Scotland,,2021-06-16,111.38
Scotland,,2021-06-17,112.1
Scotland,,2021-06-18,112.82
Scotland,,2021-06-19,113.47
Scotland,,2021-06-20,114.06
Scotland,,2021-06-21,114.66
Scotland,,2021-06-22,115.24
Scotland,,2021-06-23,115.75
Scotland,,2021-06-24,116.3
Scotland,,2021-06-25,117.03
Scotland,,2021-06-26,117.58
Scotland,,2021-06-27,118.13
Scotland,,2021-06-28,118.61
Scotland,,2021-06-29,119.13
Scotland,,2021-06-30,119.63
Scotland,,2021-07-01,120.18
Scotland,,2021-07-02,120.63
Scotland,,2021-07-03,121.11
Scotland,,2021-07-04,121.54
Scotland,,2021-07-05,122.04
Scotland,,2021-07-06,122.56
Scotland,,2021-07-07,123.07
Scotland,,2021-07-08,123.58
Scotland,,2021-07-09,124.06
Scotland,,2021-07-10,124.51
Scotland,,2021-07-11,124.91
Scotland,,2021-07-12,125.23
Scotland,,2021-07-13,125.56
Scotland,,2021-07-14,125.94
Scotland,,2021-07-15,126.3
Scotland,,2021-07-16,126.69
Scotland,,2021-07-17,127
Scotland,,2021-07-18,127.35
Scotland,,2021-07-19,127.69
Scotland,,2021-07-20,128.02
Scotland,,2021-07-21,128.4
Scotland,,2021-07-22,128.74
Scotland,,2021-07-23,129.15
Scotland,,2021-07-24,129.47
Scotland,,2021-07-25,129.72
Scotland,,2021-07-26,130.07
Scotland,,2021-07-27,130.42
Scotland,,2021-07-28,130.82
Scotland,,2021-07-29,131.18
Scotland,,2021-07-30,131.54
Scotland,,2021-07-31,131.89
Scotland,,2021-08-01,132.22
Scotland,,2021-08-02,132.56
Scotland,,2021-08-03,132.93
Scotland,,2021-08-04,133.32
Scotland,,2021-08-05,133.68
Scotland,,2021-08-06,134.07
Scotland,,2021-08-07,134.44
Scotland,,2021-08-08,134.81
Scotland,,2021-08-09,135.15
Scotland,,2021-08-10,135.56
Scotland,,2021-08-11,135.99
Scotland,,2021-08-12,136.43
Scotland,,2021-08-13,136.87
Scotland,,2021-08-14,137.3
Scotland,,2021-08-15,137.69
Scotland,,2021-08-16,138.01
Scotland,,2021-08-17,138.39
Scotland,,2021-08-18,138.7
Scotland,,2021-08-19,139.01
Scotland,,2021-08-20,139.36
Scotland,,2021-08-21,139.71
Scotland,,2021-08-22,140.04
Scotland,,2021-08-23,140.37
Scotland,,2021-08-24,140.73
Scotland,,2021-08-25,141.05
Scotland,,2021-08-26,141.33
Scotland,,2021-08-27,141.58
Scotland,,2021-08-28,141.91
Scotland,,2021-08-29,142.18
Scotland,,2021-08-30,142.47
Scotland,,2021-08-31,142.7
Scotland,,2021-09-01,142.9
Scotland,,2021-09-02,143.14
Scotland,,2021-09-03,143.34
Scotland,,2021-09-04,143.59
Scotland,,2021-09-05,143.85
Scotland,,2021-09-06,144.01
Scotland,,2021-09-07,144.18
Scotland,,2021-09-08,144.36
Scotland,,2021-09-09,144.49
Scotland,,2021-09-10,144.66
Scotland,,2021-09-11,144.86
Scotland,,2021-09-12,145.04
Scotland,,2021-09-13,145.14
Scotland,,2021-09-14,145.23
Scotland,,2021-09-15,145.35
Scotland,,2021-09-16,145.43
Scotland,,2021-09-17,145.52
Scotland,,2021-09-18,145.66
Scotland,,2021-09-19,145.78
Scotland,,2021-09-20,145.89
Scotland,,2021-09-21,145.98
Scotland,,2021-09-22,146.08
Scotland,,2021-09-23,146.15
Scotland,,2021-09-24,146.3
Scotland,,2021-09-25,146.43
Scotland,,2021-09-26,146.57
Scotland,,2021-09-27,146.67
Scotland,,2021-09-28,146.76
Scotland,,2021-09-29,146.86
Scotland,,2021-09-30,146.99
Scotland,,2021-10-01,147.14
Scotland,,2021-10-02,147.34
Scotland,,2021-10-03,147.55
Scotland,,2021-10-04,147.7
Scotland,,2021-10-05,147.85
Scotland,,2021-10-06,148
Scotland,,2021-10-07,148.16
Scotland,,2021-10-08,148.3
Scotland,,2021-10-09,148.48
Scotland,,2021-10-10,148.66
Scotland,,2021-10-11,148.78
Scotland,,2021-10-12,148.9
Scotland,,2021-10-13,153.97
Scotland,,2021-10-14,154.46
Scotland,,2021-10-15,154.96
Scotland,,2021-10-16,155.42
Scotland,,2021-10-17,155.84
Scotland,,2021-10-18,156.38
Scotland,,2021-10-19,156.97
Scotland,,2021-10-20,157.6
Scotland,,2021-10-21,158.23
Scotland,,2021-10-22,158.84
Scotland,,2021-10-23,159.52
Scotland,,2021-10-24,160.05
Scotland,,2021-10-25,160.63
Scotland,,2021-10-26,161.22
Scotland,,2021-10-27,161.84
Scotland,,2021-10-28,162.48
Scotland,,2021-10-29,163.07
Scotland,,2021-10-30,163.66
Scotland,,2021-10-31,164.13
Scotland,,2021-11-01,164.62
Scotland,,2021-11-02,165.13
Scotland,,2021-11-03,166.27
Scotland,,2021-11-04,166.93
Scotland,,2021-11-05,167.6
Scotland,,2021-11-06,168.23
Scotland,,2021-11-07,168.82
Scotland,,2021-11-08,169.42
Scotland,,2021-11-09,170.07
Scotland,,2021-11-10,170.75
Scotland,,2021-11-11,171.4
Scotland,,2021-11-12,172.02
Scotland,,2021-11-13,172.63
Scotland,,2021-11-14,173.21
Scotland,,2021-11-15,173.79
Scotland,,2021-11-16,174.43
Scotland,,2021-11-17,175.18
Scotland,,2021-11-18,175.88
Scotland,,2021-11-19,176.54
Scotland,,2021-11-20,177.18
Scotland,,2021-11-21,177.76
Scotland,,2021-11-22,178.37
Scotland,,2021-11-23,179.02
Scotland,,2021-11-24,179.67
Scotland,,2021-11-25,180.31
Scotland,,2021-11-26,180.9
Scotland,,2021-11-27,181.51
Scotland,,2021-11-28,182.1
Scotland,,2021-11-29,182.66
Scotland,,2021-11-30,183.34
Scotland,,2021-12-01,184.01
Scotland,,2021-12-02,184.7
Scotland,,2021-12-03,185.35
Scotland,,2021-12-04,186.06
Scotland,,2021-12-05,186.68
Scotland,,2021-12-06,187.34
Scotland,,2021-12-07,188.16
Scotland,,2021-12-08,188.93
Scotland,,2021-12-09,189.71
Scotland,,2021-12-10,190.43
Scotland,,2021-12-11,191.23
Scotland,,2021-12-12,192.02
Scotland,,2021-12-13,192.85
Scotland,,2021-12-14,193.93
Scotland,,2021-12-15,195.1
Scotland,,2021-12-16,196.33
Scotland,,2021-12-17,197.5
Scotland,,2021-12-18,198.76
Scotland,,2021-12-19,199.91
Scotland,,2021-12-20,201.28
Scotland,,2021-12-21,202.79
Scotland,,2021-12-22,204.22
Scotland,,2021-12-23,205.38
Scotland,,2021-12-27,206.08
Scotland,,2021-12-28,206.58
Scotland,,2021-12-29,207.44
Scotland,,2021-12-30,208.15
Scotland,,2021-12-31,208.43
Scotland,,2022-01-01,208.43
Scotland,,2022-01-02,208.43
Scotland,,2022-01-03,208.81
Scotland,,2022-01-04,209.08
Scotland,,2022-01-05,209.71
Scotland,,2022-01-06,210.19
Scotland,,2022-01-07,210.65
Scotland,,2022-01-08,211.09
Scotland,,2022-01-09,211.42
Scotland,,2022-01-10,211.78
Scotland,,2022-01-11,212.13
Scotland,,2022-01-12,212.45
Scotland,,2022-01-13,212.75
Scotland,,2022-01-14,213.08
Scotland,,2022-01-15,213.54
Scotland,,2022-01-16,213.91
Scotland,,2022-01-17,214.15
Scotland,,2022-01-18,214.37
Scotland,,2022-01-19,214.56
Scotland,,2022-01-20,214.81
Scotland,,2022-01-21,215.02
Scotland,,2022-01-22,215.22
Scotland,,2022-01-23,215.38
Scotland,,2022-01-24,215.57
Scotland,,2022-01-25,215.75
Scotland,,2022-01-26,215.9
Scotland,,2022-01-27,216.05
Scotland,,2022-01-28,216.22
Scotland,,2022-01-29,216.36
Scotland,,2022-01-30,216.51
Scotland,,2022-01-31,216.7
Scotland,,2022-02-01,216.8
Scotland,,2022-02-02,216.92
Scotland,,2022-02-03,217.02
Scotland,,2022-02-04,217.14
Scotland,,2022-02-05,217.25
Scotland,,2022-02-06,217.34
Scotland,,2022-02-07,217.45
Scotland,,2022-02-08,217.55
Scotland,,2022-02-09,217.66
Scotland,,2022-02-10,217.77
Scotland,,2022-02-11,217.94
Scotland,,2022-02-12,218.05
Scotland,,2022-02-13,218.14
Scotland,,2022-02-14,218.3
Scotland,,2022-02-15,218.46
Scotland,,2022-02-16,218.6
Scotland,,2022-02-17,218.75
Scotland,,2022-02-18,218.9
Scotland,,2022-02-19,219.05
Scotland,,2022-02-20,219.2
Scotland,,2022-02-21,219.35
Scotland,,2022-02-22,219.49
Scotland,,2022-02-23,219.61
Scotland,,2022-02-24,219.71
Scotland,,2022-02-25,219.83
Scotland,,2022-02-26,219.92
Scotland,,2022-02-27,219.98
Scotland,,2022-02-28,220.06
Scotland,,2022-03-01,220.14
Scotland,,2022-03-02,220.22
Scotland,,2022-03-03,220.3
Scotland,,2022-03-04,220.37
Scotland,,2022-03-05,220.43
Scotland,,2022-03-06,220.5
Scotland,,2022-03-07,220.57
Scotland,,2022-03-08,220.65
Scotland,,2022-03-09,220.72
Scotland,,2022-03-10,220.77
Scotland,,2022-03-14,221.02
Scotland,,2022-03-15,221.07
Scotland,,2022-03-17,221.17
Scotland,,2022-03-18,221.22
Scotland,,2022-03-19,221.3
Scotland,,2022-03-20,221.38
Scotland,,2022-03-21,221.45
Scotland,,2022-03-22,221.5
Scotland,,2022-03-23,222.29
Scotland,,2022-03-24,222.4
Scotland,,2022-03-25,222.47
Scotland,,2022-03-26,222.58
Scotland,,2022-03-27,222.75
Scotland,,2022-03-28,222.98
Scotland,,2022-03-29,223.17
Scotland,,2022-03-30,223.36
Scotland,,2022-03-31,223.55
Scotland,,2022-04-01,223.76
Scotland,,2022-04-02,223.91
Scotland,,2022-04-03,224.05
Scotland,,2022-04-04,224.22
Scotland,,2022-04-05,224.38
Scotland,,2022-04-06,224.75
Scotland,,2022-04-07,224.98
Scotland,,2022-04-08,225.2
Scotland,,2022-04-09,225.38
Scotland,,2022-04-10,225.56
Scotland,,2022-04-11,225.93
Scotland,,2022-04-12,226.29
Scotland,,2022-04-13,226.63
Scotland,,2022-04-14,226.98
Scotland,,2022-04-15,227.11
Scotland,,2022-04-16,227.32
Scotland,,2022-04-17,227.5
Scotland,,2022-04-18,227.59
Scotland,,2022-04-19,227.86
Scotland,,2022-04-20,228.1
Scotland,,2022-04-21,228.4
Scotland,,2022-04-22,228.68
Scotland,,2022-04-23,228.91
Scotland,,2022-04-24,229.11
Scotland,,2022-04-25,229.38
Scotland,,2022-04-26,229.63
Scotland,,2022-04-27,229.87
Scotland,,2022-04-28,230.07
Scotland,,2022-04-29,230.34
Scotland,,2022-04-30,230.51
Scotland,,2022-05-01,230.64
Scotland,,2022-05-02,230.71
Scotland,,2022-05-03,230.94
Scotland,,2022-05-04,231.12
Scotland,,2022-05-05,231.27
Scotland,,2022-05-06,231.45
Scotland,,2022-05-07,231.61
Scotland,,2022-05-08,231.72
Scotland,,2022-05-09,231.9
Scotland,,2022-05-10,232.06
Scotland,,2022-05-11,232.22
Scotland,,2022-05-12,232.35
Scotland,,2022-05-13,232.48
Scotland,,2022-05-14,232.6
Scotland,,2022-05-15,232.7
Scotland,,2022-05-16,232.83
Scotland,,2022-05-17,232.94
Scotland,,2022-05-18,233.06
Scotland,,2022-05-19,233.16
Scotland,,2022-05-20,233.25
Scotland,,2022-05-21,233.33
Scotland,,2022-05-22,233.4
Scotland,,2022-05-23,233.49
Scotland,,2022-05-24,233.56
Scotland,,2022-05-25,233.64
Scotland,,2022-05-26,233.72
Scotland,,2022-05-27,233.82
Scotland,,2022-05-28,233.9
Scotland,,2022-05-29,233.96
Scotland,,2022-05-30,234.07
Scotland,,2022-05-31,234.14
Scotland,,2022-06-01,234.24
Scotland,,2022-06-02,234.31
Scotland,,2022-06-03,234.32
Scotland,,2022-06-04,234.4
Scotland,,2022-06-05,234.86
Scotland,,2022-06-06,234.91
Scotland,,2022-06-07,234.97
Scotland,,2022-06-08,235.02
Scotland,,2022-06-09,235.08
Scotland,,2022-06-10,235.15
Scotland,,2022-06-11,235.22
Scotland,,2022-06-12,235.28
Scotland,,2022-06-13,235.33
Scotland,,2022-06-14,235.38
Scotland,,2022-06-15,235.42
Scotland,,2022-06-16,235.48
Scotland,,2022-06-17,235.53
Scotland,,2022-06-18,235.62
Scotland,,2022-06-19,235.7
Scotland,,2022-06-20,235.76
Scotland,,2022-06-21,235.8
Scotland,,2022-06-22,235.84
Scotland,,2022-06-23,235.89
Scotland,,2022-06-24,235.93
Scotland,,2022-06-25,236.03
Scotland,,2022-06-26,236.11
Scotland,,2022-06-27,236.17
Scotland,,2022-06-28,236.21
Scotland,,2022-06-29,236.27
Scotland,,2022-06-30,236.34
Scotland,,2022-07-01,236.38
Scotland,,2022-07-02,236.39
Scotland,,2022-07-03,236.45
Scotland,,2022-07-04,236.52
Scotland,,2022-07-05,236.56
Scotland,,2022-07-06,236.6
Scotland,,2022-07-07,236.66
Scotland,,2022-07-08,236.7
Scotland,,2022-07-09,236.76
Scotland,,2022-07-10,236.79
Scotland,,2022-07-11,236.82
Scotland,,2022-07-12,236.86
Scotland,,2022-07-13,236.89
Scotland,,2022-07-14,236.93
Scotland,,2022-07-15,236.96
Scotland,,2022-07-16,237.01
Scotland,,2022-07-17,237.03
Scotland,,2022-07-18,237.06
Scotland,,2022-07-19,237.08
Scotland,,2022-07-20,237.1
Scotland,,2022-07-21,237.13
Scotland,,2022-07-22,237.18
Scotland,,2022-07-23,237.22
Scotland,,2022-07-24,237.25
Scotland,,2022-07-25,237.28
Scotland,,2022-07-26,237.3
Scotland,,2022-07-27,237.32
Scotland,,2022-07-28,237.34
Scotland,,2022-07-29,237.37
Scotland,,2022-07-30,237.41
Scotland,,2022-07-31,237.43
Senegal,SEN,2021-02-22,0
Senegal,SEN,2021-02-23,0
Senegal,SEN,2021-02-24,0.02
Senegal,SEN,2021-02-25,0.07
Senegal,SEN,2021-02-26,0.13
Senegal,SEN,2021-02-27,0.15
Senegal,SEN,2021-02-28,0.16
Senegal,SEN,2021-03-01,0.21
Senegal,SEN,2021-03-02,0.24
Senegal,SEN,2021-03-03,0.27
Senegal,SEN,2021-03-04,0.31
Senegal,SEN,2021-03-05,0.37
Senegal,SEN,2021-03-06,0.38
Senegal,SEN,2021-03-07,0.39
Senegal,SEN,2021-03-08,0.4
Senegal,SEN,2021-03-09,0.4
Senegal,SEN,2021-03-10,0.4
Senegal,SEN,2021-03-13,0.78
Senegal,SEN,2021-03-15,0.82
Senegal,SEN,2021-03-16,0.85
Senegal,SEN,2021-03-17,0.87
Senegal,SEN,2021-03-18,0.88
Senegal,SEN,2021-03-19,0.89
Senegal,SEN,2021-03-20,0.94
Senegal,SEN,2021-03-22,1.01
Senegal,SEN,2021-03-23,1.07
Senegal,SEN,2021-03-24,1.17
Senegal,SEN,2021-03-25,1.25
Senegal,SEN,2021-03-26,1.34
Senegal,SEN,2021-03-27,1.37
Senegal,SEN,2021-03-29,1.39
Senegal,SEN,2021-03-30,1.47
Senegal,SEN,2021-03-31,1.55
Senegal,SEN,2021-04-01,1.63
Senegal,SEN,2021-04-02,1.71
Senegal,SEN,2021-04-03,1.77
Senegal,SEN,2021-04-04,1.79
Senegal,SEN,2021-04-05,1.81
Senegal,SEN,2021-04-06,1.83
Senegal,SEN,2021-04-08,1.94
Senegal,SEN,2021-04-09,1.98
Senegal,SEN,2021-04-10,2.03
Senegal,SEN,2021-04-11,2.07
Senegal,SEN,2021-04-12,2.08
Senegal,SEN,2021-04-13,2.15
Senegal,SEN,2021-04-14,2.19
Senegal,SEN,2021-04-15,2.23
Senegal,SEN,2021-04-16,2.25
Senegal,SEN,2021-04-17,2.26
Senegal,SEN,2021-04-22,2.33
Senegal,SEN,2021-04-23,2.34
Senegal,SEN,2021-04-24,2.36
Senegal,SEN,2021-04-25,2.36
Senegal,SEN,2021-04-26,2.37
Senegal,SEN,2021-04-27,2.39
Senegal,SEN,2021-04-28,2.41
Senegal,SEN,2021-04-29,2.43
Senegal,SEN,2021-04-30,2.44
Senegal,SEN,2021-05-01,2.45
Senegal,SEN,2021-05-03,2.45
Senegal,SEN,2021-05-04,2.47
Senegal,SEN,2021-05-05,2.48
Senegal,SEN,2021-05-06,2.5
Senegal,SEN,2021-05-07,2.51
Senegal,SEN,2021-05-08,2.53
Senegal,SEN,2021-05-11,2.54
Senegal,SEN,2021-05-12,2.56
Senegal,SEN,2021-05-13,2.56
Senegal,SEN,2021-05-21,3
Senegal,SEN,2021-05-24,3.03
Senegal,SEN,2021-05-26,3.04
Senegal,SEN,2021-05-31,3.1
Senegal,SEN,2021-06-08,3.18
Senegal,SEN,2021-06-10,3.23
Senegal,SEN,2021-06-14,3.71
Senegal,SEN,2021-06-15,3.75
Senegal,SEN,2021-06-28,3.94
Senegal,SEN,2021-07-05,4.45
Senegal,SEN,2021-07-12,4.84
Senegal,SEN,2021-07-13,4.88
Senegal,SEN,2021-07-19,5.16
Senegal,SEN,2021-07-24,5.27
Senegal,SEN,2021-07-26,5.37
Senegal,SEN,2021-08-03,7.14
Senegal,SEN,2021-08-09,8.06
Senegal,SEN,2021-08-16,8.6
Senegal,SEN,2021-08-19,10.01
Senegal,SEN,2021-08-25,10.15
Senegal,SEN,2021-09-01,10.26
Senegal,SEN,2021-09-09,10.33
Senegal,SEN,2021-09-15,10.48
Senegal,SEN,2021-09-22,10.58
Senegal,SEN,2021-09-30,10.74
Senegal,SEN,2021-10-07,10.84
Senegal,SEN,2021-10-14,10.88
Senegal,SEN,2021-11-22,11.28
Senegal,SEN,2022-01-06,11.4
Senegal,SEN,2022-02-02,12.11
Senegal,SEN,2022-02-18,12.23
Senegal,SEN,2022-04-26,14.63
Senegal,SEN,2022-05-08,14.63
Senegal,SEN,2022-05-15,14.63
Senegal,SEN,2022-05-22,14.95
Senegal,SEN,2022-05-29,14.95
Serbia,SRB,2021-01-08,0.1
Serbia,SRB,2021-01-10,0.14
Serbia,SRB,2021-01-14,0.26
Serbia,SRB,2021-01-20,0.65
Serbia,SRB,2021-01-21,1.23
Serbia,SRB,2021-01-22,1.74
Serbia,SRB,2021-01-23,2.38
Serbia,SRB,2021-01-24,3.17
Serbia,SRB,2021-01-25,3.73
Serbia,SRB,2021-01-26,4.65
Serbia,SRB,2021-01-27,5.27
Serbia,SRB,2021-01-28,5.84
Serbia,SRB,2021-01-29,6.27
Serbia,SRB,2021-01-30,6.37
Serbia,SRB,2021-02-02,7.22
Serbia,SRB,2021-02-03,7.48
Serbia,SRB,2021-02-04,7.67
Serbia,SRB,2021-02-05,7.83
Serbia,SRB,2021-02-07,7.92
Serbia,SRB,2021-02-10,9.32
Serbia,SRB,2021-02-12,12.17
Serbia,SRB,2021-02-14,14.36
Serbia,SRB,2021-02-23,18.92
Serbia,SRB,2021-02-24,19.55
Serbia,SRB,2021-02-25,20.02
Serbia,SRB,2021-02-26,20.27
Serbia,SRB,2021-02-27,20.85
Serbia,SRB,2021-02-28,20.91
Serbia,SRB,2021-03-01,21.4
Serbia,SRB,2021-03-02,21.86
Serbia,SRB,2021-03-03,22.34
Serbia,SRB,2021-03-04,22.95
Serbia,SRB,2021-03-05,23.56
Serbia,SRB,2021-03-06,24.01
Serbia,SRB,2021-03-07,24.03
Serbia,SRB,2021-03-08,24.81
Serbia,SRB,2021-03-09,25.48
Serbia,SRB,2021-03-10,26.09
Serbia,SRB,2021-03-11,26.59
Serbia,SRB,2021-03-12,27.61
Serbia,SRB,2021-03-13,28.48
Serbia,SRB,2021-03-14,29.22
Serbia,SRB,2021-03-15,29.69
Serbia,SRB,2021-03-16,29.87
Serbia,SRB,2021-03-17,30.23
Serbia,SRB,2021-03-18,30.74
Serbia,SRB,2021-03-19,31.46
Serbia,SRB,2021-03-20,31.49
Serbia,SRB,2021-03-21,31.58
Serbia,SRB,2021-03-22,31.71
Serbia,SRB,2021-03-23,32.12
Serbia,SRB,2021-03-24,32.62
Serbia,SRB,2021-03-26,33.22
Serbia,SRB,2021-03-28,33.82
Serbia,SRB,2021-03-30,35.23
Serbia,SRB,2021-03-31,35.57
Serbia,SRB,2021-04-01,36.22
Serbia,SRB,2021-04-02,36.7
Serbia,SRB,2021-04-04,37.37
Serbia,SRB,2021-04-05,37.75
Serbia,SRB,2021-04-06,38.21
Serbia,SRB,2021-04-07,39.11
Serbia,SRB,2021-04-09,41.27
Serbia,SRB,2021-04-10,41.95
Serbia,SRB,2021-04-14,43.4
Serbia,SRB,2021-04-15,43.96
Serbia,SRB,2021-04-16,44.27
Serbia,SRB,2021-04-17,44.46
Serbia,SRB,2021-04-18,44.66
Serbia,SRB,2021-04-21,45.64
Serbia,SRB,2021-04-22,46.23
Serbia,SRB,2021-04-23,46.47
Serbia,SRB,2021-04-24,47.34
Serbia,SRB,2021-04-26,47.66
Serbia,SRB,2021-04-28,49.63
Serbia,SRB,2021-04-30,51.15
Serbia,SRB,2021-05-01,51.31
Serbia,SRB,2021-05-02,51.33
Serbia,SRB,2021-05-05,53.73
Serbia,SRB,2021-05-06,54.07
Serbia,SRB,2021-05-07,54.68
Serbia,SRB,2021-05-08,55.1
Serbia,SRB,2021-05-09,55.29
Serbia,SRB,2021-05-10,55.69
Serbia,SRB,2021-05-12,56.99
Serbia,SRB,2021-05-15,58.52
Serbia,SRB,2021-05-16,58.77
Serbia,SRB,2021-05-17,59.33
Serbia,SRB,2021-05-18,60.08
Serbia,SRB,2021-05-19,60.9
Serbia,SRB,2021-05-21,61.74
Serbia,SRB,2021-05-23,62.14
Serbia,SRB,2021-05-24,62.76
Serbia,SRB,2021-05-25,63.38
Serbia,SRB,2021-05-27,64.58
Serbia,SRB,2021-05-30,66.26
Serbia,SRB,2021-06-02,67.94
Serbia,SRB,2021-06-03,68.7
Serbia,SRB,2021-06-05,69.43
Serbia,SRB,2021-06-09,71.05
Serbia,SRB,2021-06-12,72.12
Serbia,SRB,2021-06-17,73.79
Serbia,SRB,2021-06-20,74.89
Serbia,SRB,2021-07-05,77.41
Serbia,SRB,2021-07-14,78.72
Serbia,SRB,2021-07-16,78.95
Serbia,SRB,2021-07-19,79.22
Serbia,SRB,2021-07-22,79.6
Serbia,SRB,2021-07-23,79.74
Serbia,SRB,2021-07-26,79.86
Serbia,SRB,2021-07-28,80.12
Serbia,SRB,2021-07-29,80.25
Serbia,SRB,2021-07-30,80.49
Serbia,SRB,2021-07-31,80.57
Serbia,SRB,2021-08-03,80.73
Serbia,SRB,2021-08-04,80.83
Serbia,SRB,2021-08-05,80.94
Serbia,SRB,2021-08-06,81.04
Serbia,SRB,2021-08-07,81.15
Serbia,SRB,2021-08-08,81.25
Serbia,SRB,2021-08-09,81.39
Serbia,SRB,2021-08-10,81.51
Serbia,SRB,2021-08-11,81.63
Serbia,SRB,2021-08-12,81.75
Serbia,SRB,2021-08-13,81.88
Serbia,SRB,2021-08-15,81.97
Serbia,SRB,2021-08-16,82.09
Serbia,SRB,2021-08-17,82.21
Serbia,SRB,2021-08-18,82.32
Serbia,SRB,2021-08-19,82.51
Serbia,SRB,2021-08-22,83.01
Serbia,SRB,2021-08-23,83.37
Serbia,SRB,2021-08-24,83.74
Serbia,SRB,2021-08-25,84.11
Serbia,SRB,2021-08-26,84.48
Serbia,SRB,2021-08-28,85.07
Serbia,SRB,2021-08-29,85.15
Serbia,SRB,2021-08-30,85.61
Serbia,SRB,2021-09-01,86.36
Serbia,SRB,2021-09-02,86.7
Serbia,SRB,2021-09-05,87.28
Serbia,SRB,2021-09-06,87.65
Serbia,SRB,2021-09-07,88
Serbia,SRB,2021-09-08,88.33
Serbia,SRB,2021-09-09,88.62
Serbia,SRB,2021-09-12,89.2
Serbia,SRB,2021-09-14,90.03
Serbia,SRB,2021-09-16,90.79
Serbia,SRB,2021-09-18,91.32
Serbia,SRB,2021-09-19,91.41
Serbia,SRB,2021-09-21,92.16
Serbia,SRB,2021-09-22,92.45
Serbia,SRB,2021-09-23,92.73
Serbia,SRB,2021-09-24,93.04
Serbia,SRB,2021-09-26,93.27
Serbia,SRB,2021-09-28,93.96
Serbia,SRB,2021-09-29,94.26
Serbia,SRB,2021-09-30,94.56
Serbia,SRB,2021-10-02,95.19
Serbia,SRB,2021-10-05,96.13
Serbia,SRB,2021-10-06,96.52
Serbia,SRB,2021-10-07,96.86
Serbia,SRB,2021-10-12,97.19
Serbia,SRB,2021-10-19,97.81
Serbia,SRB,2021-10-23,101.11
Serbia,SRB,2021-10-24,101.23
Serbia,SRB,2021-10-26,101.98
Serbia,SRB,2021-10-29,103.12
Serbia,SRB,2021-10-30,103.39
Serbia,SRB,2021-11-01,103.96
Serbia,SRB,2021-11-02,104.36
Serbia,SRB,2021-11-03,104.78
Serbia,SRB,2021-11-05,105.65
Serbia,SRB,2021-11-07,106.09
Serbia,SRB,2021-11-08,106.67
Serbia,SRB,2021-11-09,107.19
Serbia,SRB,2021-11-14,108.87
Serbia,SRB,2021-11-18,110.93
Serbia,SRB,2021-11-19,111.48
Serbia,SRB,2021-11-22,112.39
Serbia,SRB,2021-11-23,112.82
Serbia,SRB,2021-11-24,113.21
Serbia,SRB,2021-11-27,114.16
Serbia,SRB,2021-11-28,114.27
Serbia,SRB,2021-11-29,114.64
Serbia,SRB,2021-11-30,114.96
Serbia,SRB,2021-12-02,115.56
Serbia,SRB,2021-12-03,115.89
Serbia,SRB,2021-12-06,116.44
Serbia,SRB,2021-12-07,116.66
Serbia,SRB,2021-12-08,116.89
Serbia,SRB,2021-12-09,117.09
Serbia,SRB,2021-12-12,117.52
Serbia,SRB,2021-12-14,117.88
Serbia,SRB,2021-12-22,119.09
Serbia,SRB,2021-12-26,119.6
Serbia,SRB,2021-12-28,119.91
Serbia,SRB,2022-01-01,120.65
Serbia,SRB,2022-01-09,120.74
Serbia,SRB,2022-01-14,121.14
Serbia,SRB,2022-01-16,121.35
Serbia,SRB,2022-01-18,121.53
Serbia,SRB,2022-01-19,121.61
Serbia,SRB,2022-01-23,121.83
Serbia,SRB,2022-01-27,122.1
Serbia,SRB,2022-01-30,122.22
Serbia,SRB,2022-01-31,122.28
Serbia,SRB,2022-02-02,122.4
Serbia,SRB,2022-02-03,122.46
Serbia,SRB,2022-02-07,122.63
Serbia,SRB,2022-02-09,122.74
Serbia,SRB,2022-02-11,122.84
Serbia,SRB,2022-02-13,122.88
Serbia,SRB,2022-02-14,122.93
Serbia,SRB,2022-02-16,122.95
Serbia,SRB,2022-02-20,123.08
Serbia,SRB,2022-02-23,123.19
Serbia,SRB,2022-02-24,123.21
Serbia,SRB,2022-02-28,123.3
Serbia,SRB,2022-03-01,123.32
Serbia,SRB,2022-03-06,123.41
Serbia,SRB,2022-03-09,123.46
Serbia,SRB,2022-03-10,123.53
Serbia,SRB,2022-03-21,123.61
Serbia,SRB,2022-03-22,123.63
Serbia,SRB,2022-05-10,124.06
Serbia,SRB,2022-05-17,124.09
Serbia,SRB,2022-05-18,124.09
Serbia,SRB,2022-05-24,124.12
Serbia,SRB,2022-05-25,124.12
Serbia,SRB,2022-05-26,124.12
Serbia,SRB,2022-06-01,124.14
Serbia,SRB,2022-06-02,124.15
Serbia,SRB,2022-06-06,124.16
Serbia,SRB,2022-06-09,124.17
Serbia,SRB,2022-06-14,124.18
Serbia,SRB,2022-06-23,124.2
Seychelles,SYC,2021-01-09,0
Seychelles,SYC,2021-01-13,1.88
Seychelles,SYC,2021-01-15,3.76
Seychelles,SYC,2021-01-16,6.57
Seychelles,SYC,2021-01-19,10.31
Seychelles,SYC,2021-01-20,12.36
Seychelles,SYC,2021-01-22,15.86
Seychelles,SYC,2021-01-23,17.24
Seychelles,SYC,2021-01-25,18.68
Seychelles,SYC,2021-01-26,21.33
Seychelles,SYC,2021-01-27,24.03
Seychelles,SYC,2021-01-28,27.03
Seychelles,SYC,2021-01-29,28.99
Seychelles,SYC,2021-02-01,32.95
Seychelles,SYC,2021-02-02,34.08
Seychelles,SYC,2021-02-03,34.84
Seychelles,SYC,2021-02-06,36.79
Seychelles,SYC,2021-02-08,39.16
Seychelles,SYC,2021-02-09,41.72
Seychelles,SYC,2021-02-10,45.14
Seychelles,SYC,2021-02-11,48.67
Seychelles,SYC,2021-02-13,52.58
Seychelles,SYC,2021-02-15,54.71
Seychelles,SYC,2021-02-16,56.35
Seychelles,SYC,2021-02-17,57.62
Seychelles,SYC,2021-02-18,59.44
Seychelles,SYC,2021-02-19,61.11
Seychelles,SYC,2021-02-21,61.59
Seychelles,SYC,2021-02-23,66.28
Seychelles,SYC,2021-02-25,70.53
Seychelles,SYC,2021-02-27,74.61
Seychelles,SYC,2021-03-01,75.26
Seychelles,SYC,2021-03-03,75.95
Seychelles,SYC,2021-03-04,76.75
Seychelles,SYC,2021-03-08,79.34
Seychelles,SYC,2021-03-10,82.03
Seychelles,SYC,2021-03-11,82.75
Seychelles,SYC,2021-03-15,84.07
Seychelles,SYC,2021-03-18,84.67
Seychelles,SYC,2021-03-23,88.73
Seychelles,SYC,2021-03-24,90.66
Seychelles,SYC,2021-03-30,94.44
Seychelles,SYC,2021-04-01,95.88
Seychelles,SYC,2021-04-06,97.65
Seychelles,SYC,2021-04-10,102.14
Seychelles,SYC,2021-04-13,105.38
Seychelles,SYC,2021-04-19,109.85
Seychelles,SYC,2021-04-23,113.8
Seychelles,SYC,2021-04-26,116.31
Seychelles,SYC,2021-04-28,117.91
Seychelles,SYC,2021-04-29,119.13
Seychelles,SYC,2021-05-03,119.96
Seychelles,SYC,2021-05-05,121.08
Seychelles,SYC,2021-05-12,123.1
Seychelles,SYC,2021-05-15,123.55
Seychelles,SYC,2021-05-18,124.13
Seychelles,SYC,2021-05-25,126.3
Seychelles,SYC,2021-06-02,128.23
Seychelles,SYC,2021-06-10,128.86
Seychelles,SYC,2021-06-18,129.31
Seychelles,SYC,2021-06-24,129.59
Seychelles,SYC,2021-06-30,130.16
Seychelles,SYC,2021-07-05,131.14
Seychelles,SYC,2021-07-22,132.84
Seychelles,SYC,2021-08-09,134.77
Seychelles,SYC,2021-09-16,139.38
Seychelles,SYC,2021-10-15,149.71
Seychelles,SYC,2021-10-25,155.17
Seychelles,SYC,2021-10-26,156.4
Seychelles,SYC,2021-11-03,159.56
Seychelles,SYC,2021-11-08,160.17
Seychelles,SYC,2021-11-15,163.08
Seychelles,SYC,2021-11-17,164.73
Seychelles,SYC,2021-11-23,167.27
Seychelles,SYC,2021-11-29,168.56
Seychelles,SYC,2021-12-10,171.79
Seychelles,SYC,2021-12-17,172.19
Seychelles,SYC,2021-12-28,172.32
Seychelles,SYC,2022-01-18,179.17
Seychelles,SYC,2022-02-15,184.3
Seychelles,SYC,2022-02-22,184.99
Seychelles,SYC,2022-03-01,186.08
Seychelles,SYC,2022-03-18,187.34
Seychelles,SYC,2022-03-29,187.71
Seychelles,SYC,2022-04-26,187.71
Seychelles,SYC,2022-05-01,188.9
Seychelles,SYC,2022-05-08,188.9
Seychelles,SYC,2022-05-22,188.9
Seychelles,SYC,2022-05-29,208.04
Seychelles,SYC,2022-06-05,208.13
Seychelles,SYC,2022-06-19,208.13
Sierra Leone,SLE,2021-03-14,0
Sierra Leone,SLE,2021-03-25,0.13
Sierra Leone,SLE,2021-03-30,0.31
Sierra Leone,SLE,2021-03-31,0.38
Sierra Leone,SLE,2021-04-10,0.45
Sierra Leone,SLE,2021-04-14,0.5
Sierra Leone,SLE,2021-04-15,0.53
Sierra Leone,SLE,2021-04-25,0.68
Sierra Leone,SLE,2021-04-27,0.7
Sierra Leone,SLE,2021-04-29,0.71
Sierra Leone,SLE,2021-05-01,0.73
Sierra Leone,SLE,2021-05-08,0.77
Sierra Leone,SLE,2021-05-31,0.95
Sierra Leone,SLE,2021-06-08,0.99
Sierra Leone,SLE,2021-06-10,1.05
Sierra Leone,SLE,2021-06-14,1.09
Sierra Leone,SLE,2021-06-20,1.16
Sierra Leone,SLE,2021-08-27,2.3
Sierra Leone,SLE,2021-09-13,2.63
Sierra Leone,SLE,2021-09-27,2.76
Sierra Leone,SLE,2021-09-29,2.81
Sierra Leone,SLE,2021-10-12,4.26
Sierra Leone,SLE,2021-10-18,4.71
Sierra Leone,SLE,2021-11-04,7.34
Sierra Leone,SLE,2021-11-10,8.85
Sierra Leone,SLE,2021-11-26,10.32
Sierra Leone,SLE,2022-01-11,10.97
Sierra Leone,SLE,2022-01-26,16.74
Sierra Leone,SLE,2022-02-07,17.63
Sierra Leone,SLE,2022-02-18,21.52
Sierra Leone,SLE,2022-02-25,21.54
Sierra Leone,SLE,2022-03-04,22.08
Sierra Leone,SLE,2022-03-15,25.35
Sierra Leone,SLE,2022-03-29,34.07
Sierra Leone,SLE,2022-04-26,34.07
Sierra Leone,SLE,2022-05-01,34.07
Sierra Leone,SLE,2022-05-22,34.8
Sierra Leone,SLE,2022-06-05,34.8
Sierra Leone,SLE,2022-06-19,37.1
Sierra Leone,SLE,2022-06-26,41.49
Sierra Leone,SLE,2022-07-10,41.88
Singapore,SGP,2020-12-30,0
Singapore,SGP,2020-12-31,0
Singapore,SGP,2021-01-01,0
Singapore,SGP,2021-01-02,0
Singapore,SGP,2021-01-03,0
Singapore,SGP,2021-01-04,0
Singapore,SGP,2021-01-05,0
Singapore,SGP,2021-01-06,0
Singapore,SGP,2021-01-07,0
Singapore,SGP,2021-01-08,0.02
Singapore,SGP,2021-01-09,0.02
Singapore,SGP,2021-01-10,0.03
Singapore,SGP,2021-01-11,0.07
Singapore,SGP,2021-01-12,0.12
Singapore,SGP,2021-01-13,0.19
Singapore,SGP,2021-01-14,0.28
Singapore,SGP,2021-01-15,0.38
Singapore,SGP,2021-01-16,0.41
Singapore,SGP,2021-01-17,0.42
Singapore,SGP,2021-01-18,0.56
Singapore,SGP,2021-01-19,0.71
Singapore,SGP,2021-01-20,0.88
Singapore,SGP,2021-01-21,1.01
Singapore,SGP,2021-01-22,1.16
Singapore,SGP,2021-01-23,1.24
Singapore,SGP,2021-01-24,1.33
Singapore,SGP,2021-01-25,1.55
Singapore,SGP,2021-01-26,1.78
Singapore,SGP,2021-01-27,2.03
Singapore,SGP,2021-01-28,2.3
Singapore,SGP,2021-01-29,2.57
Singapore,SGP,2021-01-30,2.7
Singapore,SGP,2021-01-31,2.81
Singapore,SGP,2021-02-01,3.01
Singapore,SGP,2021-02-02,3.23
Singapore,SGP,2021-02-03,3.5
Singapore,SGP,2021-02-04,3.73
Singapore,SGP,2021-02-05,3.99
Singapore,SGP,2021-02-06,4.1
Singapore,SGP,2021-02-07,4.15
Singapore,SGP,2021-02-08,4.35
Singapore,SGP,2021-02-09,4.56
Singapore,SGP,2021-02-10,4.77
Singapore,SGP,2021-02-11,4.84
Singapore,SGP,2021-02-12,4.84
Singapore,SGP,2021-02-13,4.84
Singapore,SGP,2021-02-14,4.92
Singapore,SGP,2021-02-15,5.13
Singapore,SGP,2021-02-16,5.41
Singapore,SGP,2021-02-17,5.73
Singapore,SGP,2021-02-18,6.05
Singapore,SGP,2021-02-19,6.4
Singapore,SGP,2021-02-20,6.6
Singapore,SGP,2021-02-21,6.73
Singapore,SGP,2021-02-22,7.04
Singapore,SGP,2021-02-23,7.39
Singapore,SGP,2021-02-24,7.73
Singapore,SGP,2021-02-25,8.06
Singapore,SGP,2021-02-26,8.42
Singapore,SGP,2021-02-27,8.67
Singapore,SGP,2021-02-28,8.82
Singapore,SGP,2021-03-01,9.06
Singapore,SGP,2021-03-02,9.3
Singapore,SGP,2021-03-03,9.55
Singapore,SGP,2021-03-04,9.8
Singapore,SGP,2021-03-05,10.06
Singapore,SGP,2021-03-06,10.23
Singapore,SGP,2021-03-07,10.33
Singapore,SGP,2021-03-08,10.6
Singapore,SGP,2021-03-09,10.94
Singapore,SGP,2021-03-10,11.33
Singapore,SGP,2021-03-11,11.79
Singapore,SGP,2021-03-12,12.32
Singapore,SGP,2021-03-13,12.81
Singapore,SGP,2021-03-14,13.21
Singapore,SGP,2021-03-15,13.79
Singapore,SGP,2021-03-16,14.41
Singapore,SGP,2021-03-17,15.13
Singapore,SGP,2021-03-18,15.84
Singapore,SGP,2021-03-19,16.63
Singapore,SGP,2021-03-20,17.29
Singapore,SGP,2021-03-21,17.87
Singapore,SGP,2021-03-22,18.56
Singapore,SGP,2021-03-23,19.2
Singapore,SGP,2021-03-24,19.77
Singapore,SGP,2021-03-25,20.32
Singapore,SGP,2021-03-26,20.93
Singapore,SGP,2021-03-27,21.46
Singapore,SGP,2021-03-28,21.82
Singapore,SGP,2021-03-29,22.62
Singapore,SGP,2021-03-30,23.31
Singapore,SGP,2021-03-31,23.94
Singapore,SGP,2021-04-01,24.59
Singapore,SGP,2021-04-02,25.13
Singapore,SGP,2021-04-03,25.75
Singapore,SGP,2021-04-04,26.26
Singapore,SGP,2021-04-05,27.09
Singapore,SGP,2021-04-06,27.89
Singapore,SGP,2021-04-07,28.71
Singapore,SGP,2021-04-08,29.52
Singapore,SGP,2021-04-09,30.38
Singapore,SGP,2021-04-10,31.14
Singapore,SGP,2021-04-11,31.85
Singapore,SGP,2021-04-12,32.54
Singapore,SGP,2021-04-13,33.19
Singapore,SGP,2021-04-14,33.83
Singapore,SGP,2021-04-15,34.45
Singapore,SGP,2021-04-16,35.14
Singapore,SGP,2021-04-17,35.74
Singapore,SGP,2021-04-18,36.22
Singapore,SGP,2021-04-19,36.95
Singapore,SGP,2021-04-20,37.69
Singapore,SGP,2021-04-21,38.43
Singapore,SGP,2021-04-22,39.16
Singapore,SGP,2021-04-23,39.93
Singapore,SGP,2021-04-24,40.62
Singapore,SGP,2021-04-25,41.27
Singapore,SGP,2021-04-26,42.01
Singapore,SGP,2021-04-27,42.79
Singapore,SGP,2021-04-28,43.53
Singapore,SGP,2021-04-29,44.31
Singapore,SGP,2021-04-30,45.11
Singapore,SGP,2021-05-01,45.76
Singapore,SGP,2021-05-02,46.39
Singapore,SGP,2021-05-03,46.96
Singapore,SGP,2021-05-04,47.54
Singapore,SGP,2021-05-05,48.14
Singapore,SGP,2021-05-06,48.79
Singapore,SGP,2021-05-07,49.46
Singapore,SGP,2021-05-08,50.05
Singapore,SGP,2021-05-09,50.6
Singapore,SGP,2021-05-10,51.4
Singapore,SGP,2021-05-11,52.22
Singapore,SGP,2021-05-12,52.72
Singapore,SGP,2021-05-13,52.73
Singapore,SGP,2021-05-14,53.67
Singapore,SGP,2021-05-15,54.5
Singapore,SGP,2021-05-16,55.25
Singapore,SGP,2021-05-17,55.94
Singapore,SGP,2021-05-18,56.64
Singapore,SGP,2021-05-19,57.35
Singapore,SGP,2021-05-20,58.17
Singapore,SGP,2021-05-21,59.03
Singapore,SGP,2021-05-22,59.87
Singapore,SGP,2021-05-23,60.63
Singapore,SGP,2021-05-24,61.47
Singapore,SGP,2021-05-25,62.37
Singapore,SGP,2021-05-26,63.09
Singapore,SGP,2021-05-27,63.89
Singapore,SGP,2021-05-28,64.75
Singapore,SGP,2021-05-29,65.54
Singapore,SGP,2021-05-30,66.22
Singapore,SGP,2021-05-31,67.05
Singapore,SGP,2021-06-01,67.87
Singapore,SGP,2021-06-02,68.65
Singapore,SGP,2021-06-03,69.63
Singapore,SGP,2021-06-04,70.67
Singapore,SGP,2021-06-05,71.61
Singapore,SGP,2021-06-06,72.44
Singapore,SGP,2021-06-07,73.19
Singapore,SGP,2021-06-08,73.85
Singapore,SGP,2021-06-09,74.61
Singapore,SGP,2021-06-10,75.38
Singapore,SGP,2021-06-11,76.28
Singapore,SGP,2021-06-12,77.04
Singapore,SGP,2021-06-13,77.74
Singapore,SGP,2021-06-14,78.55
Singapore,SGP,2021-06-15,79.44
Singapore,SGP,2021-06-16,80.38
Singapore,SGP,2021-06-17,81.29
Singapore,SGP,2021-06-18,82.24
Singapore,SGP,2021-06-19,83.16
Singapore,SGP,2021-06-20,83.91
Singapore,SGP,2021-06-21,84.81
Singapore,SGP,2021-06-22,85.66
Singapore,SGP,2021-06-23,86.51
Singapore,SGP,2021-06-24,87.32
Singapore,SGP,2021-06-25,88.15
Singapore,SGP,2021-06-26,89.26
Singapore,SGP,2021-06-27,90.25
Singapore,SGP,2021-06-28,91.27
Singapore,SGP,2021-06-29,92.06
Singapore,SGP,2021-06-30,93.27
Singapore,SGP,2021-07-01,94.7
Singapore,SGP,2021-07-02,96.17
Singapore,SGP,2021-07-03,97.58
Singapore,SGP,2021-07-04,98.9
Singapore,SGP,2021-07-05,100.3
Singapore,SGP,2021-07-06,101.67
Singapore,SGP,2021-07-07,103.07
Singapore,SGP,2021-07-08,104.45
Singapore,SGP,2021-07-09,105.91
Singapore,SGP,2021-07-10,107.27
Singapore,SGP,2021-07-11,108.49
Singapore,SGP,2021-07-12,109.82
Singapore,SGP,2021-07-13,110.99
Singapore,SGP,2021-07-14,112.15
Singapore,SGP,2021-07-15,113.37
Singapore,SGP,2021-07-16,114.86
Singapore,SGP,2021-07-17,116.25
Singapore,SGP,2021-07-18,117.48
Singapore,SGP,2021-07-19,118.26
Singapore,SGP,2021-07-20,118.28
Singapore,SGP,2021-07-21,119.61
Singapore,SGP,2021-07-22,120.87
Singapore,SGP,2021-07-23,122.33
Singapore,SGP,2021-07-24,123.6
Singapore,SGP,2021-07-25,124.72
Singapore,SGP,2021-07-26,125.88
Singapore,SGP,2021-07-27,126.78
Singapore,SGP,2021-07-28,127.89
Singapore,SGP,2021-07-29,129.04
Singapore,SGP,2021-07-30,130.41
Singapore,SGP,2021-07-31,131.71
Singapore,SGP,2021-08-01,132.82
Singapore,SGP,2021-08-02,133.99
Singapore,SGP,2021-08-03,135.13
Singapore,SGP,2021-08-04,136.28
Singapore,SGP,2021-08-05,137.47
Singapore,SGP,2021-08-06,138.82
Singapore,SGP,2021-08-07,140.1
Singapore,SGP,2021-08-08,141.21
Singapore,SGP,2021-08-09,141.96
Singapore,SGP,2021-08-10,142.84
Singapore,SGP,2021-08-11,143.69
Singapore,SGP,2021-08-12,144.5
Singapore,SGP,2021-08-13,145.52
Singapore,SGP,2021-08-14,146.52
Singapore,SGP,2021-08-15,147.21
Singapore,SGP,2021-08-16,147.68
Singapore,SGP,2021-08-17,148.07
Singapore,SGP,2021-08-18,148.44
Singapore,SGP,2021-08-19,148.78
Singapore,SGP,2021-08-20,149.26
Singapore,SGP,2021-08-21,149.65
Singapore,SGP,2021-08-22,149.86
Singapore,SGP,2021-08-23,150.16
Singapore,SGP,2021-08-24,150.41
Singapore,SGP,2021-08-25,150.66
Singapore,SGP,2021-08-26,150.9
Singapore,SGP,2021-08-27,151.25
Singapore,SGP,2021-08-28,151.55
Singapore,SGP,2021-08-29,151.74
Singapore,SGP,2021-08-30,151.97
Singapore,SGP,2021-08-31,152.22
Singapore,SGP,2021-09-01,152.45
Singapore,SGP,2021-09-02,152.66
Singapore,SGP,2021-09-03,152.99
Singapore,SGP,2021-09-04,153.3
Singapore,SGP,2021-09-05,153.5
Singapore,SGP,2021-09-06,153.69
Singapore,SGP,2021-09-07,153.87
Singapore,SGP,2021-09-08,154.03
Singapore,SGP,2021-09-09,154.19
Singapore,SGP,2021-09-10,154.44
Singapore,SGP,2021-09-11,154.66
Singapore,SGP,2021-09-12,154.79
Singapore,SGP,2021-09-13,154.92
Singapore,SGP,2021-09-14,155.06
Singapore,SGP,2021-09-15,155.34
Singapore,SGP,2021-09-16,155.56
Singapore,SGP,2021-09-17,156
Singapore,SGP,2021-09-18,156.55
Singapore,SGP,2021-09-19,156.88
Singapore,SGP,2021-09-20,157.37
Singapore,SGP,2021-09-21,157.72
Singapore,SGP,2021-09-22,158.29
Singapore,SGP,2021-09-23,158.89
Singapore,SGP,2021-09-24,159.71
Singapore,SGP,2021-09-25,160.45
Singapore,SGP,2021-09-26,160.94
Singapore,SGP,2021-09-27,161.65
Singapore,SGP,2021-09-28,162.41
Singapore,SGP,2021-09-29,163.05
Singapore,SGP,2021-09-30,163.72
Singapore,SGP,2021-10-01,164.39
Singapore,SGP,2021-10-02,165.04
Singapore,SGP,2021-10-03,165.57
Singapore,SGP,2021-10-04,166.23
Singapore,SGP,2021-10-05,166.84
Singapore,SGP,2021-10-06,167.34
Singapore,SGP,2021-10-07,167.79
Singapore,SGP,2021-10-08,168.43
Singapore,SGP,2021-10-09,169.01
Singapore,SGP,2021-10-10,169.64
Singapore,SGP,2021-10-11,170.34
Singapore,SGP,2021-10-12,170.94
Singapore,SGP,2021-10-13,171.47
Singapore,SGP,2021-10-14,171.94
Singapore,SGP,2021-10-15,172.69
Singapore,SGP,2021-10-16,173.28
Singapore,SGP,2021-10-17,173.57
Singapore,SGP,2021-10-18,173.99
Singapore,SGP,2021-10-19,174.45
Singapore,SGP,2021-10-20,174.84
Singapore,SGP,2021-10-21,175.27
Singapore,SGP,2021-10-22,175.91
Singapore,SGP,2021-10-23,176.36
Singapore,SGP,2021-10-24,176.6
Singapore,SGP,2021-10-25,176.99
Singapore,SGP,2021-10-26,177.5
Singapore,SGP,2021-10-27,177.89
Singapore,SGP,2021-10-28,178.36
Singapore,SGP,2021-10-29,179.12
Singapore,SGP,2021-10-30,179.71
Singapore,SGP,2021-10-31,180.09
Singapore,SGP,2021-11-01,180.57
Singapore,SGP,2021-11-02,181.13
Singapore,SGP,2021-11-03,181.53
Singapore,SGP,2021-11-04,181.55
Singapore,SGP,2021-11-05,182.31
Singapore,SGP,2021-11-06,182.89
Singapore,SGP,2021-11-07,183.24
Singapore,SGP,2021-11-08,183.69
Singapore,SGP,2021-11-09,184.28
Singapore,SGP,2021-11-10,184.79
Singapore,SGP,2021-11-11,185.29
Singapore,SGP,2021-11-12,185.97
Singapore,SGP,2021-11-13,186.57
Singapore,SGP,2021-11-14,186.96
Singapore,SGP,2021-11-15,187.43
Singapore,SGP,2021-11-16,187.94
Singapore,SGP,2021-11-17,188.34
Singapore,SGP,2021-11-18,188.75
Singapore,SGP,2021-11-19,189.36
Singapore,SGP,2021-11-20,189.9
Singapore,SGP,2021-11-21,190.27
Singapore,SGP,2021-11-22,190.7
Singapore,SGP,2021-11-23,191.09
Singapore,SGP,2021-11-24,191.42
Singapore,SGP,2021-11-25,191.76
Singapore,SGP,2021-11-26,192.34
Singapore,SGP,2021-11-27,192.85
Singapore,SGP,2021-11-28,193.16
Singapore,SGP,2021-11-29,193.52
Singapore,SGP,2021-11-30,194.02
Singapore,SGP,2021-12-01,194.36
Singapore,SGP,2021-12-02,194.7
Singapore,SGP,2021-12-03,195.23
Singapore,SGP,2021-12-04,195.71
Singapore,SGP,2021-12-05,196.04
Singapore,SGP,2021-12-06,196.44
Singapore,SGP,2021-12-07,196.89
Singapore,SGP,2021-12-08,197.27
Singapore,SGP,2021-12-09,197.61
Singapore,SGP,2021-12-10,198.14
Singapore,SGP,2021-12-11,198.62
Singapore,SGP,2021-12-12,198.93
Singapore,SGP,2021-12-13,199.33
Singapore,SGP,2021-12-14,199.88
Singapore,SGP,2021-12-15,200.32
Singapore,SGP,2021-12-16,200.8
Singapore,SGP,2021-12-17,201.37
Singapore,SGP,2021-12-18,201.89
Singapore,SGP,2021-12-19,202.29
Singapore,SGP,2021-12-20,202.9
Singapore,SGP,2021-12-21,203.53
Singapore,SGP,2021-12-22,204.2
Singapore,SGP,2021-12-23,204.92
Singapore,SGP,2021-12-24,205.38
Singapore,SGP,2021-12-25,205.4
Singapore,SGP,2021-12-26,206.24
Singapore,SGP,2021-12-27,207.14
Singapore,SGP,2021-12-28,208.13
Singapore,SGP,2021-12-29,209.1
Singapore,SGP,2021-12-30,210.07
Singapore,SGP,2021-12-31,210.61
Singapore,SGP,2022-01-01,210.62
Singapore,SGP,2022-01-02,211.53
Singapore,SGP,2022-01-03,212.47
Singapore,SGP,2022-01-04,213.29
Singapore,SGP,2022-01-05,214.02
Singapore,SGP,2022-01-06,214.92
Singapore,SGP,2022-01-07,216.07
Singapore,SGP,2022-01-08,217.21
Singapore,SGP,2022-01-09,218.16
Singapore,SGP,2022-01-10,219.06
Singapore,SGP,2022-01-11,219.82
Singapore,SGP,2022-01-12,220.57
Singapore,SGP,2022-01-13,221.38
Singapore,SGP,2022-01-14,222.42
Singapore,SGP,2022-01-15,223.44
Singapore,SGP,2022-01-16,224.2
Singapore,SGP,2022-01-17,224.9
Singapore,SGP,2022-01-18,225.48
Singapore,SGP,2022-01-19,226.04
Singapore,SGP,2022-01-20,226.65
Singapore,SGP,2022-01-21,227.47
Singapore,SGP,2022-01-22,228.24
Singapore,SGP,2022-01-23,228.8
Singapore,SGP,2022-01-24,229.46
Singapore,SGP,2022-01-25,230.06
Singapore,SGP,2022-01-26,230.6
Singapore,SGP,2022-01-27,231.17
Singapore,SGP,2022-01-28,231.91
Singapore,SGP,2022-01-29,232.57
Singapore,SGP,2022-01-30,233.04
Singapore,SGP,2022-01-31,233.35
Singapore,SGP,2022-02-01,233.35
Singapore,SGP,2022-02-02,233.36
Singapore,SGP,2022-02-03,233.98
Singapore,SGP,2022-02-04,234.7
Singapore,SGP,2022-02-05,235.36
Singapore,SGP,2022-02-06,235.87
Singapore,SGP,2022-02-07,236.45
Singapore,SGP,2022-02-08,237
Singapore,SGP,2022-02-09,237.58
Singapore,SGP,2022-02-10,238.26
Singapore,SGP,2022-02-11,239.08
Singapore,SGP,2022-02-12,239.87
Singapore,SGP,2022-02-13,240.53
Singapore,SGP,2022-02-14,241.1
Singapore,SGP,2022-02-15,241.5
Singapore,SGP,2022-02-16,241.92
Singapore,SGP,2022-02-17,242.36
Singapore,SGP,2022-02-18,242.98
Singapore,SGP,2022-02-19,243.59
Singapore,SGP,2022-02-20,244.01
Singapore,SGP,2022-02-21,244.35
Singapore,SGP,2022-02-22,244.61
Singapore,SGP,2022-02-23,244.87
Singapore,SGP,2022-02-24,245.2
Singapore,SGP,2022-02-25,245.68
Singapore,SGP,2022-02-26,246.18
Singapore,SGP,2022-02-27,246.49
Singapore,SGP,2022-02-28,246.76
Singapore,SGP,2022-03-01,246.97
Singapore,SGP,2022-03-02,247.16
Singapore,SGP,2022-03-03,247.37
Singapore,SGP,2022-03-04,247.67
Singapore,SGP,2022-03-05,247.99
Singapore,SGP,2022-03-06,248.17
Singapore,SGP,2022-03-07,248.36
Singapore,SGP,2022-03-08,248.52
Singapore,SGP,2022-03-09,248.67
Singapore,SGP,2022-03-10,248.85
Singapore,SGP,2022-03-11,249.12
Singapore,SGP,2022-03-12,249.41
Singapore,SGP,2022-03-13,249.62
Singapore,SGP,2022-03-14,249.83
Singapore,SGP,2022-03-15,250.01
Singapore,SGP,2022-03-16,250.2
Singapore,SGP,2022-03-17,250.39
Singapore,SGP,2022-03-18,250.62
Singapore,SGP,2022-03-19,250.85
Singapore,SGP,2022-03-20,251
Singapore,SGP,2022-03-21,251.14
Singapore,SGP,2022-03-22,251.25
Singapore,SGP,2022-03-23,251.37
Singapore,SGP,2022-03-24,251.49
Singapore,SGP,2022-03-25,251.69
Singapore,SGP,2022-03-26,251.9
Singapore,SGP,2022-03-27,252.05
Singapore,SGP,2022-03-28,252.19
Singapore,SGP,2022-03-29,252.32
Singapore,SGP,2022-03-30,252.44
Singapore,SGP,2022-03-31,252.58
Singapore,SGP,2022-04-01,252.74
Singapore,SGP,2022-04-02,252.91
Singapore,SGP,2022-04-03,253.03
Singapore,SGP,2022-04-04,253.15
Singapore,SGP,2022-04-05,253.24
Singapore,SGP,2022-04-06,253.33
Singapore,SGP,2022-04-07,253.44
Singapore,SGP,2022-04-08,253.59
Singapore,SGP,2022-04-09,253.76
Singapore,SGP,2022-04-10,253.88
Singapore,SGP,2022-04-11,253.99
Singapore,SGP,2022-04-12,254.09
Singapore,SGP,2022-04-13,254.2
Singapore,SGP,2022-04-14,254.3
Singapore,SGP,2022-04-15,254.3
Singapore,SGP,2022-04-16,254.49
Singapore,SGP,2022-04-17,254.59
Singapore,SGP,2022-04-18,254.7
Singapore,SGP,2022-04-19,254.78
Singapore,SGP,2022-04-20,254.86
Singapore,SGP,2022-04-21,254.95
Singapore,SGP,2022-04-22,255.08
Singapore,SGP,2022-04-23,255.21
Singapore,SGP,2022-04-24,255.32
Singapore,SGP,2022-04-25,255.42
Singapore,SGP,2022-04-26,255.5
Singapore,SGP,2022-04-27,255.57
Singapore,SGP,2022-04-28,255.66
Singapore,SGP,2022-04-29,255.81
Singapore,SGP,2022-04-30,256
Singapore,SGP,2022-05-01,256.01
Singapore,SGP,2022-05-02,256.12
Singapore,SGP,2022-05-03,256.12
Singapore,SGP,2022-05-04,256.25
Singapore,SGP,2022-05-05,256.35
Singapore,SGP,2022-05-06,256.47
Singapore,SGP,2022-05-07,256.59
Singapore,SGP,2022-05-08,256.68
Singapore,SGP,2022-05-09,256.79
Singapore,SGP,2022-05-10,256.88
Singapore,SGP,2022-05-11,256.96
Singapore,SGP,2022-05-12,257.05
Singapore,SGP,2022-05-13,257.21
Singapore,SGP,2022-05-14,257.34
Singapore,SGP,2022-05-15,257.35
Singapore,SGP,2022-05-16,257.48
Singapore,SGP,2022-05-17,257.61
Singapore,SGP,2022-05-18,257.72
Singapore,SGP,2022-05-19,257.81
Singapore,SGP,2022-05-20,257.93
Singapore,SGP,2022-05-21,258.09
Singapore,SGP,2022-05-22,258.18
Singapore,SGP,2022-05-23,258.27
Singapore,SGP,2022-05-24,258.37
Singapore,SGP,2022-05-25,258.44
Singapore,SGP,2022-05-26,258.53
Singapore,SGP,2022-05-27,258.66
Singapore,SGP,2022-05-28,258.8
Singapore,SGP,2022-05-29,258.91
Singapore,SGP,2022-05-30,259.03
Singapore,SGP,2022-05-31,259.14
Singapore,SGP,2022-06-01,259.21
Singapore,SGP,2022-06-02,259.27
Singapore,SGP,2022-06-03,259.35
Singapore,SGP,2022-06-04,259.44
Singapore,SGP,2022-06-05,259.49
Singapore,SGP,2022-06-06,259.57
Singapore,SGP,2022-06-07,259.62
Singapore,SGP,2022-06-08,259.68
Singapore,SGP,2022-06-09,259.73
Singapore,SGP,2022-06-10,259.8
Singapore,SGP,2022-06-11,259.87
Singapore,SGP,2022-06-12,259.92
Singapore,SGP,2022-06-13,259.98
Singapore,SGP,2022-06-14,260.03
Singapore,SGP,2022-06-15,260.07
Singapore,SGP,2022-06-16,260.12
Singapore,SGP,2022-06-17,260.18
Singapore,SGP,2022-06-18,260.23
Singapore,SGP,2022-06-19,260.27
Singapore,SGP,2022-06-20,260.32
Singapore,SGP,2022-06-21,260.38
Singapore,SGP,2022-06-22,260.43
Singapore,SGP,2022-06-23,260.49
Singapore,SGP,2022-06-24,260.55
Singapore,SGP,2022-06-25,260.62
Singapore,SGP,2022-06-26,260.65
Singapore,SGP,2022-06-27,260.7
Singapore,SGP,2022-06-28,260.75
Singapore,SGP,2022-06-29,260.8
Singapore,SGP,2022-06-30,260.86
Singapore,SGP,2022-07-01,260.91
Singapore,SGP,2022-07-02,260.95
Singapore,SGP,2022-07-03,260.96
Singapore,SGP,2022-07-04,261
Singapore,SGP,2022-07-05,261.04
Singapore,SGP,2022-07-06,261.07
Singapore,SGP,2022-07-07,261.11
Singapore,SGP,2022-07-08,261.16
Singapore,SGP,2022-07-09,261.2
Singapore,SGP,2022-07-10,261.2
Singapore,SGP,2022-07-11,261.21
Singapore,SGP,2022-07-12,261.25
Singapore,SGP,2022-07-13,261.28
Singapore,SGP,2022-07-14,261.32
Singapore,SGP,2022-07-15,261.36
Singapore,SGP,2022-07-16,261.4
Singapore,SGP,2022-07-17,261.41
Singapore,SGP,2022-07-18,261.45
Singapore,SGP,2022-07-19,261.48
Singapore,SGP,2022-07-20,261.52
Singapore,SGP,2022-07-21,261.55
Singapore,SGP,2022-07-22,261.59
Singapore,SGP,2022-07-23,261.62
Singapore,SGP,2022-07-24,261.63
Singapore,SGP,2022-07-25,261.67
Singapore,SGP,2022-07-26,261.7
Singapore,SGP,2022-07-27,261.74
Singapore,SGP,2022-07-28,261.77
Singapore,SGP,2022-07-29,261.8
Singapore,SGP,2022-07-30,261.83
Singapore,SGP,2022-07-31,261.84
Singapore,SGP,2022-08-01,261.87
Sint Maarten (Dutch part),SXM,2021-05-07,55.93
Sint Maarten (Dutch part),SXM,2021-05-14,59.31
Sint Maarten (Dutch part),SXM,2021-05-21,61.95
Sint Maarten (Dutch part),SXM,2021-05-28,65.97
Sint Maarten (Dutch part),SXM,2021-06-04,72.71
Sint Maarten (Dutch part),SXM,2021-06-11,77.29
Sint Maarten (Dutch part),SXM,2021-06-18,82.21
Sint Maarten (Dutch part),SXM,2021-06-25,86.94
Sint Maarten (Dutch part),SXM,2021-07-02,89.6
Sint Maarten (Dutch part),SXM,2021-07-09,94.44
Sint Maarten (Dutch part),SXM,2021-07-16,98.02
Sint Maarten (Dutch part),SXM,2021-07-23,100
Sint Maarten (Dutch part),SXM,2021-07-30,102.96
Sint Maarten (Dutch part),SXM,2021-08-06,105.57
Sint Maarten (Dutch part),SXM,2021-08-09,105.84
Sint Maarten (Dutch part),SXM,2021-08-13,106.91
Sint Maarten (Dutch part),SXM,2021-08-20,108.16
Sint Maarten (Dutch part),SXM,2021-08-27,109.08
Sint Maarten (Dutch part),SXM,2021-09-03,110.15
Sint Maarten (Dutch part),SXM,2021-09-10,110.99
Sint Maarten (Dutch part),SXM,2021-09-17,111.62
Sint Maarten (Dutch part),SXM,2021-09-24,111.96
Sint Maarten (Dutch part),SXM,2021-10-01,112.87
Sint Maarten (Dutch part),SXM,2021-10-08,113.8
Sint Maarten (Dutch part),SXM,2021-10-15,114.03
Sint Maarten (Dutch part),SXM,2021-10-22,114.46
Sint Maarten (Dutch part),SXM,2021-10-29,115.05
Sint Maarten (Dutch part),SXM,2021-11-05,115.67
Sint Maarten (Dutch part),SXM,2021-11-12,116.15
Sint Maarten (Dutch part),SXM,2021-11-19,116.78
Sint Maarten (Dutch part),SXM,2021-11-29,117.38
Sint Maarten (Dutch part),SXM,2021-12-03,117.74
Sint Maarten (Dutch part),SXM,2021-12-10,118.16
Sint Maarten (Dutch part),SXM,2021-12-17,118.51
Sint Maarten (Dutch part),SXM,2021-12-23,118.76
Sint Maarten (Dutch part),SXM,2022-01-07,119.27
Sint Maarten (Dutch part),SXM,2022-01-14,133.46
Sint Maarten (Dutch part),SXM,2022-01-21,135.37
Sint Maarten (Dutch part),SXM,2022-01-28,136.46
Sint Maarten (Dutch part),SXM,2022-02-11,138.34
Sint Maarten (Dutch part),SXM,2022-02-18,139.21
Sint Maarten (Dutch part),SXM,2022-02-25,139.74
Sint Maarten (Dutch part),SXM,2022-03-11,139.98
Sint Maarten (Dutch part),SXM,2022-03-25,140.87
Sint Maarten (Dutch part),SXM,2022-06-17,144.13
Sint Maarten (Dutch part),SXM,2022-06-24,144.3
Sint Maarten (Dutch part),SXM,2022-07-08,144.71
Slovakia,SVK,2021-01-03,0.55
Slovakia,SVK,2021-01-10,1.17
Slovakia,SVK,2021-01-17,1.86
Slovakia,SVK,2021-01-24,2.73
Slovakia,SVK,2021-01-31,3.99
Slovakia,SVK,2021-02-07,5.49
Slovakia,SVK,2021-02-14,6.82
Slovakia,SVK,2021-02-21,8.23
Slovakia,SVK,2021-02-28,10.03
Slovakia,SVK,2021-03-07,11.97
Slovakia,SVK,2021-03-14,14.4
Slovakia,SVK,2021-03-21,16.81
Slovakia,SVK,2021-03-28,18.75
Slovakia,SVK,2021-04-04,21.24
Slovakia,SVK,2021-04-11,24.08
Slovakia,SVK,2021-04-18,26.87
Slovakia,SVK,2021-04-25,29.97
Slovakia,SVK,2021-05-02,33.63
Slovakia,SVK,2021-05-09,37.94
Slovakia,SVK,2021-05-16,42.54
Slovakia,SVK,2021-05-23,47.15
Slovakia,SVK,2021-05-30,51.62
Slovakia,SVK,2021-06-06,56.08
Slovakia,SVK,2021-06-13,60.67
Slovakia,SVK,2021-06-20,65.14
Slovakia,SVK,2021-06-27,69.23
Slovakia,SVK,2021-07-04,72.55
Slovakia,SVK,2021-07-11,75.13
Slovakia,SVK,2021-07-18,76.9
Slovakia,SVK,2021-07-25,78.66
Slovakia,SVK,2021-08-01,80.39
Slovakia,SVK,2021-08-08,81.85
Slovakia,SVK,2021-08-15,83.02
Slovakia,SVK,2021-08-22,83.99
Slovakia,SVK,2021-08-29,84.75
Slovakia,SVK,2021-09-05,85.46
Slovakia,SVK,2021-09-12,86.11
Slovakia,SVK,2021-09-19,86.79
Slovakia,SVK,2021-09-26,87.35
Slovakia,SVK,2021-10-03,87.82
Slovakia,SVK,2021-10-10,88.25
Slovakia,SVK,2021-10-17,89.05
Slovakia,SVK,2021-10-24,90.2
Slovakia,SVK,2021-10-31,91.95
Slovakia,SVK,2021-11-07,94.44
Slovakia,SVK,2021-11-14,97.12
Slovakia,SVK,2021-11-21,100.26
Slovakia,SVK,2021-11-28,103.09
Slovakia,SVK,2021-12-05,106.5
Slovakia,SVK,2021-12-12,110.88
Slovakia,SVK,2021-12-19,113.38
Slovakia,SVK,2021-12-26,116.11
Slovakia,SVK,2022-01-02,119.53
Slovakia,SVK,2022-01-09,122.7
Slovakia,SVK,2022-01-16,125.1
Slovakia,SVK,2022-01-23,126.86
Slovakia,SVK,2022-01-30,127.76
Slovakia,SVK,2022-02-06,128.34
Slovakia,SVK,2022-02-13,128.74
Slovakia,SVK,2022-02-20,129
Slovakia,SVK,2022-02-27,129.13
Slovakia,SVK,2022-03-06,129.25
Slovakia,SVK,2022-03-13,129.35
Slovakia,SVK,2022-03-20,129.44
Slovakia,SVK,2022-03-27,129.52
Slovakia,SVK,2022-04-03,129.58
Slovakia,SVK,2022-04-10,129.62
Slovakia,SVK,2022-04-17,129.66
Slovakia,SVK,2022-04-24,129.7
Slovakia,SVK,2022-05-01,129.73
Slovakia,SVK,2022-05-08,129.75
Slovakia,SVK,2022-05-15,129.78
Slovakia,SVK,2022-05-22,129.8
Slovakia,SVK,2022-05-29,129.82
Slovakia,SVK,2022-06-05,129.83
Slovakia,SVK,2022-06-12,129.84
Slovakia,SVK,2022-06-19,129.86
Slovakia,SVK,2022-06-26,129.87
Slovakia,SVK,2022-07-03,129.88
Slovakia,SVK,2022-07-10,129.9
Slovakia,SVK,2022-07-17,129.92
Slovakia,SVK,2022-07-24,129.92
Slovenia,SVN,2020-12-27,0.29
Slovenia,SVN,2020-12-28,0.37
Slovenia,SVN,2020-12-29,0.43
Slovenia,SVN,2020-12-30,0.45
Slovenia,SVN,2020-12-31,0.54
Slovenia,SVN,2021-01-01,0.55
Slovenia,SVN,2021-01-02,0.57
Slovenia,SVN,2021-01-03,0.59
Slovenia,SVN,2021-01-04,0.65
Slovenia,SVN,2021-01-05,0.77
Slovenia,SVN,2021-01-06,1.02
Slovenia,SVN,2021-01-07,1.28
Slovenia,SVN,2021-01-08,1.43
Slovenia,SVN,2021-01-09,1.45
Slovenia,SVN,2021-01-10,1.45
Slovenia,SVN,2021-01-11,1.47
Slovenia,SVN,2021-01-12,1.56
Slovenia,SVN,2021-01-13,1.78
Slovenia,SVN,2021-01-14,2.1
Slovenia,SVN,2021-01-15,2.33
Slovenia,SVN,2021-01-16,2.34
Slovenia,SVN,2021-01-17,2.34
Slovenia,SVN,2021-01-18,2.35
Slovenia,SVN,2021-01-19,2.46
Slovenia,SVN,2021-01-20,2.69
Slovenia,SVN,2021-01-21,2.92
Slovenia,SVN,2021-01-22,3.02
Slovenia,SVN,2021-01-23,3.06
Slovenia,SVN,2021-01-24,3.06
Slovenia,SVN,2021-01-25,3.06
Slovenia,SVN,2021-01-26,3.15
Slovenia,SVN,2021-01-27,3.39
Slovenia,SVN,2021-01-28,3.69
Slovenia,SVN,2021-01-29,3.91
Slovenia,SVN,2021-01-30,3.91
Slovenia,SVN,2021-01-31,3.91
Slovenia,SVN,2021-02-01,3.92
Slovenia,SVN,2021-02-02,3.97
Slovenia,SVN,2021-02-03,4.2
Slovenia,SVN,2021-02-04,4.55
Slovenia,SVN,2021-02-05,4.82
Slovenia,SVN,2021-02-06,4.85
Slovenia,SVN,2021-02-08,4.87
Slovenia,SVN,2021-02-09,4.87
Slovenia,SVN,2021-02-10,5.02
Slovenia,SVN,2021-02-11,5.44
Slovenia,SVN,2021-02-12,5.85
Slovenia,SVN,2021-02-13,5.89
Slovenia,SVN,2021-02-14,5.89
Slovenia,SVN,2021-02-15,5.9
Slovenia,SVN,2021-02-16,5.95
Slovenia,SVN,2021-02-17,6.22
Slovenia,SVN,2021-02-18,6.64
Slovenia,SVN,2021-02-19,6.96
Slovenia,SVN,2021-02-20,7.08
Slovenia,SVN,2021-02-21,7.08
Slovenia,SVN,2021-02-22,7.11
Slovenia,SVN,2021-02-23,7.18
Slovenia,SVN,2021-02-24,7.51
Slovenia,SVN,2021-02-25,8.03
Slovenia,SVN,2021-02-26,8.4
Slovenia,SVN,2021-02-27,8.44
Slovenia,SVN,2021-03-01,8.5
Slovenia,SVN,2021-03-02,8.6
Slovenia,SVN,2021-03-03,8.95
Slovenia,SVN,2021-03-04,9.49
Slovenia,SVN,2021-03-05,9.98
Slovenia,SVN,2021-03-06,10.07
Slovenia,SVN,2021-03-07,10.07
Slovenia,SVN,2021-03-08,10.16
Slovenia,SVN,2021-03-09,10.35
Slovenia,SVN,2021-03-10,10.82
Slovenia,SVN,2021-03-11,11.49
Slovenia,SVN,2021-03-12,12.13
Slovenia,SVN,2021-03-13,12.54
Slovenia,SVN,2021-03-14,12.54
Slovenia,SVN,2021-03-15,12.62
Slovenia,SVN,2021-03-16,12.67
Slovenia,SVN,2021-03-17,12.96
Slovenia,SVN,2021-03-18,13.44
Slovenia,SVN,2021-03-19,13.79
Slovenia,SVN,2021-03-20,13.99
Slovenia,SVN,2021-03-21,13.99
Slovenia,SVN,2021-03-22,14.04
Slovenia,SVN,2021-03-23,14.25
Slovenia,SVN,2021-03-24,14.72
Slovenia,SVN,2021-03-25,15.4
Slovenia,SVN,2021-03-26,16.17
Slovenia,SVN,2021-03-27,16.51
Slovenia,SVN,2021-03-28,16.57
Slovenia,SVN,2021-03-29,16.62
Slovenia,SVN,2021-03-30,17
Slovenia,SVN,2021-03-31,17.7
Slovenia,SVN,2021-04-01,18.62
Slovenia,SVN,2021-04-02,19.2
Slovenia,SVN,2021-04-03,19.35
Slovenia,SVN,2021-04-04,19.42
Slovenia,SVN,2021-04-05,19.42
Slovenia,SVN,2021-04-06,19.56
Slovenia,SVN,2021-04-07,19.85
Slovenia,SVN,2021-04-08,20.57
Slovenia,SVN,2021-04-09,21.53
Slovenia,SVN,2021-04-10,21.96
Slovenia,SVN,2021-04-11,22.04
Slovenia,SVN,2021-04-12,22.13
Slovenia,SVN,2021-04-13,22.31
Slovenia,SVN,2021-04-14,22.87
Slovenia,SVN,2021-04-15,23.79
Slovenia,SVN,2021-04-16,24.46
Slovenia,SVN,2021-04-17,24.75
Slovenia,SVN,2021-04-18,24.81
Slovenia,SVN,2021-04-19,24.94
Slovenia,SVN,2021-04-20,25.25
Slovenia,SVN,2021-04-21,26.05
Slovenia,SVN,2021-04-22,26.99
Slovenia,SVN,2021-04-23,27.83
Slovenia,SVN,2021-04-24,27.97
Slovenia,SVN,2021-04-25,28
Slovenia,SVN,2021-04-26,28.02
Slovenia,SVN,2021-04-27,28.04
Slovenia,SVN,2021-04-28,28.42
Slovenia,SVN,2021-04-29,29.33
Slovenia,SVN,2021-04-30,30.33
Slovenia,SVN,2021-05-01,30.67
Slovenia,SVN,2021-05-02,30.83
Slovenia,SVN,2021-05-03,31.21
Slovenia,SVN,2021-05-04,31.68
Slovenia,SVN,2021-05-05,32.53
Slovenia,SVN,2021-05-06,33.85
Slovenia,SVN,2021-05-07,34.86
Slovenia,SVN,2021-05-08,35.35
Slovenia,SVN,2021-05-09,35.43
Slovenia,SVN,2021-05-10,35.57
Slovenia,SVN,2021-05-11,36.05
Slovenia,SVN,2021-05-12,37.04
Slovenia,SVN,2021-05-13,38.37
Slovenia,SVN,2021-05-14,39.51
Slovenia,SVN,2021-05-15,39.92
Slovenia,SVN,2021-05-16,40.07
Slovenia,SVN,2021-05-17,40.45
Slovenia,SVN,2021-05-18,41.03
Slovenia,SVN,2021-05-19,42.11
Slovenia,SVN,2021-05-20,43.52
Slovenia,SVN,2021-05-21,44.75
Slovenia,SVN,2021-05-22,45.27
Slovenia,SVN,2021-05-23,45.42
Slovenia,SVN,2021-05-24,45.71
Slovenia,SVN,2021-05-25,46.16
Slovenia,SVN,2021-05-26,47.17
Slovenia,SVN,2021-05-27,48.54
Slovenia,SVN,2021-05-28,49.55
Slovenia,SVN,2021-05-29,50.05
Slovenia,SVN,2021-05-30,50.05
Slovenia,SVN,2021-05-31,50.36
Slovenia,SVN,2021-06-01,51.07
Slovenia,SVN,2021-06-02,52.45
Slovenia,SVN,2021-06-03,54.17
Slovenia,SVN,2021-06-04,55.5
Slovenia,SVN,2021-06-05,56.1
Slovenia,SVN,2021-06-06,56.33
Slovenia,SVN,2021-06-07,56.67
Slovenia,SVN,2021-06-08,57.33
Slovenia,SVN,2021-06-09,58.42
Slovenia,SVN,2021-06-10,59.96
Slovenia,SVN,2021-06-11,61.1
Slovenia,SVN,2021-06-12,61.61
Slovenia,SVN,2021-06-13,61.77
Slovenia,SVN,2021-06-14,62.09
Slovenia,SVN,2021-06-15,62.55
Slovenia,SVN,2021-06-16,63.32
Slovenia,SVN,2021-06-17,64.28
Slovenia,SVN,2021-06-18,64.94
Slovenia,SVN,2021-06-19,65.05
Slovenia,SVN,2021-06-20,65.12
Slovenia,SVN,2021-06-21,65.36
Slovenia,SVN,2021-06-22,65.85
Slovenia,SVN,2021-06-23,66.79
Slovenia,SVN,2021-06-24,68.01
Slovenia,SVN,2021-06-25,68.01
Slovenia,SVN,2021-06-26,68.2
Slovenia,SVN,2021-06-27,68.2
Slovenia,SVN,2021-06-28,68.49
Slovenia,SVN,2021-06-29,69.05
Slovenia,SVN,2021-06-30,69.72
Slovenia,SVN,2021-07-01,70.65
Slovenia,SVN,2021-07-02,71.33
Slovenia,SVN,2021-07-03,71.41
Slovenia,SVN,2021-07-04,71.41
Slovenia,SVN,2021-07-05,71.72
Slovenia,SVN,2021-07-06,72.11
Slovenia,SVN,2021-07-07,72.7
Slovenia,SVN,2021-07-08,73.45
Slovenia,SVN,2021-07-09,73.98
Slovenia,SVN,2021-07-10,74.03
Slovenia,SVN,2021-07-11,74.04
Slovenia,SVN,2021-07-12,74.33
Slovenia,SVN,2021-07-13,74.65
Slovenia,SVN,2021-07-14,75.17
Slovenia,SVN,2021-07-15,75.82
Slovenia,SVN,2021-07-16,76.3
Slovenia,SVN,2021-07-17,76.38
Slovenia,SVN,2021-07-18,76.38
Slovenia,SVN,2021-07-19,76.62
Slovenia,SVN,2021-07-20,76.88
Slovenia,SVN,2021-07-21,77.34
Slovenia,SVN,2021-07-22,77.85
Slovenia,SVN,2021-07-23,78.28
Slovenia,SVN,2021-07-24,78.35
Slovenia,SVN,2021-07-25,78.36
Slovenia,SVN,2021-07-26,78.59
Slovenia,SVN,2021-07-27,78.89
Slovenia,SVN,2021-07-28,79.31
Slovenia,SVN,2021-07-29,79.8
Slovenia,SVN,2021-07-30,80.18
Slovenia,SVN,2021-07-31,80.27
Slovenia,SVN,2021-08-01,80.27
Slovenia,SVN,2021-08-02,80.5
Slovenia,SVN,2021-08-03,80.76
Slovenia,SVN,2021-08-04,81.14
Slovenia,SVN,2021-08-05,81.61
Slovenia,SVN,2021-08-06,81.98
Slovenia,SVN,2021-08-07,82.02
Slovenia,SVN,2021-08-08,82.04
Slovenia,SVN,2021-08-09,82.23
Slovenia,SVN,2021-08-10,82.46
Slovenia,SVN,2021-08-11,82.78
Slovenia,SVN,2021-08-12,83.22
Slovenia,SVN,2021-08-13,83.58
Slovenia,SVN,2021-08-14,83.61
Slovenia,SVN,2021-08-15,83.61
Slovenia,SVN,2021-08-16,83.87
Slovenia,SVN,2021-08-17,84.17
Slovenia,SVN,2021-08-18,84.53
Slovenia,SVN,2021-08-19,84.96
Slovenia,SVN,2021-08-20,85.3
Slovenia,SVN,2021-08-21,85.34
Slovenia,SVN,2021-08-22,85.34
Slovenia,SVN,2021-08-23,85.56
Slovenia,SVN,2021-08-24,85.85
Slovenia,SVN,2021-08-25,86.19
Slovenia,SVN,2021-08-26,86.62
Slovenia,SVN,2021-08-27,86.96
Slovenia,SVN,2021-08-28,87
Slovenia,SVN,2021-08-29,87.01
Slovenia,SVN,2021-08-30,87.21
Slovenia,SVN,2021-08-31,87.44
Slovenia,SVN,2021-09-01,87.69
Slovenia,SVN,2021-09-02,88.07
Slovenia,SVN,2021-09-03,88.37
Slovenia,SVN,2021-09-04,88.4
Slovenia,SVN,2021-09-06,88.61
Slovenia,SVN,2021-09-07,88.93
Slovenia,SVN,2021-09-08,89.33
Slovenia,SVN,2021-09-09,89.87
Slovenia,SVN,2021-09-10,90.28
Slovenia,SVN,2021-09-11,90.36
Slovenia,SVN,2021-09-12,90.36
Slovenia,SVN,2021-09-13,90.79
Slovenia,SVN,2021-09-14,91.52
Slovenia,SVN,2021-09-15,92.32
Slovenia,SVN,2021-09-16,93.33
Slovenia,SVN,2021-09-17,94.14
Slovenia,SVN,2021-09-18,94.5
Slovenia,SVN,2021-09-19,94.66
Slovenia,SVN,2021-09-20,95
Slovenia,SVN,2021-09-21,95.37
Slovenia,SVN,2021-09-22,95.77
Slovenia,SVN,2021-09-23,96.32
Slovenia,SVN,2021-09-24,96.8
Slovenia,SVN,2021-09-25,96.88
Slovenia,SVN,2021-09-26,96.91
Slovenia,SVN,2021-09-27,97.15
Slovenia,SVN,2021-09-28,97.49
Slovenia,SVN,2021-09-29,97.84
Slovenia,SVN,2021-09-30,98.24
Slovenia,SVN,2021-10-01,98.56
Slovenia,SVN,2021-10-02,98.61
Slovenia,SVN,2021-10-03,98.61
Slovenia,SVN,2021-10-04,98.84
Slovenia,SVN,2021-10-05,99.2
Slovenia,SVN,2021-10-06,99.59
Slovenia,SVN,2021-10-07,100.19
Slovenia,SVN,2021-10-08,100.66
Slovenia,SVN,2021-10-09,100.74
Slovenia,SVN,2021-10-10,100.75
Slovenia,SVN,2021-10-11,101.02
Slovenia,SVN,2021-10-12,101.31
Slovenia,SVN,2021-10-13,101.58
Slovenia,SVN,2021-10-14,101.96
Slovenia,SVN,2021-10-15,102.24
Slovenia,SVN,2021-10-16,102.26
Slovenia,SVN,2021-10-17,102.27
Slovenia,SVN,2021-10-18,102.41
Slovenia,SVN,2021-10-19,102.59
Slovenia,SVN,2021-10-20,102.78
Slovenia,SVN,2021-10-21,103.1
Slovenia,SVN,2021-10-22,103.35
Slovenia,SVN,2021-10-23,103.37
Slovenia,SVN,2021-10-25,103.5
Slovenia,SVN,2021-10-26,103.69
Slovenia,SVN,2021-10-27,103.87
Slovenia,SVN,2021-10-28,104.22
Slovenia,SVN,2021-10-29,104.42
Slovenia,SVN,2021-10-30,104.44
Slovenia,SVN,2021-10-31,104.44
Slovenia,SVN,2021-11-01,104.44
Slovenia,SVN,2021-11-02,104.7
Slovenia,SVN,2021-11-03,105.15
Slovenia,SVN,2021-11-04,105.94
Slovenia,SVN,2021-11-05,106.66
Slovenia,SVN,2021-11-06,106.91
Slovenia,SVN,2021-11-07,107
Slovenia,SVN,2021-11-08,107.57
Slovenia,SVN,2021-11-09,108.25
Slovenia,SVN,2021-11-10,109.13
Slovenia,SVN,2021-11-11,110.23
Slovenia,SVN,2021-11-12,111.25
Slovenia,SVN,2021-11-13,111.56
Slovenia,SVN,2021-11-14,111.63
Slovenia,SVN,2021-11-15,112.17
Slovenia,SVN,2021-11-16,112.97
Slovenia,SVN,2021-11-17,113.76
Slovenia,SVN,2021-11-18,114.71
Slovenia,SVN,2021-11-19,115.46
Slovenia,SVN,2021-11-20,115.71
Slovenia,SVN,2021-11-21,115.77
Slovenia,SVN,2021-11-22,116.12
Slovenia,SVN,2021-11-23,116.6
Slovenia,SVN,2021-11-24,117.24
Slovenia,SVN,2021-11-25,117.97
Slovenia,SVN,2021-11-26,118.59
Slovenia,SVN,2021-11-27,118.79
Slovenia,SVN,2021-11-28,118.81
Slovenia,SVN,2021-11-29,119.16
Slovenia,SVN,2021-11-30,119.58
Slovenia,SVN,2021-12-01,120.1
Slovenia,SVN,2021-12-02,120.68
Slovenia,SVN,2021-12-03,121.18
Slovenia,SVN,2021-12-04,121.28
Slovenia,SVN,2021-12-05,121.3
Slovenia,SVN,2021-12-06,121.6
Slovenia,SVN,2021-12-07,121.94
Slovenia,SVN,2021-12-08,122.35
Slovenia,SVN,2021-12-09,122.81
Slovenia,SVN,2021-12-10,123.22
Slovenia,SVN,2021-12-11,123.3
Slovenia,SVN,2021-12-12,123.31
Slovenia,SVN,2021-12-13,123.53
Slovenia,SVN,2021-12-14,123.83
Slovenia,SVN,2021-12-15,124.26
Slovenia,SVN,2021-12-16,124.74
Slovenia,SVN,2021-12-17,125.14
Slovenia,SVN,2021-12-18,125.22
Slovenia,SVN,2021-12-19,125.59
Slovenia,SVN,2021-12-20,126.34
Slovenia,SVN,2021-12-21,127.13
Slovenia,SVN,2021-12-22,127.99
Slovenia,SVN,2021-12-23,128.89
Slovenia,SVN,2021-12-24,129.05
Slovenia,SVN,2021-12-26,129.06
Slovenia,SVN,2021-12-27,129.35
Slovenia,SVN,2021-12-28,129.7
Slovenia,SVN,2021-12-29,129.99
Slovenia,SVN,2021-12-30,130.26
Slovenia,SVN,2021-12-31,130.32
Slovenia,SVN,2022-01-01,130.32
Slovenia,SVN,2022-01-02,130.32
Slovenia,SVN,2022-01-03,130.58
Slovenia,SVN,2022-01-04,130.93
Slovenia,SVN,2022-01-05,131.43
Slovenia,SVN,2022-01-06,132
Slovenia,SVN,2022-01-07,132.52
Slovenia,SVN,2022-01-08,132.58
Slovenia,SVN,2022-01-09,132.6
Slovenia,SVN,2022-01-10,132.9
Slovenia,SVN,2022-01-11,133.23
Slovenia,SVN,2022-01-12,133.58
Slovenia,SVN,2022-01-13,134.35
Slovenia,SVN,2022-01-14,135.1
Slovenia,SVN,2022-01-15,135.55
Slovenia,SVN,2022-01-16,135.56
Slovenia,SVN,2022-01-17,135.68
Slovenia,SVN,2022-01-18,135.86
Slovenia,SVN,2022-01-19,136.06
Slovenia,SVN,2022-01-20,136.28
Slovenia,SVN,2022-01-21,136.52
Slovenia,SVN,2022-01-22,136.55
Slovenia,SVN,2022-01-23,136.55
Slovenia,SVN,2022-01-24,136.65
Slovenia,SVN,2022-01-25,136.79
Slovenia,SVN,2022-01-26,136.96
Slovenia,SVN,2022-01-27,137.18
Slovenia,SVN,2022-01-28,137.39
Slovenia,SVN,2022-01-29,137.42
Slovenia,SVN,2022-01-30,137.43
Slovenia,SVN,2022-01-31,137.55
Slovenia,SVN,2022-02-01,137.72
Slovenia,SVN,2022-02-02,137.93
Slovenia,SVN,2022-02-03,138.18
Slovenia,SVN,2022-02-04,138.39
Slovenia,SVN,2022-02-05,138.43
Slovenia,SVN,2022-02-06,138.44
Slovenia,SVN,2022-02-07,138.53
Slovenia,SVN,2022-02-08,138.53
Slovenia,SVN,2022-02-09,138.68
Slovenia,SVN,2022-02-10,138.89
Slovenia,SVN,2022-02-11,139.04
Slovenia,SVN,2022-02-12,139.06
Slovenia,SVN,2022-02-13,139.07
Slovenia,SVN,2022-02-14,139.14
Slovenia,SVN,2022-02-15,139.23
Slovenia,SVN,2022-02-16,139.32
Slovenia,SVN,2022-02-17,139.43
Slovenia,SVN,2022-02-18,139.53
Slovenia,SVN,2022-02-19,139.55
Slovenia,SVN,2022-02-20,139.55
Slovenia,SVN,2022-02-21,139.58
Slovenia,SVN,2022-02-22,139.61
Slovenia,SVN,2022-02-23,139.66
Slovenia,SVN,2022-02-24,139.71
Slovenia,SVN,2022-02-25,139.77
Slovenia,SVN,2022-02-26,139.77
Slovenia,SVN,2022-02-27,139.77
Slovenia,SVN,2022-02-28,139.79
Slovenia,SVN,2022-03-01,139.81
Slovenia,SVN,2022-03-02,139.85
Slovenia,SVN,2022-03-03,139.89
Slovenia,SVN,2022-03-04,139.92
Slovenia,SVN,2022-03-05,139.93
Slovenia,SVN,2022-03-06,139.93
Slovenia,SVN,2022-03-07,139.94
Slovenia,SVN,2022-03-08,139.97
Slovenia,SVN,2022-03-09,140
Slovenia,SVN,2022-03-10,140.03
Slovenia,SVN,2022-03-11,140.07
Slovenia,SVN,2022-03-12,140.07
Slovenia,SVN,2022-03-13,140.08
Slovenia,SVN,2022-03-14,140.09
Slovenia,SVN,2022-03-15,140.12
Slovenia,SVN,2022-03-16,140.16
Slovenia,SVN,2022-03-17,140.2
Slovenia,SVN,2022-03-18,140.24
Slovenia,SVN,2022-03-19,140.24
Slovenia,SVN,2022-03-20,140.24
Slovenia,SVN,2022-03-21,140.26
Slovenia,SVN,2022-03-22,140.29
Slovenia,SVN,2022-03-23,140.33
Slovenia,SVN,2022-03-24,140.37
Slovenia,SVN,2022-03-25,140.42
Slovenia,SVN,2022-03-26,140.42
Slovenia,SVN,2022-03-27,140.42
Slovenia,SVN,2022-03-28,140.43
Slovenia,SVN,2022-03-29,140.45
Slovenia,SVN,2022-03-30,140.49
Slovenia,SVN,2022-03-31,140.53
Slovenia,SVN,2022-04-01,140.56
Slovenia,SVN,2022-04-02,140.57
Slovenia,SVN,2022-04-03,140.57
Slovenia,SVN,2022-04-04,140.59
Slovenia,SVN,2022-04-05,140.61
Slovenia,SVN,2022-04-06,140.65
Slovenia,SVN,2022-04-07,140.69
Slovenia,SVN,2022-04-08,140.73
Slovenia,SVN,2022-04-09,140.73
Slovenia,SVN,2022-04-10,140.73
Slovenia,SVN,2022-04-11,140.74
Slovenia,SVN,2022-04-12,140.76
Slovenia,SVN,2022-04-13,140.79
Slovenia,SVN,2022-04-14,140.83
Slovenia,SVN,2022-04-15,140.85
Slovenia,SVN,2022-04-16,140.86
Slovenia,SVN,2022-04-17,140.86
Slovenia,SVN,2022-04-18,140.86
Slovenia,SVN,2022-04-19,140.87
Slovenia,SVN,2022-04-20,140.9
Slovenia,SVN,2022-04-21,140.92
Slovenia,SVN,2022-04-22,140.94
Slovenia,SVN,2022-04-23,140.95
Slovenia,SVN,2022-04-24,140.95
Slovenia,SVN,2022-04-25,140.96
Slovenia,SVN,2022-04-26,140.98
Slovenia,SVN,2022-04-27,140.98
Slovenia,SVN,2022-04-28,140.99
Slovenia,SVN,2022-04-29,141
Slovenia,SVN,2022-04-30,141
Slovenia,SVN,2022-05-01,141
Slovenia,SVN,2022-05-02,141
Slovenia,SVN,2022-05-03,141.02
Slovenia,SVN,2022-05-04,141.04
Slovenia,SVN,2022-05-05,141.06
Slovenia,SVN,2022-05-06,141.08
Slovenia,SVN,2022-05-07,141.08
Slovenia,SVN,2022-05-08,141.08
Slovenia,SVN,2022-05-09,141.09
Slovenia,SVN,2022-05-10,141.1
Slovenia,SVN,2022-05-11,141.11
Slovenia,SVN,2022-05-12,141.13
Slovenia,SVN,2022-05-13,141.14
Slovenia,SVN,2022-05-14,141.14
Slovenia,SVN,2022-05-16,141.15
Slovenia,SVN,2022-05-17,141.16
Slovenia,SVN,2022-05-18,141.17
Slovenia,SVN,2022-05-19,141.18
Slovenia,SVN,2022-05-20,141.19
Slovenia,SVN,2022-05-21,141.19
Slovenia,SVN,2022-05-23,141.2
Slovenia,SVN,2022-05-24,141.2
Slovenia,SVN,2022-05-25,141.21
Slovenia,SVN,2022-05-26,141.23
Slovenia,SVN,2022-05-27,141.23
Slovenia,SVN,2022-05-30,141.24
Slovenia,SVN,2022-05-31,141.24
Slovenia,SVN,2022-06-01,141.25
Slovenia,SVN,2022-06-02,141.26
Slovenia,SVN,2022-06-03,141.27
Slovenia,SVN,2022-06-04,141.27
Slovenia,SVN,2022-06-06,141.27
Slovenia,SVN,2022-06-07,141.27
Slovenia,SVN,2022-06-08,141.28
Slovenia,SVN,2022-06-09,141.29
Slovenia,SVN,2022-06-10,141.29
Slovenia,SVN,2022-06-13,141.29
Slovenia,SVN,2022-06-14,141.3
Slovenia,SVN,2022-06-15,141.3
Slovenia,SVN,2022-06-16,141.31
Slovenia,SVN,2022-06-17,141.32
Slovenia,SVN,2022-06-20,141.32
Slovenia,SVN,2022-06-21,141.33
Slovenia,SVN,2022-06-22,141.34
Slovenia,SVN,2022-06-23,141.35
Slovenia,SVN,2022-06-24,141.35
Slovenia,SVN,2022-06-27,141.36
Slovenia,SVN,2022-06-28,141.36
Slovenia,SVN,2022-06-29,141.37
Slovenia,SVN,2022-06-30,141.38
Slovenia,SVN,2022-07-01,141.38
Slovenia,SVN,2022-07-04,141.39
Slovenia,SVN,2022-07-05,141.39
Slovenia,SVN,2022-07-06,141.39
Solomon Islands,SLB,2021-03-23,0
Solomon Islands,SLB,2021-04-13,0.37
Solomon Islands,SLB,2021-04-20,0.49
Solomon Islands,SLB,2021-04-27,0.99
Solomon Islands,SLB,2021-05-04,1.1
Solomon Islands,SLB,2021-05-11,1.81
Solomon Islands,SLB,2021-05-18,2.02
Solomon Islands,SLB,2021-05-25,2.34
Solomon Islands,SLB,2021-06-08,2.4
Solomon Islands,SLB,2021-06-21,3.04
Solomon Islands,SLB,2021-06-29,3.07
Solomon Islands,SLB,2021-07-13,3.62
Solomon Islands,SLB,2021-07-20,3.93
Solomon Islands,SLB,2021-07-27,5.56
Solomon Islands,SLB,2021-08-02,5.71
Solomon Islands,SLB,2021-08-09,8
Solomon Islands,SLB,2021-08-16,8.95
Solomon Islands,SLB,2021-08-31,10.12
Solomon Islands,SLB,2021-09-14,13.81
Solomon Islands,SLB,2021-10-05,18.39
Solomon Islands,SLB,2021-10-12,20.05
Solomon Islands,SLB,2021-10-25,21.59
Solomon Islands,SLB,2021-11-08,24.24
Solomon Islands,SLB,2021-11-22,27.38
Solomon Islands,SLB,2021-11-30,29.39
Solomon Islands,SLB,2021-12-13,32.34
Solomon Islands,SLB,2021-12-20,33.33
Solomon Islands,SLB,2022-01-04,34.77
Solomon Islands,SLB,2022-01-18,36.27
Solomon Islands,SLB,2022-01-24,37.31
Solomon Islands,SLB,2022-01-31,38.29
Solomon Islands,SLB,2022-02-07,39.25
Solomon Islands,SLB,2022-02-21,40.29
Solomon Islands,SLB,2022-02-28,42.55
Solomon Islands,SLB,2022-03-07,44.54
Solomon Islands,SLB,2022-03-21,48.42
Solomon Islands,SLB,2022-03-28,50.59
Solomon Islands,SLB,2022-04-04,50.7
Solomon Islands,SLB,2022-04-11,53.8
Solomon Islands,SLB,2022-04-18,55.5
Solomon Islands,SLB,2022-04-25,60.05
Solomon Islands,SLB,2022-05-02,61.31
Solomon Islands,SLB,2022-05-23,63.86
Solomon Islands,SLB,2022-06-13,64.77
Solomon Islands,SLB,2022-06-20,65.5
Solomon Islands,SLB,2022-07-11,66.27
Solomon Islands,SLB,2022-07-18,67.68
Somalia,SOM,2021-04-17,0.69
Somalia,SOM,2021-05-02,0.72
Somalia,SOM,2021-05-16,0.73
Somalia,SOM,2021-05-24,0.73
Somalia,SOM,2021-05-25,0.74
Somalia,SOM,2021-05-27,0.76
Somalia,SOM,2021-05-31,0.79
Somalia,SOM,2021-06-02,0.81
Somalia,SOM,2021-06-08,0.83
Somalia,SOM,2021-06-09,0.84
Somalia,SOM,2021-06-12,0.91
Somalia,SOM,2021-06-14,0.92
Somalia,SOM,2021-06-17,0.93
Somalia,SOM,2021-06-18,0.94
Somalia,SOM,2021-06-20,0.96
Somalia,SOM,2021-06-22,1.04
Somalia,SOM,2021-06-23,1.12
Somalia,SOM,2021-06-28,1.2
Somalia,SOM,2021-06-29,1.22
Somalia,SOM,2021-07-06,1.37
Somalia,SOM,2021-07-08,1.38
Somalia,SOM,2021-07-11,1.46
Somalia,SOM,2021-08-02,1.64
Somalia,SOM,2021-08-21,1.66
Somalia,SOM,2021-08-30,1.71
Somalia,SOM,2021-09-01,1.73
Somalia,SOM,2021-09-06,1.82
Somalia,SOM,2021-09-11,1.99
Somalia,SOM,2021-09-15,2.06
Somalia,SOM,2021-09-20,2.29
Somalia,SOM,2021-09-23,2.52
Somalia,SOM,2021-09-26,2.72
Somalia,SOM,2021-09-28,2.8
Somalia,SOM,2021-09-29,2.9
Somalia,SOM,2021-10-06,3.18
Somalia,SOM,2021-10-14,3.51
Somalia,SOM,2021-10-17,3.79
Somalia,SOM,2021-10-26,3.84
Somalia,SOM,2021-10-31,3.91
Somalia,SOM,2021-11-03,3.99
Somalia,SOM,2021-11-05,4.05
Somalia,SOM,2021-11-13,5.65
Somalia,SOM,2021-12-09,6.72
Somalia,SOM,2021-12-20,8.02
Somalia,SOM,2021-12-23,8.52
Somalia,SOM,2021-12-26,8.82
Somalia,SOM,2022-01-16,9.44
Somalia,SOM,2022-02-06,9.63
Somalia,SOM,2022-02-10,9.73
Somalia,SOM,2022-02-26,10.52
Somalia,SOM,2022-02-28,10.77
Somalia,SOM,2022-03-17,13.69
Somalia,SOM,2022-03-22,14.04
Somalia,SOM,2022-04-04,14.52
Somalia,SOM,2022-04-11,14.72
Somalia,SOM,2022-04-26,15.54
Somalia,SOM,2022-05-08,15.69
Somalia,SOM,2022-05-13,15.7
Somalia,SOM,2022-05-18,15.89
Somalia,SOM,2022-06-01,16.32
Somalia,SOM,2022-06-13,17.56
Somalia,SOM,2022-06-19,18.11
Somalia,SOM,2022-06-27,18.42
Somalia,SOM,2022-06-28,18.42
Somalia,SOM,2022-07-07,18.51
Somalia,SOM,2022-07-13,19.14
Somalia,SOM,2022-07-19,19.6
South Africa,ZAF,2021-02-16,0
South Africa,ZAF,2021-02-18,0
South Africa,ZAF,2021-02-19,0.01
South Africa,ZAF,2021-02-20,0.02
South Africa,ZAF,2021-02-21,0.03
South Africa,ZAF,2021-02-22,0.04
South Africa,ZAF,2021-02-23,0.05
South Africa,ZAF,2021-02-24,0.07
South Africa,ZAF,2021-02-25,0.09
South Africa,ZAF,2021-02-26,0.11
South Africa,ZAF,2021-02-27,0.11
South Africa,ZAF,2021-02-28,0.12
South Africa,ZAF,2021-03-01,0.12
South Africa,ZAF,2021-03-02,0.13
South Africa,ZAF,2021-03-03,0.14
South Africa,ZAF,2021-03-04,0.15
South Africa,ZAF,2021-03-05,0.17
South Africa,ZAF,2021-03-06,0.17
South Africa,ZAF,2021-03-08,0.17
South Africa,ZAF,2021-03-09,0.18
South Africa,ZAF,2021-03-10,0.22
South Africa,ZAF,2021-03-11,0.23
South Africa,ZAF,2021-03-12,0.24
South Africa,ZAF,2021-03-13,0.25
South Africa,ZAF,2021-03-15,0.25
South Africa,ZAF,2021-03-16,0.26
South Africa,ZAF,2021-03-17,0.28
South Africa,ZAF,2021-03-18,0.3
South Africa,ZAF,2021-03-19,0.31
South Africa,ZAF,2021-03-23,0.33
South Africa,ZAF,2021-03-24,0.35
South Africa,ZAF,2021-03-25,0.37
South Africa,ZAF,2021-03-26,0.39
South Africa,ZAF,2021-03-27,0.39
South Africa,ZAF,2021-03-29,0.4
South Africa,ZAF,2021-03-30,0.42
South Africa,ZAF,2021-03-31,0.44
South Africa,ZAF,2021-04-01,0.45
South Africa,ZAF,2021-04-06,0.46
South Africa,ZAF,2021-04-07,0.47
South Africa,ZAF,2021-04-08,0.48
South Africa,ZAF,2021-04-09,0.49
South Africa,ZAF,2021-04-10,0.49
South Africa,ZAF,2021-04-12,0.49
South Africa,ZAF,2021-04-13,0.49
South Africa,ZAF,2021-04-28,0.5
South Africa,ZAF,2021-04-29,0.52
South Africa,ZAF,2021-04-30,0.53
South Africa,ZAF,2021-05-01,0.54
South Africa,ZAF,2021-05-03,0.55
South Africa,ZAF,2021-05-04,0.59
South Africa,ZAF,2021-05-05,0.62
South Africa,ZAF,2021-05-07,0.64
South Africa,ZAF,2021-05-08,0.64
South Africa,ZAF,2021-05-10,0.67
South Africa,ZAF,2021-05-11,0.7
South Africa,ZAF,2021-05-12,0.73
South Africa,ZAF,2021-05-13,0.77
South Africa,ZAF,2021-05-14,0.8
South Africa,ZAF,2021-05-15,0.81
South Africa,ZAF,2021-05-16,0.81
South Africa,ZAF,2021-05-18,0.87
South Africa,ZAF,2021-05-19,0.94
South Africa,ZAF,2021-05-20,1.01
South Africa,ZAF,2021-05-21,1.08
South Africa,ZAF,2021-05-22,1.09
South Africa,ZAF,2021-05-23,1.1
South Africa,ZAF,2021-05-24,1.18
South Africa,ZAF,2021-05-25,1.28
South Africa,ZAF,2021-05-26,1.39
South Africa,ZAF,2021-05-27,1.51
South Africa,ZAF,2021-05-28,1.62
South Africa,ZAF,2021-05-29,1.63
South Africa,ZAF,2021-05-30,1.63
South Africa,ZAF,2021-05-31,1.76
South Africa,ZAF,2021-06-01,1.88
South Africa,ZAF,2021-06-02,2.01
South Africa,ZAF,2021-06-03,2.13
South Africa,ZAF,2021-06-04,2.25
South Africa,ZAF,2021-06-05,2.26
South Africa,ZAF,2021-06-06,2.27
South Africa,ZAF,2021-06-07,2.41
South Africa,ZAF,2021-06-08,2.57
South Africa,ZAF,2021-06-09,2.73
South Africa,ZAF,2021-06-10,2.85
South Africa,ZAF,2021-06-11,2.98
South Africa,ZAF,2021-06-12,2.99
South Africa,ZAF,2021-06-13,2.99
South Africa,ZAF,2021-06-14,3.15
South Africa,ZAF,2021-06-15,3.31
South Africa,ZAF,2021-06-16,3.32
South Africa,ZAF,2021-06-17,3.48
South Africa,ZAF,2021-06-18,3.6
South Africa,ZAF,2021-06-19,3.61
South Africa,ZAF,2021-06-21,3.75
South Africa,ZAF,2021-06-24,4.29
South Africa,ZAF,2021-06-25,4.48
South Africa,ZAF,2021-06-26,4.52
South Africa,ZAF,2021-06-27,4.68
South Africa,ZAF,2021-06-28,4.69
South Africa,ZAF,2021-06-29,4.88
South Africa,ZAF,2021-06-30,5.1
South Africa,ZAF,2021-07-01,5.31
South Africa,ZAF,2021-07-03,5.57
South Africa,ZAF,2021-07-04,5.58
South Africa,ZAF,2021-07-05,5.84
South Africa,ZAF,2021-07-06,6.11
South Africa,ZAF,2021-07-08,6.76
South Africa,ZAF,2021-07-09,7.08
South Africa,ZAF,2021-07-10,7.13
South Africa,ZAF,2021-07-12,7.39
South Africa,ZAF,2021-07-13,7.64
South Africa,ZAF,2021-07-15,8.5
South Africa,ZAF,2021-07-19,8.58
South Africa,ZAF,2021-07-20,8.97
South Africa,ZAF,2021-07-22,10.25
South Africa,ZAF,2021-07-23,10.62
South Africa,ZAF,2021-07-25,10.75
South Africa,ZAF,2021-07-26,11.14
South Africa,ZAF,2021-07-27,11.54
South Africa,ZAF,2021-07-29,12.29
South Africa,ZAF,2021-08-01,12.71
South Africa,ZAF,2021-08-02,12.74
South Africa,ZAF,2021-08-03,13.44
South Africa,ZAF,2021-08-05,13.78
South Africa,ZAF,2021-08-08,14.48
South Africa,ZAF,2021-08-10,14.84
South Africa,ZAF,2021-08-12,15.47
South Africa,ZAF,2021-08-15,15.81
South Africa,ZAF,2021-08-16,16.09
South Africa,ZAF,2021-08-18,16.77
South Africa,ZAF,2021-08-19,17.12
South Africa,ZAF,2021-08-20,17.56
South Africa,ZAF,2021-08-22,17.64
South Africa,ZAF,2021-08-23,18.17
South Africa,ZAF,2021-08-24,18.65
South Africa,ZAF,2021-08-27,20.08
South Africa,ZAF,2021-08-30,20.69
South Africa,ZAF,2021-08-31,21.16
South Africa,ZAF,2021-09-01,21.62
South Africa,ZAF,2021-09-02,22.08
South Africa,ZAF,2021-09-05,22.65
South Africa,ZAF,2021-09-07,23.39
South Africa,ZAF,2021-09-09,23.78
South Africa,ZAF,2021-09-10,24.6
South Africa,ZAF,2021-09-11,24.7
South Africa,ZAF,2021-09-12,24.73
South Africa,ZAF,2021-09-13,25.13
South Africa,ZAF,2021-09-14,25.57
South Africa,ZAF,2021-09-15,26.01
South Africa,ZAF,2021-09-16,26.41
South Africa,ZAF,2021-09-19,26.93
South Africa,ZAF,2021-09-21,27.54
South Africa,ZAF,2021-09-22,27.88
South Africa,ZAF,2021-09-23,28.21
South Africa,ZAF,2021-09-24,28.26
South Africa,ZAF,2021-09-26,28.33
South Africa,ZAF,2021-09-27,28.62
South Africa,ZAF,2021-09-30,29.47
South Africa,ZAF,2021-10-03,30.1
South Africa,ZAF,2021-10-05,30.79
South Africa,ZAF,2021-10-06,31.17
South Africa,ZAF,2021-10-08,31.54
South Africa,ZAF,2021-10-11,32.06
South Africa,ZAF,2021-10-13,33.14
South Africa,ZAF,2021-10-15,33.51
South Africa,ZAF,2021-10-17,34.01
South Africa,ZAF,2021-10-19,34.65
South Africa,ZAF,2021-10-23,35.86
South Africa,ZAF,2021-10-25,36.22
South Africa,ZAF,2021-10-30,37.65
South Africa,ZAF,2021-10-31,37.68
South Africa,ZAF,2021-11-02,38.11
South Africa,ZAF,2021-11-03,38.39
South Africa,ZAF,2021-11-04,38.67
South Africa,ZAF,2021-11-06,38.89
South Africa,ZAF,2021-11-07,38.98
South Africa,ZAF,2021-11-08,39.17
South Africa,ZAF,2021-11-09,39.4
South Africa,ZAF,2021-11-10,39.64
South Africa,ZAF,2021-11-12,40.13
South Africa,ZAF,2021-11-13,40.26
South Africa,ZAF,2021-11-14,40.33
South Africa,ZAF,2021-11-15,40.55
South Africa,ZAF,2021-11-16,40.77
South Africa,ZAF,2021-11-17,40.99
South Africa,ZAF,2021-11-18,41.2
South Africa,ZAF,2021-11-20,41.47
South Africa,ZAF,2021-11-21,41.5
South Africa,ZAF,2021-11-22,41.68
South Africa,ZAF,2021-11-23,41.88
South Africa,ZAF,2021-11-24,42.1
South Africa,ZAF,2021-11-26,42.5
South Africa,ZAF,2021-11-27,42.56
South Africa,ZAF,2021-11-29,42.85
South Africa,ZAF,2021-11-30,43.14
South Africa,ZAF,2021-12-01,43.41
South Africa,ZAF,2021-12-02,43.96
South Africa,ZAF,2021-12-04,44.32
South Africa,ZAF,2021-12-05,44.36
South Africa,ZAF,2021-12-06,44.6
South Africa,ZAF,2021-12-07,44.85
South Africa,ZAF,2021-12-08,45.09
South Africa,ZAF,2021-12-10,45.53
South Africa,ZAF,2021-12-12,45.61
South Africa,ZAF,2021-12-13,45.78
South Africa,ZAF,2021-12-14,45.96
South Africa,ZAF,2021-12-15,46.14
South Africa,ZAF,2021-12-16,46.28
South Africa,ZAF,2021-12-19,46.33
South Africa,ZAF,2021-12-21,46.57
South Africa,ZAF,2021-12-24,46.79
South Africa,ZAF,2021-12-26,46.8
South Africa,ZAF,2021-12-27,46.8
South Africa,ZAF,2021-12-28,46.89
South Africa,ZAF,2021-12-29,46.98
South Africa,ZAF,2022-01-01,47.09
South Africa,ZAF,2022-01-02,47.09
South Africa,ZAF,2022-01-03,47.18
South Africa,ZAF,2022-01-04,47.4
South Africa,ZAF,2022-01-07,47.64
South Africa,ZAF,2022-01-09,47.68
South Africa,ZAF,2022-01-10,48.01
South Africa,ZAF,2022-01-11,48.18
South Africa,ZAF,2022-01-12,48.33
South Africa,ZAF,2022-01-13,48.48
South Africa,ZAF,2022-01-14,48.63
South Africa,ZAF,2022-01-15,48.67
South Africa,ZAF,2022-01-16,48.68
South Africa,ZAF,2022-01-17,48.83
South Africa,ZAF,2022-01-18,48.97
South Africa,ZAF,2022-01-19,49.11
South Africa,ZAF,2022-01-20,49.25
South Africa,ZAF,2022-01-21,49.4
South Africa,ZAF,2022-01-22,49.44
South Africa,ZAF,2022-01-24,49.59
South Africa,ZAF,2022-01-26,49.88
South Africa,ZAF,2022-01-27,50.01
South Africa,ZAF,2022-01-28,50.15
South Africa,ZAF,2022-01-30,50.2
South Africa,ZAF,2022-01-31,50.32
South Africa,ZAF,2022-02-02,50.57
South Africa,ZAF,2022-02-03,50.68
South Africa,ZAF,2022-02-06,50.83
South Africa,ZAF,2022-02-09,51.18
South Africa,ZAF,2022-02-11,51.42
South Africa,ZAF,2022-02-12,51.45
South Africa,ZAF,2022-02-13,51.47
South Africa,ZAF,2022-02-14,51.57
South Africa,ZAF,2022-02-16,51.82
South Africa,ZAF,2022-02-17,51.96
South Africa,ZAF,2022-02-19,52.13
South Africa,ZAF,2022-02-20,52.14
South Africa,ZAF,2022-02-22,52.4
South Africa,ZAF,2022-02-23,52.56
South Africa,ZAF,2022-02-25,52.88
South Africa,ZAF,2022-02-27,52.93
South Africa,ZAF,2022-03-01,53.29
South Africa,ZAF,2022-03-04,53.86
South Africa,ZAF,2022-03-05,53.91
South Africa,ZAF,2022-03-06,53.92
South Africa,ZAF,2022-03-07,54.09
South Africa,ZAF,2022-03-09,54.26
South Africa,ZAF,2022-03-10,54.42
South Africa,ZAF,2022-03-11,54.75
South Africa,ZAF,2022-03-13,54.79
South Africa,ZAF,2022-03-14,54.8
South Africa,ZAF,2022-03-15,54.94
South Africa,ZAF,2022-03-16,55.1
South Africa,ZAF,2022-03-17,55.26
South Africa,ZAF,2022-03-18,55.4
South Africa,ZAF,2022-03-19,55.54
South Africa,ZAF,2022-03-20,55.58
South Africa,ZAF,2022-03-21,55.59
South Africa,ZAF,2022-03-22,55.6
South Africa,ZAF,2022-03-23,55.74
South Africa,ZAF,2022-03-24,55.9
South Africa,ZAF,2022-03-25,56.06
South Africa,ZAF,2022-03-26,56.2
South Africa,ZAF,2022-03-27,56.25
South Africa,ZAF,2022-03-29,56.38
South Africa,ZAF,2022-03-30,56.52
South Africa,ZAF,2022-03-31,56.67
South Africa,ZAF,2022-04-01,56.81
South Africa,ZAF,2022-04-04,56.95
South Africa,ZAF,2022-04-05,57.04
South Africa,ZAF,2022-04-06,57.13
South Africa,ZAF,2022-04-07,57.23
South Africa,ZAF,2022-04-08,57.34
South Africa,ZAF,2022-04-09,57.45
South Africa,ZAF,2022-04-10,57.48
South Africa,ZAF,2022-04-11,57.49
South Africa,ZAF,2022-04-12,57.58
South Africa,ZAF,2022-04-13,57.67
South Africa,ZAF,2022-04-14,57.77
South Africa,ZAF,2022-04-15,57.84
South Africa,ZAF,2022-04-18,57.86
South Africa,ZAF,2022-04-19,57.86
South Africa,ZAF,2022-04-20,57.94
South Africa,ZAF,2022-04-21,58.04
South Africa,ZAF,2022-04-22,58.13
South Africa,ZAF,2022-04-23,58.25
South Africa,ZAF,2022-04-25,58.26
South Africa,ZAF,2022-04-26,58.36
South Africa,ZAF,2022-04-27,58.47
South Africa,ZAF,2022-04-28,58.49
South Africa,ZAF,2022-04-29,58.6
South Africa,ZAF,2022-04-30,58.7
South Africa,ZAF,2022-05-01,58.72
South Africa,ZAF,2022-05-02,58.73
South Africa,ZAF,2022-05-03,58.74
South Africa,ZAF,2022-05-04,58.83
South Africa,ZAF,2022-05-05,58.93
South Africa,ZAF,2022-05-06,59.03
South Africa,ZAF,2022-05-07,59.12
South Africa,ZAF,2022-05-08,59.14
South Africa,ZAF,2022-05-09,59.15
South Africa,ZAF,2022-05-10,59.24
South Africa,ZAF,2022-05-11,59.34
South Africa,ZAF,2022-05-12,59.45
South Africa,ZAF,2022-05-13,59.55
South Africa,ZAF,2022-05-14,59.65
South Africa,ZAF,2022-05-15,59.67
South Africa,ZAF,2022-05-16,59.67
South Africa,ZAF,2022-05-17,59.76
South Africa,ZAF,2022-05-18,59.87
South Africa,ZAF,2022-05-19,59.97
South Africa,ZAF,2022-05-20,60.08
South Africa,ZAF,2022-05-21,60.16
South Africa,ZAF,2022-05-22,60.18
South Africa,ZAF,2022-05-23,60.18
South Africa,ZAF,2022-05-24,60.27
South Africa,ZAF,2022-05-25,60.36
South Africa,ZAF,2022-05-26,60.45
South Africa,ZAF,2022-05-27,60.55
South Africa,ZAF,2022-05-28,60.62
South Africa,ZAF,2022-05-29,60.64
South Africa,ZAF,2022-05-30,60.65
South Africa,ZAF,2022-05-31,60.72
South Africa,ZAF,2022-06-01,60.79
South Africa,ZAF,2022-06-02,60.86
South Africa,ZAF,2022-06-03,60.94
South Africa,ZAF,2022-06-04,61
South Africa,ZAF,2022-06-05,61.02
South Africa,ZAF,2022-06-06,61.02
South Africa,ZAF,2022-06-07,61.08
South Africa,ZAF,2022-06-08,61.15
South Africa,ZAF,2022-06-09,61.23
South Africa,ZAF,2022-06-10,61.3
South Africa,ZAF,2022-06-11,61.35
South Africa,ZAF,2022-06-12,61.37
South Africa,ZAF,2022-06-13,61.37
South Africa,ZAF,2022-06-14,61.43
South Africa,ZAF,2022-06-15,61.49
South Africa,ZAF,2022-06-16,61.55
South Africa,ZAF,2022-06-17,61.57
South Africa,ZAF,2022-06-18,61.62
South Africa,ZAF,2022-06-19,61.63
South Africa,ZAF,2022-06-20,61.63
South Africa,ZAF,2022-06-21,61.68
South Africa,ZAF,2022-06-22,61.74
South Africa,ZAF,2022-06-23,61.8
South Africa,ZAF,2022-06-24,61.85
South Africa,ZAF,2022-06-25,61.88
South Africa,ZAF,2022-06-26,61.89
South Africa,ZAF,2022-06-27,61.89
South Africa,ZAF,2022-06-28,61.93
South Africa,ZAF,2022-06-29,61.96
South Africa,ZAF,2022-06-30,62
South Africa,ZAF,2022-07-01,62.03
South Africa,ZAF,2022-07-02,62.06
South Africa,ZAF,2022-07-03,62.06
South Africa,ZAF,2022-07-04,62.06
South Africa,ZAF,2022-07-05,62.09
South Africa,ZAF,2022-07-06,62.12
South Africa,ZAF,2022-07-07,62.15
South Africa,ZAF,2022-07-08,62.18
South Africa,ZAF,2022-07-09,62.21
South Africa,ZAF,2022-07-11,62.21
South Africa,ZAF,2022-07-12,62.23
South Africa,ZAF,2022-07-13,62.26
South Africa,ZAF,2022-07-14,62.29
South Africa,ZAF,2022-07-15,62.32
South Africa,ZAF,2022-07-16,62.34
South Africa,ZAF,2022-07-19,62.37
South Africa,ZAF,2022-07-20,62.4
South Africa,ZAF,2022-07-21,62.43
South Africa,ZAF,2022-07-22,62.46
South Africa,ZAF,2022-07-23,62.48
South Africa,ZAF,2022-07-26,62.51
South Africa,ZAF,2022-07-27,62.54
South Africa,ZAF,2022-07-28,62.57
South Africa,ZAF,2022-07-29,62.6
South Africa,ZAF,2022-07-30,62.62
South Africa,ZAF,2022-08-02,62.65
South Africa,ZAF,2022-08-03,62.68
South America,,2020-12-24,0
South America,,2020-12-25,0
South America,,2020-12-26,0
South America,,2020-12-27,0
South America,,2020-12-28,0
South America,,2020-12-29,0.01
South America,,2020-12-30,0.01
South America,,2020-12-31,0.01
South America,,2021-01-01,0.01
South America,,2021-01-02,0.01
South America,,2021-01-03,0.01
South America,,2021-01-04,0.02
South America,,2021-01-05,0.02
South America,,2021-01-06,0.02
South America,,2021-01-07,0.02
South America,,2021-01-08,0.03
South America,,2021-01-09,0.03
South America,,2021-01-10,0.03
South America,,2021-01-11,0.04
South America,,2021-01-12,0.04
South America,,2021-01-13,0.05
South America,,2021-01-14,0.05
South America,,2021-01-15,0.06
South America,,2021-01-16,0.06
South America,,2021-01-17,0.06
South America,,2021-01-18,0.06
South America,,2021-01-19,0.07
South America,,2021-01-20,0.1
South America,,2021-01-21,0.13
South America,,2021-01-22,0.19
South America,,2021-01-23,0.22
South America,,2021-01-24,0.23
South America,,2021-01-25,0.27
South America,,2021-01-26,0.33
South America,,2021-01-27,0.4
South America,,2021-01-28,0.46
South America,,2021-01-29,0.55
South America,,2021-01-30,0.58
South America,,2021-01-31,0.59
South America,,2021-02-01,0.64
South America,,2021-02-02,0.7
South America,,2021-02-03,0.81
South America,,2021-02-04,0.92
South America,,2021-02-05,1.05
South America,,2021-02-06,1.09
South America,,2021-02-07,1.1
South America,,2021-02-08,1.21
South America,,2021-02-09,1.35
South America,,2021-02-10,1.49
South America,,2021-02-11,1.62
South America,,2021-02-12,1.79
South America,,2021-02-13,1.82
South America,,2021-02-14,1.84
South America,,2021-02-15,1.98
South America,,2021-02-16,2.09
South America,,2021-02-17,2.22
South America,,2021-02-18,2.35
South America,,2021-02-19,2.48
South America,,2021-02-20,2.53
South America,,2021-02-21,2.55
South America,,2021-02-22,2.66
South America,,2021-02-23,2.77
South America,,2021-02-24,2.88
South America,,2021-02-25,3
South America,,2021-02-26,3.1
South America,,2021-02-27,3.14
South America,,2021-02-28,3.15
South America,,2021-03-01,3.3
South America,,2021-03-02,3.47
South America,,2021-03-03,3.68
South America,,2021-03-04,3.9
South America,,2021-03-05,4.11
South America,,2021-03-06,4.21
South America,,2021-03-07,4.25
South America,,2021-03-08,4.47
South America,,2021-03-09,4.71
South America,,2021-03-10,4.97
South America,,2021-03-11,5.25
South America,,2021-03-12,5.52
South America,,2021-03-13,5.62
South America,,2021-03-14,5.66
South America,,2021-03-15,5.93
South America,,2021-03-16,6.19
South America,,2021-03-17,6.43
South America,,2021-03-18,6.68
South America,,2021-03-19,6.94
South America,,2021-03-20,7.04
South America,,2021-03-21,7.08
South America,,2021-03-22,7.32
South America,,2021-03-23,7.58
South America,,2021-03-24,7.85
South America,,2021-03-25,8.14
South America,,2021-03-26,8.48
South America,,2021-03-27,8.63
South America,,2021-03-28,8.71
South America,,2021-03-29,9.08
South America,,2021-03-30,9.42
South America,,2021-03-31,9.79
South America,,2021-04-01,10.17
South America,,2021-04-02,10.3
South America,,2021-04-03,10.42
South America,,2021-04-04,10.52
South America,,2021-04-05,10.84
South America,,2021-04-06,11.22
South America,,2021-04-07,11.62
South America,,2021-04-08,12.02
South America,,2021-04-09,12.39
South America,,2021-04-10,12.58
South America,,2021-04-11,12.66
South America,,2021-04-12,13.06
South America,,2021-04-13,13.44
South America,,2021-04-14,13.81
South America,,2021-04-15,14.14
South America,,2021-04-16,14.5
South America,,2021-04-17,14.71
South America,,2021-04-18,14.79
South America,,2021-04-19,15.16
South America,,2021-04-20,15.52
South America,,2021-04-21,15.8
South America,,2021-04-22,16.13
South America,,2021-04-23,16.7
South America,,2021-04-24,16.86
South America,,2021-04-25,16.92
South America,,2021-04-26,17.3
South America,,2021-04-27,17.81
South America,,2021-04-28,18.2
South America,,2021-04-29,18.59
South America,,2021-04-30,18.96
South America,,2021-05-01,19.08
South America,,2021-05-02,19.16
South America,,2021-05-03,19.48
South America,,2021-05-04,19.83
South America,,2021-05-05,20.18
South America,,2021-05-06,20.55
South America,,2021-05-07,21.11
South America,,2021-05-08,21.23
South America,,2021-05-09,21.27
South America,,2021-05-10,21.69
South America,,2021-05-11,22.06
South America,,2021-05-12,22.45
South America,,2021-05-13,22.79
South America,,2021-05-14,23.1
South America,,2021-05-15,23.32
South America,,2021-05-16,23.43
South America,,2021-05-17,23.76
South America,,2021-05-18,24.15
South America,,2021-05-19,24.51
South America,,2021-05-20,24.91
South America,,2021-05-21,25.23
South America,,2021-05-22,25.44
South America,,2021-05-23,25.7
South America,,2021-05-24,26.05
South America,,2021-05-25,26.42
South America,,2021-05-26,26.79
South America,,2021-05-27,27.1
South America,,2021-05-28,27.51
South America,,2021-05-29,27.9
South America,,2021-05-30,28.02
South America,,2021-05-31,28.44
South America,,2021-06-01,28.89
South America,,2021-06-02,29.43
South America,,2021-06-03,29.79
South America,,2021-06-04,30.19
South America,,2021-06-05,30.5
South America,,2021-06-06,30.65
South America,,2021-06-07,31.03
South America,,2021-06-08,31.61
South America,,2021-06-09,32.15
South America,,2021-06-10,32.63
South America,,2021-06-11,33.35
South America,,2021-06-12,33.66
South America,,2021-06-13,33.82
South America,,2021-06-14,34.28
South America,,2021-06-15,34.77
South America,,2021-06-16,35.26
South America,,2021-06-17,36.18
South America,,2021-06-18,36.91
South America,,2021-06-19,37.39
South America,,2021-06-20,37.59
South America,,2021-06-21,38.11
South America,,2021-06-22,38.73
South America,,2021-06-23,39.32
South America,,2021-06-24,39.94
South America,,2021-06-25,40.6
South America,,2021-06-26,40.98
South America,,2021-06-27,41.15
South America,,2021-06-28,41.63
South America,,2021-06-29,42.37
South America,,2021-06-30,42.98
South America,,2021-07-01,43.61
South America,,2021-07-02,44.25
South America,,2021-07-03,44.64
South America,,2021-07-04,44.86
South America,,2021-07-05,45.75
South America,,2021-07-06,46.37
South America,,2021-07-07,47.2
South America,,2021-07-08,47.82
South America,,2021-07-09,48.38
South America,,2021-07-10,48.9
South America,,2021-07-11,49.37
South America,,2021-07-12,50.35
South America,,2021-07-13,50.98
South America,,2021-07-14,51.82
South America,,2021-07-15,52.55
South America,,2021-07-16,53.2
South America,,2021-07-17,53.78
South America,,2021-07-18,54.02
South America,,2021-07-19,54.7
South America,,2021-07-20,55.44
South America,,2021-07-21,56.16
South America,,2021-07-22,57
South America,,2021-07-23,57.74
South America,,2021-07-24,58.18
South America,,2021-07-25,58.53
South America,,2021-07-26,59.14
South America,,2021-07-27,59.8
South America,,2021-07-28,60.59
South America,,2021-07-29,61.25
South America,,2021-07-30,61.93
South America,,2021-07-31,62.58
South America,,2021-08-01,62.83
South America,,2021-08-02,63.43
South America,,2021-08-03,64.2
South America,,2021-08-04,65.09
South America,,2021-08-05,65.81
South America,,2021-08-06,66.45
South America,,2021-08-07,67.08
South America,,2021-08-08,67.38
South America,,2021-08-09,67.95
South America,,2021-08-10,68.77
South America,,2021-08-11,69.58
South America,,2021-08-12,70.42
South America,,2021-08-13,71.2
South America,,2021-08-14,71.73
South America,,2021-08-15,71.98
South America,,2021-08-16,72.71
South America,,2021-08-17,73.95
South America,,2021-08-18,74.77
South America,,2021-08-19,75.68
South America,,2021-08-20,76.49
South America,,2021-08-21,77.01
South America,,2021-08-22,77.31
South America,,2021-08-23,78.07
South America,,2021-08-24,78.92
South America,,2021-08-25,79.68
South America,,2021-08-26,80.28
South America,,2021-08-27,82.22
South America,,2021-08-28,82.81
South America,,2021-08-29,83.14
South America,,2021-08-30,83.76
South America,,2021-08-31,84.67
South America,,2021-09-01,85.33
South America,,2021-09-02,86.03
South America,,2021-09-03,86.75
South America,,2021-09-04,87.18
South America,,2021-09-05,87.38
South America,,2021-09-06,87.92
South America,,2021-09-07,88.26
South America,,2021-09-08,89.02
South America,,2021-09-09,89.95
South America,,2021-09-10,91.25
South America,,2021-09-11,91.74
South America,,2021-09-12,91.99
South America,,2021-09-13,92.57
South America,,2021-09-14,93.31
South America,,2021-09-15,93.98
South America,,2021-09-16,94.51
South America,,2021-09-17,95.32
South America,,2021-09-18,95.76
South America,,2021-09-19,95.99
South America,,2021-09-20,96.47
South America,,2021-09-21,97.77
South America,,2021-09-22,98.43
South America,,2021-09-23,99.06
South America,,2021-09-24,99.65
South America,,2021-09-25,100.12
South America,,2021-09-26,100.4
South America,,2021-09-27,101.33
South America,,2021-09-28,101.97
South America,,2021-09-29,102.63
South America,,2021-09-30,103.28
South America,,2021-10-01,104.15
South America,,2021-10-02,104.57
South America,,2021-10-03,104.79
South America,,2021-10-04,105.33
South America,,2021-10-05,105.88
South America,,2021-10-06,106.59
South America,,2021-10-07,107.25
South America,,2021-10-08,107.97
South America,,2021-10-09,108.37
South America,,2021-10-10,108.62
South America,,2021-10-11,109
South America,,2021-10-12,109.37
South America,,2021-10-13,109.85
South America,,2021-10-14,110.66
South America,,2021-10-15,111.44
South America,,2021-10-16,111.88
South America,,2021-10-17,112.17
South America,,2021-10-18,112.66
South America,,2021-10-19,113.3
South America,,2021-10-20,114.02
South America,,2021-10-21,114.49
South America,,2021-10-22,115.33
South America,,2021-10-23,115.64
South America,,2021-10-24,115.94
South America,,2021-10-25,116.77
South America,,2021-10-26,117.49
South America,,2021-10-27,118.17
South America,,2021-10-28,118.82
South America,,2021-10-29,119.45
South America,,2021-10-30,119.78
South America,,2021-10-31,120
South America,,2021-11-01,120.17
South America,,2021-11-02,120.48
South America,,2021-11-03,120.98
South America,,2021-11-04,121.63
South America,,2021-11-05,123.96
South America,,2021-11-06,124.44
South America,,2021-11-07,124.73
South America,,2021-11-08,125.35
South America,,2021-11-09,125.9
South America,,2021-11-10,126.64
South America,,2021-11-11,127.31
South America,,2021-11-12,128
South America,,2021-11-13,128.28
South America,,2021-11-14,128.55
South America,,2021-11-15,128.91
South America,,2021-11-16,129.37
South America,,2021-11-17,130.06
South America,,2021-11-18,130.64
South America,,2021-11-19,131.29
South America,,2021-11-20,131.72
South America,,2021-11-21,132.01
South America,,2021-11-22,132.53
South America,,2021-11-23,133.1
South America,,2021-11-24,133.67
South America,,2021-11-25,134.07
South America,,2021-11-26,134.76
South America,,2021-11-27,135.1
South America,,2021-11-28,135.35
South America,,2021-11-29,136.46
South America,,2021-11-30,137.17
South America,,2021-12-01,137.86
South America,,2021-12-02,138.37
South America,,2021-12-03,139.09
South America,,2021-12-04,139.4
South America,,2021-12-05,139.63
South America,,2021-12-06,140.1
South America,,2021-12-07,140.63
South America,,2021-12-08,140.92
South America,,2021-12-09,141.53
South America,,2021-12-10,142.08
South America,,2021-12-11,142.34
South America,,2021-12-12,142.51
South America,,2021-12-13,142.95
South America,,2021-12-14,143.46
South America,,2021-12-15,144.08
South America,,2021-12-16,144.5
South America,,2021-12-17,145.91
South America,,2021-12-18,146.11
South America,,2021-12-19,146.22
South America,,2021-12-20,146.6
South America,,2021-12-21,147
South America,,2021-12-22,147.68
South America,,2021-12-23,148.08
South America,,2021-12-24,148.18
South America,,2021-12-25,148.19
South America,,2021-12-26,148.26
South America,,2021-12-27,148.68
South America,,2021-12-28,149.17
South America,,2021-12-29,149.78
South America,,2021-12-30,150.16
South America,,2021-12-31,150.25
South America,,2022-01-01,150.27
South America,,2022-01-02,150.34
South America,,2022-01-03,150.84
South America,,2022-01-04,151.39
South America,,2022-01-05,151.91
South America,,2022-01-06,152.29
South America,,2022-01-07,152.63
South America,,2022-01-08,152.93
South America,,2022-01-09,153.54
South America,,2022-01-10,154.09
South America,,2022-01-11,154.62
South America,,2022-01-12,155.12
South America,,2022-01-13,155.64
South America,,2022-01-14,156.16
South America,,2022-01-15,156.4
South America,,2022-01-16,157.18
South America,,2022-01-17,158.43
South America,,2022-01-18,158.89
South America,,2022-01-19,159.46
South America,,2022-01-20,159.91
South America,,2022-01-21,160.46
South America,,2022-01-22,160.84
South America,,2022-01-23,161.03
South America,,2022-01-24,161.71
South America,,2022-01-25,162.2
South America,,2022-01-26,162.64
South America,,2022-01-27,163.31
South America,,2022-01-28,165.18
South America,,2022-01-29,165.51
South America,,2022-01-30,165.65
South America,,2022-01-31,166.17
South America,,2022-02-01,166.7
South America,,2022-02-02,167.27
South America,,2022-02-03,167.75
South America,,2022-02-04,168.71
South America,,2022-02-05,169.04
South America,,2022-02-06,169.37
South America,,2022-02-07,169.86
South America,,2022-02-08,170.34
South America,,2022-02-09,170.92
South America,,2022-02-10,171.52
South America,,2022-02-11,172.4
South America,,2022-02-12,172.72
South America,,2022-02-13,172.88
South America,,2022-02-14,173.3
South America,,2022-02-15,173.71
South America,,2022-02-16,174.17
South America,,2022-02-17,174.67
South America,,2022-02-18,175.3
South America,,2022-02-19,175.66
South America,,2022-02-20,175.86
South America,,2022-02-21,176.27
South America,,2022-02-22,176.7
South America,,2022-02-23,177.14
South America,,2022-02-24,177.62
South America,,2022-02-25,178.13
South America,,2022-02-26,178.33
South America,,2022-02-27,178.42
South America,,2022-02-28,178.7
South America,,2022-03-01,178.83
South America,,2022-03-02,178.96
South America,,2022-03-03,179.35
South America,,2022-03-04,179.87
South America,,2022-03-05,180.09
South America,,2022-03-06,180.19
South America,,2022-03-07,180.52
South America,,2022-03-08,180.82
South America,,2022-03-09,181.35
South America,,2022-03-10,181.95
South America,,2022-03-11,182.31
South America,,2022-03-12,182.63
South America,,2022-03-13,182.72
South America,,2022-03-14,182.99
South America,,2022-03-15,183.23
South America,,2022-03-16,183.71
South America,,2022-03-17,183.97
South America,,2022-03-18,184.39
South America,,2022-03-19,184.58
South America,,2022-03-20,184.66
South America,,2022-03-21,184.96
South America,,2022-03-22,185.19
South America,,2022-03-23,185.61
South America,,2022-03-24,185.8
South America,,2022-03-25,186.07
South America,,2022-03-26,186.27
South America,,2022-03-27,186.43
South America,,2022-03-28,186.68
South America,,2022-03-29,187.11
South America,,2022-03-30,187.46
South America,,2022-03-31,187.72
South America,,2022-04-01,187.82
South America,,2022-04-02,187.95
South America,,2022-04-03,188.3
South America,,2022-04-04,188.58
South America,,2022-04-05,188.9
South America,,2022-04-06,189.21
South America,,2022-04-07,189.46
South America,,2022-04-08,189.74
South America,,2022-04-09,189.9
South America,,2022-04-10,190.01
South America,,2022-04-11,190.25
South America,,2022-04-12,190.5
South America,,2022-04-13,190.69
South America,,2022-04-14,190.93
South America,,2022-04-15,191.02
South America,,2022-04-16,191.07
South America,,2022-04-17,191.2
South America,,2022-04-18,191.41
South America,,2022-04-19,191.71
South America,,2022-04-20,191.98
South America,,2022-04-21,192.18
South America,,2022-04-22,192.29
South America,,2022-04-23,192.4
South America,,2022-04-24,192.44
South America,,2022-04-25,192.61
South America,,2022-04-26,192.77
South America,,2022-04-27,193.08
South America,,2022-04-28,193.32
South America,,2022-04-29,193.62
South America,,2022-04-30,193.68
South America,,2022-05-01,193.78
South America,,2022-05-02,193.95
South America,,2022-05-03,194.14
South America,,2022-05-04,194.35
South America,,2022-05-05,194.52
South America,,2022-05-06,194.84
South America,,2022-05-07,194.91
South America,,2022-05-08,194.95
South America,,2022-05-09,195.09
South America,,2022-05-10,195.26
South America,,2022-05-11,195.7
South America,,2022-05-12,196.05
South America,,2022-05-13,196.39
South America,,2022-05-14,196.46
South America,,2022-05-15,196.49
South America,,2022-05-16,196.63
South America,,2022-05-17,196.76
South America,,2022-05-18,197.06
South America,,2022-05-19,197.34
South America,,2022-05-20,197.51
South America,,2022-05-21,197.58
South America,,2022-05-22,197.61
South America,,2022-05-23,197.74
South America,,2022-05-24,197.87
South America,,2022-05-25,197.96
South America,,2022-05-26,198.47
South America,,2022-05-27,198.95
South America,,2022-05-28,199.1
South America,,2022-05-29,199.15
South America,,2022-05-30,199.34
South America,,2022-05-31,199.51
South America,,2022-06-01,199.68
South America,,2022-06-02,199.78
South America,,2022-06-03,200.4
South America,,2022-06-04,200.61
South America,,2022-06-05,200.68
South America,,2022-06-06,200.86
South America,,2022-06-07,201.12
South America,,2022-06-08,201.36
South America,,2022-06-09,201.83
South America,,2022-06-10,202.1
South America,,2022-06-11,202.3
South America,,2022-06-12,202.33
South America,,2022-06-13,202.48
South America,,2022-06-14,202.68
South America,,2022-06-15,202.84
South America,,2022-06-16,203.04
South America,,2022-06-17,203.14
South America,,2022-06-18,203.2
South America,,2022-06-19,203.22
South America,,2022-06-20,203.39
South America,,2022-06-21,203.57
South America,,2022-06-22,203.76
South America,,2022-06-23,203.94
South America,,2022-06-24,204.24
South America,,2022-06-25,204.28
South America,,2022-06-26,204.34
South America,,2022-06-27,204.48
South America,,2022-06-28,204.56
South America,,2022-06-29,205.22
South America,,2022-06-30,205.35
South America,,2022-07-01,205.56
South America,,2022-07-02,205.65
South America,,2022-07-03,205.76
South America,,2022-07-04,206.01
South America,,2022-07-05,206.16
South America,,2022-07-06,206.22
South America,,2022-07-07,206.48
South America,,2022-07-08,206.68
South America,,2022-07-09,206.81
South America,,2022-07-10,206.85
South America,,2022-07-11,207.18
South America,,2022-07-12,207.26
South America,,2022-07-13,207.42
South America,,2022-07-14,207.74
South America,,2022-07-15,207.9
South America,,2022-07-16,208.02
South America,,2022-07-17,208.06
South America,,2022-07-18,208.13
South America,,2022-07-19,208.21
South America,,2022-07-20,208.28
South America,,2022-07-21,208.35
South America,,2022-07-22,208.44
South America,,2022-07-23,208.48
South America,,2022-07-24,209.36
South America,,2022-07-25,209.42
South America,,2022-07-26,209.47
South America,,2022-07-27,209.54
South America,,2022-07-28,209.59
South America,,2022-07-29,209.63
South America,,2022-07-30,209.65
South America,,2022-07-31,209.67
South America,,2022-08-01,209.7
South America,,2022-08-02,209.71
South America,,2022-08-03,209.72
South Korea,KOR,2021-02-26,0.1
South Korea,KOR,2021-02-27,0.1
South Korea,KOR,2021-02-28,0.1
South Korea,KOR,2021-03-01,0.11
South Korea,KOR,2021-03-02,0.23
South Korea,KOR,2021-03-03,0.37
South Korea,KOR,2021-03-04,0.51
South Korea,KOR,2021-03-05,0.64
South Korea,KOR,2021-03-06,0.68
South Korea,KOR,2021-03-07,0.68
South Korea,KOR,2021-03-08,0.82
South Korea,KOR,2021-03-09,0.94
South Korea,KOR,2021-03-10,1.05
South Korea,KOR,2021-03-11,1.14
South Korea,KOR,2021-03-12,1.21
South Korea,KOR,2021-03-13,1.22
South Korea,KOR,2021-03-14,1.23
South Korea,KOR,2021-03-15,1.25
South Korea,KOR,2021-03-16,1.29
South Korea,KOR,2021-03-17,1.34
South Korea,KOR,2021-03-18,1.38
South Korea,KOR,2021-03-19,1.41
South Korea,KOR,2021-03-20,1.42
South Korea,KOR,2021-03-21,1.42
South Korea,KOR,2021-03-22,1.43
South Korea,KOR,2021-03-23,1.47
South Korea,KOR,2021-03-24,1.53
South Korea,KOR,2021-03-25,1.6
South Korea,KOR,2021-03-26,1.66
South Korea,KOR,2021-03-27,1.66
South Korea,KOR,2021-03-28,1.66
South Korea,KOR,2021-03-29,1.72
South Korea,KOR,2021-03-30,1.78
South Korea,KOR,2021-03-31,1.84
South Korea,KOR,2021-04-01,1.92
South Korea,KOR,2021-04-02,2.02
South Korea,KOR,2021-04-03,2.04
South Korea,KOR,2021-04-04,2.04
South Korea,KOR,2021-04-05,2.12
South Korea,KOR,2021-04-06,2.21
South Korea,KOR,2021-04-07,2.3
South Korea,KOR,2021-04-08,2.4
South Korea,KOR,2021-04-09,2.48
South Korea,KOR,2021-04-10,2.51
South Korea,KOR,2021-04-11,2.51
South Korea,KOR,2021-04-12,2.59
South Korea,KOR,2021-04-13,2.68
South Korea,KOR,2021-04-14,2.77
South Korea,KOR,2021-04-15,2.96
South Korea,KOR,2021-04-16,3.16
South Korea,KOR,2021-04-17,3.22
South Korea,KOR,2021-04-18,3.23
South Korea,KOR,2021-04-19,3.47
South Korea,KOR,2021-04-20,3.73
South Korea,KOR,2021-04-21,3.99
South Korea,KOR,2021-04-22,4.28
South Korea,KOR,2021-04-23,4.63
South Korea,KOR,2021-04-24,4.77
South Korea,KOR,2021-04-25,4.79
South Korea,KOR,2021-04-26,5.11
South Korea,KOR,2021-04-27,5.49
South Korea,KOR,2021-04-28,5.98
South Korea,KOR,2021-04-29,6.55
South Korea,KOR,2021-04-30,7.15
South Korea,KOR,2021-05-01,7.24
South Korea,KOR,2021-05-02,7.25
South Korea,KOR,2021-05-03,7.48
South Korea,KOR,2021-05-04,7.69
South Korea,KOR,2021-05-05,7.75
South Korea,KOR,2021-05-06,8.01
South Korea,KOR,2021-05-07,8.26
South Korea,KOR,2021-05-08,8.34
South Korea,KOR,2021-05-09,8.35
South Korea,KOR,2021-05-10,8.53
South Korea,KOR,2021-05-11,8.71
South Korea,KOR,2021-05-12,8.89
South Korea,KOR,2021-05-13,9.06
South Korea,KOR,2021-05-14,9.24
South Korea,KOR,2021-05-15,9.31
South Korea,KOR,2021-05-16,9.32
South Korea,KOR,2021-05-17,9.55
South Korea,KOR,2021-05-18,9.85
South Korea,KOR,2021-05-19,10.03
South Korea,KOR,2021-05-20,10.47
South Korea,KOR,2021-05-21,10.93
South Korea,KOR,2021-05-22,11.02
South Korea,KOR,2021-05-23,11.03
South Korea,KOR,2021-05-24,11.37
South Korea,KOR,2021-05-25,11.7
South Korea,KOR,2021-05-26,12.01
South Korea,KOR,2021-05-27,13.39
South Korea,KOR,2021-05-28,14.57
South Korea,KOR,2021-05-29,14.91
South Korea,KOR,2021-05-30,14.93
South Korea,KOR,2021-05-31,15.73
South Korea,KOR,2021-06-01,16.88
South Korea,KOR,2021-06-02,17.66
South Korea,KOR,2021-06-03,18.38
South Korea,KOR,2021-06-04,19.15
South Korea,KOR,2021-06-05,19.43
South Korea,KOR,2021-06-06,19.44
South Korea,KOR,2021-06-07,21.21
South Korea,KOR,2021-06-08,22.7
South Korea,KOR,2021-06-09,23.9
South Korea,KOR,2021-06-10,25.45
South Korea,KOR,2021-06-11,27.11
South Korea,KOR,2021-06-12,27.88
South Korea,KOR,2021-06-13,27.94
South Korea,KOR,2021-06-14,29.59
South Korea,KOR,2021-06-15,31.03
South Korea,KOR,2021-06-16,32.33
South Korea,KOR,2021-06-17,33.39
South Korea,KOR,2021-06-18,34.61
South Korea,KOR,2021-06-19,35.07
South Korea,KOR,2021-06-20,35.08
South Korea,KOR,2021-06-21,35.39
South Korea,KOR,2021-06-22,35.73
South Korea,KOR,2021-06-23,36.05
South Korea,KOR,2021-06-24,36.35
South Korea,KOR,2021-06-25,36.66
South Korea,KOR,2021-06-26,36.73
South Korea,KOR,2021-06-27,36.74
South Korea,KOR,2021-06-28,37.05
South Korea,KOR,2021-06-29,37.36
South Korea,KOR,2021-06-30,37.66
South Korea,KOR,2021-07-01,37.91
South Korea,KOR,2021-07-02,38.16
South Korea,KOR,2021-07-03,38.2
South Korea,KOR,2021-07-04,38.2
South Korea,KOR,2021-07-05,38.46
South Korea,KOR,2021-07-06,38.72
South Korea,KOR,2021-07-07,38.97
South Korea,KOR,2021-07-08,39.25
South Korea,KOR,2021-07-09,39.66
South Korea,KOR,2021-07-10,39.77
South Korea,KOR,2021-07-11,39.77
South Korea,KOR,2021-07-12,40.02
South Korea,KOR,2021-07-13,40.45
South Korea,KOR,2021-07-14,40.91
South Korea,KOR,2021-07-15,41.42
South Korea,KOR,2021-07-16,42.05
South Korea,KOR,2021-07-17,42.19
South Korea,KOR,2021-07-18,42.2
South Korea,KOR,2021-07-19,42.65
South Korea,KOR,2021-07-20,43.07
South Korea,KOR,2021-07-21,43.42
South Korea,KOR,2021-07-22,43.81
South Korea,KOR,2021-07-23,44.22
South Korea,KOR,2021-07-24,44.3
South Korea,KOR,2021-07-25,44.31
South Korea,KOR,2021-07-26,45.64
South Korea,KOR,2021-07-27,46.47
South Korea,KOR,2021-07-28,47.49
South Korea,KOR,2021-07-29,48.25
South Korea,KOR,2021-07-30,49.33
South Korea,KOR,2021-07-31,49.78
South Korea,KOR,2021-08-01,49.84
South Korea,KOR,2021-08-02,50.83
South Korea,KOR,2021-08-03,51.47
South Korea,KOR,2021-08-04,52.01
South Korea,KOR,2021-08-05,52.64
South Korea,KOR,2021-08-06,53.44
South Korea,KOR,2021-08-07,53.75
South Korea,KOR,2021-08-08,53.81
South Korea,KOR,2021-08-09,55
South Korea,KOR,2021-08-10,55.84
South Korea,KOR,2021-08-11,56.5
South Korea,KOR,2021-08-12,58.2
South Korea,KOR,2021-08-13,59.87
South Korea,KOR,2021-08-14,60.5
South Korea,KOR,2021-08-15,60.55
South Korea,KOR,2021-08-16,62.35
South Korea,KOR,2021-08-17,64.71
South Korea,KOR,2021-08-18,66.34
South Korea,KOR,2021-08-19,67.89
South Korea,KOR,2021-08-20,69.87
South Korea,KOR,2021-08-21,70.82
South Korea,KOR,2021-08-22,70.9
South Korea,KOR,2021-08-23,73.03
South Korea,KOR,2021-08-24,74.97
South Korea,KOR,2021-08-25,76.6
South Korea,KOR,2021-08-26,78.67
South Korea,KOR,2021-08-27,80.89
South Korea,KOR,2021-08-28,81.9
South Korea,KOR,2021-08-29,81.96
South Korea,KOR,2021-08-30,83.86
South Korea,KOR,2021-08-31,85.33
South Korea,KOR,2021-09-01,86.68
South Korea,KOR,2021-09-02,87.97
South Korea,KOR,2021-09-03,89.74
South Korea,KOR,2021-09-04,90.46
South Korea,KOR,2021-09-05,90.49
South Korea,KOR,2021-09-06,93.13
South Korea,KOR,2021-09-07,95.04
South Korea,KOR,2021-09-08,96.35
South Korea,KOR,2021-09-09,97.75
South Korea,KOR,2021-09-10,99.8
South Korea,KOR,2021-09-11,100.82
South Korea,KOR,2021-09-12,100.91
South Korea,KOR,2021-09-13,103.31
South Korea,KOR,2021-09-14,104.89
South Korea,KOR,2021-09-15,106.45
South Korea,KOR,2021-09-16,107.87
South Korea,KOR,2021-09-17,109.99
South Korea,KOR,2021-09-18,111.1
South Korea,KOR,2021-09-19,111.2
South Korea,KOR,2021-09-20,111.28
South Korea,KOR,2021-09-21,111.31
South Korea,KOR,2021-09-22,111.39
South Korea,KOR,2021-09-23,113.2
South Korea,KOR,2021-09-24,115.18
South Korea,KOR,2021-09-25,116.21
South Korea,KOR,2021-09-26,116.3
South Korea,KOR,2021-09-27,118.48
South Korea,KOR,2021-09-28,120.3
South Korea,KOR,2021-09-29,121.76
South Korea,KOR,2021-09-30,123.47
South Korea,KOR,2021-10-01,125.59
South Korea,KOR,2021-10-02,126.61
South Korea,KOR,2021-10-03,126.68
South Korea,KOR,2021-10-04,127.14
South Korea,KOR,2021-10-05,128.7
South Korea,KOR,2021-10-06,129.76
South Korea,KOR,2021-10-07,131.2
South Korea,KOR,2021-10-08,133.41
South Korea,KOR,2021-10-09,133.63
South Korea,KOR,2021-10-10,133.67
South Korea,KOR,2021-10-11,134.18
South Korea,KOR,2021-10-12,135.54
South Korea,KOR,2021-10-13,136.45
South Korea,KOR,2021-10-14,137.44
South Korea,KOR,2021-10-15,139.01
South Korea,KOR,2021-10-16,139.82
South Korea,KOR,2021-10-17,139.86
South Korea,KOR,2021-10-18,141.22
South Korea,KOR,2021-10-19,142.16
South Korea,KOR,2021-10-20,142.93
South Korea,KOR,2021-10-21,143.84
South Korea,KOR,2021-10-22,145.21
South Korea,KOR,2021-10-23,145.95
South Korea,KOR,2021-10-24,145.99
South Korea,KOR,2021-10-25,147
South Korea,KOR,2021-10-26,147.64
South Korea,KOR,2021-10-27,148.32
South Korea,KOR,2021-10-28,149.66
South Korea,KOR,2021-10-29,151.16
South Korea,KOR,2021-10-30,151.93
South Korea,KOR,2021-10-31,151.97
South Korea,KOR,2021-11-01,152.43
South Korea,KOR,2021-11-02,152.8
South Korea,KOR,2021-11-03,153.18
South Korea,KOR,2021-11-04,153.63
South Korea,KOR,2021-11-05,154.19
South Korea,KOR,2021-11-06,154.45
South Korea,KOR,2021-11-07,154.46
South Korea,KOR,2021-11-08,155.36
South Korea,KOR,2021-11-09,155.89
South Korea,KOR,2021-11-10,156.42
South Korea,KOR,2021-11-11,156.96
South Korea,KOR,2021-11-12,157.68
South Korea,KOR,2021-11-13,158.08
South Korea,KOR,2021-11-14,158.1
South Korea,KOR,2021-11-15,158.71
South Korea,KOR,2021-11-16,159.14
South Korea,KOR,2021-11-17,159.62
South Korea,KOR,2021-11-18,160.08
South Korea,KOR,2021-11-19,160.63
South Korea,KOR,2021-11-20,160.84
South Korea,KOR,2021-11-21,160.85
South Korea,KOR,2021-11-22,161.41
South Korea,KOR,2021-11-23,161.84
South Korea,KOR,2021-11-24,162.36
South Korea,KOR,2021-11-25,162.98
South Korea,KOR,2021-11-26,163.84
South Korea,KOR,2021-11-27,164.13
South Korea,KOR,2021-11-28,164.14
South Korea,KOR,2021-11-29,164.76
South Korea,KOR,2021-11-30,165.27
South Korea,KOR,2021-12-01,165.76
South Korea,KOR,2021-12-02,166.28
South Korea,KOR,2021-12-03,167.07
South Korea,KOR,2021-12-04,167.4
South Korea,KOR,2021-12-05,167.42
South Korea,KOR,2021-12-06,168.21
South Korea,KOR,2021-12-07,168.93
South Korea,KOR,2021-12-08,169.72
South Korea,KOR,2021-12-09,170.78
South Korea,KOR,2021-12-10,172.52
South Korea,KOR,2021-12-11,173.18
South Korea,KOR,2021-12-12,173.2
South Korea,KOR,2021-12-13,175
South Korea,KOR,2021-12-14,176.75
South Korea,KOR,2021-12-15,178.84
South Korea,KOR,2021-12-16,180.93
South Korea,KOR,2021-12-17,183.59
South Korea,KOR,2021-12-18,184.84
South Korea,KOR,2021-12-19,184.91
South Korea,KOR,2021-12-20,186.9
South Korea,KOR,2021-12-21,188.46
South Korea,KOR,2021-12-22,189.92
South Korea,KOR,2021-12-23,191.3
South Korea,KOR,2021-12-24,193.09
South Korea,KOR,2021-12-25,193.23
South Korea,KOR,2021-12-26,193.29
South Korea,KOR,2021-12-27,195.04
South Korea,KOR,2021-12-28,196.41
South Korea,KOR,2021-12-29,197.64
South Korea,KOR,2021-12-30,198.88
South Korea,KOR,2021-12-31,200.52
South Korea,KOR,2022-01-01,200.61
South Korea,KOR,2022-01-02,200.65
South Korea,KOR,2022-01-03,201.83
South Korea,KOR,2022-01-04,202.69
South Korea,KOR,2022-01-05,203.53
South Korea,KOR,2022-01-06,204.47
South Korea,KOR,2022-01-07,205.89
South Korea,KOR,2022-01-08,206.73
South Korea,KOR,2022-01-09,206.77
South Korea,KOR,2022-01-10,207.89
South Korea,KOR,2022-01-11,208.73
South Korea,KOR,2022-01-12,209.47
South Korea,KOR,2022-01-13,210.31
South Korea,KOR,2022-01-14,211.65
South Korea,KOR,2022-01-15,212.33
South Korea,KOR,2022-01-16,212.37
South Korea,KOR,2022-01-17,213.28
South Korea,KOR,2022-01-18,213.9
South Korea,KOR,2022-01-19,214.43
South Korea,KOR,2022-01-20,215.08
South Korea,KOR,2022-01-21,216.13
South Korea,KOR,2022-01-22,216.69
South Korea,KOR,2022-01-23,216.72
South Korea,KOR,2022-01-24,217.39
South Korea,KOR,2022-01-25,217.94
South Korea,KOR,2022-01-26,218.5
South Korea,KOR,2022-01-27,219.18
South Korea,KOR,2022-01-28,220.25
South Korea,KOR,2022-01-29,220.97
South Korea,KOR,2022-01-30,221.02
South Korea,KOR,2022-01-31,221.06
South Korea,KOR,2022-02-01,221.07
South Korea,KOR,2022-02-02,221.09
South Korea,KOR,2022-02-03,221.85
South Korea,KOR,2022-02-04,222.64
South Korea,KOR,2022-02-05,223.09
South Korea,KOR,2022-02-06,223.11
South Korea,KOR,2022-02-07,223.65
South Korea,KOR,2022-02-08,224.01
South Korea,KOR,2022-02-09,224.32
South Korea,KOR,2022-02-10,224.76
South Korea,KOR,2022-02-11,225.41
South Korea,KOR,2022-02-12,225.77
South Korea,KOR,2022-02-13,225.79
South Korea,KOR,2022-02-14,226.21
South Korea,KOR,2022-02-15,226.52
South Korea,KOR,2022-02-16,226.81
South Korea,KOR,2022-02-17,227.17
South Korea,KOR,2022-02-18,227.7
South Korea,KOR,2022-02-19,228
South Korea,KOR,2022-02-20,228.02
South Korea,KOR,2022-02-21,228.36
South Korea,KOR,2022-02-22,228.6
South Korea,KOR,2022-02-23,228.83
South Korea,KOR,2022-02-24,229.16
South Korea,KOR,2022-02-25,229.65
South Korea,KOR,2022-02-26,229.91
South Korea,KOR,2022-02-27,229.92
South Korea,KOR,2022-02-28,230.23
South Korea,KOR,2022-03-01,230.24
South Korea,KOR,2022-03-02,230.41
South Korea,KOR,2022-03-03,230.57
South Korea,KOR,2022-03-04,230.82
South Korea,KOR,2022-03-05,230.94
South Korea,KOR,2022-03-06,230.95
South Korea,KOR,2022-03-07,231.13
South Korea,KOR,2022-03-08,231.26
South Korea,KOR,2022-03-09,231.28
South Korea,KOR,2022-03-10,231.45
South Korea,KOR,2022-03-11,231.7
South Korea,KOR,2022-03-12,231.79
South Korea,KOR,2022-03-13,231.79
South Korea,KOR,2022-03-14,231.93
South Korea,KOR,2022-03-15,232.03
South Korea,KOR,2022-03-16,232.13
South Korea,KOR,2022-03-17,232.26
South Korea,KOR,2022-03-18,232.46
South Korea,KOR,2022-03-19,232.53
South Korea,KOR,2022-03-20,232.53
South Korea,KOR,2022-03-21,232.65
South Korea,KOR,2022-03-22,232.74
South Korea,KOR,2022-03-23,232.82
South Korea,KOR,2022-03-24,232.93
South Korea,KOR,2022-03-25,233.09
South Korea,KOR,2022-03-26,233.17
South Korea,KOR,2022-03-27,233.17
South Korea,KOR,2022-03-28,233.26
South Korea,KOR,2022-03-29,233.33
South Korea,KOR,2022-03-30,233.4
South Korea,KOR,2022-03-31,233.48
South Korea,KOR,2022-04-01,233.61
South Korea,KOR,2022-04-02,233.66
South Korea,KOR,2022-04-03,233.67
South Korea,KOR,2022-04-04,233.72
South Korea,KOR,2022-04-05,233.76
South Korea,KOR,2022-04-06,233.81
South Korea,KOR,2022-04-07,233.87
South Korea,KOR,2022-04-08,233.97
South Korea,KOR,2022-04-09,234.01
South Korea,KOR,2022-04-10,234.01
South Korea,KOR,2022-04-11,234.04
South Korea,KOR,2022-04-12,234.07
South Korea,KOR,2022-04-13,234.11
South Korea,KOR,2022-04-14,234.21
South Korea,KOR,2022-04-15,234.41
South Korea,KOR,2022-04-16,234.46
South Korea,KOR,2022-04-17,234.46
South Korea,KOR,2022-04-18,234.58
South Korea,KOR,2022-04-19,234.7
South Korea,KOR,2022-04-20,234.85
South Korea,KOR,2022-04-21,234.99
South Korea,KOR,2022-04-22,235.29
South Korea,KOR,2022-04-23,235.37
South Korea,KOR,2022-04-24,235.37
South Korea,KOR,2022-04-25,235.78
South Korea,KOR,2022-04-26,236.21
South Korea,KOR,2022-04-27,236.65
South Korea,KOR,2022-04-28,237.06
South Korea,KOR,2022-04-29,237.83
South Korea,KOR,2022-04-30,237.99
South Korea,KOR,2022-05-01,237.99
South Korea,KOR,2022-05-02,238.31
South Korea,KOR,2022-05-03,238.66
South Korea,KOR,2022-05-04,238.98
South Korea,KOR,2022-05-05,238.98
South Korea,KOR,2022-05-06,239.48
South Korea,KOR,2022-05-07,239.57
South Korea,KOR,2022-05-08,239.57
South Korea,KOR,2022-05-09,239.78
South Korea,KOR,2022-05-10,240.03
South Korea,KOR,2022-05-11,240.23
South Korea,KOR,2022-05-12,240.44
South Korea,KOR,2022-05-13,240.75
South Korea,KOR,2022-05-14,240.82
South Korea,KOR,2022-05-15,240.83
South Korea,KOR,2022-05-16,240.95
South Korea,KOR,2022-05-17,241.1
South Korea,KOR,2022-05-18,241.22
South Korea,KOR,2022-05-19,241.34
South Korea,KOR,2022-05-20,241.54
South Korea,KOR,2022-05-21,241.59
South Korea,KOR,2022-05-22,241.59
South Korea,KOR,2022-05-23,241.67
South Korea,KOR,2022-05-24,241.77
South Korea,KOR,2022-05-25,241.86
South Korea,KOR,2022-05-26,241.94
South Korea,KOR,2022-05-27,242.1
South Korea,KOR,2022-05-28,242.14
South Korea,KOR,2022-05-29,242.14
South Korea,KOR,2022-05-30,242.2
South Korea,KOR,2022-05-31,242.27
South Korea,KOR,2022-06-01,242.27
South Korea,KOR,2022-06-02,242.33
South Korea,KOR,2022-06-03,242.43
South Korea,KOR,2022-06-04,242.45
South Korea,KOR,2022-06-05,242.45
South Korea,KOR,2022-06-06,242.46
South Korea,KOR,2022-06-07,242.5
South Korea,KOR,2022-06-08,242.54
South Korea,KOR,2022-06-09,242.58
South Korea,KOR,2022-06-10,242.65
South Korea,KOR,2022-06-11,242.66
South Korea,KOR,2022-06-12,242.67
South Korea,KOR,2022-06-13,242.69
South Korea,KOR,2022-06-14,242.72
South Korea,KOR,2022-06-15,242.75
South Korea,KOR,2022-06-16,242.78
South Korea,KOR,2022-06-17,242.83
South Korea,KOR,2022-06-18,242.84
South Korea,KOR,2022-06-19,242.84
South Korea,KOR,2022-06-20,242.86
South Korea,KOR,2022-06-21,242.89
South Korea,KOR,2022-06-22,242.91
South Korea,KOR,2022-06-23,242.94
South Korea,KOR,2022-06-24,242.98
South Korea,KOR,2022-06-25,243
South Korea,KOR,2022-06-26,243
South Korea,KOR,2022-06-27,243.02
South Korea,KOR,2022-06-28,243.04
South Korea,KOR,2022-06-29,243.07
South Korea,KOR,2022-06-30,243.09
South Korea,KOR,2022-07-01,243.13
South Korea,KOR,2022-07-02,243.14
South Korea,KOR,2022-07-03,243.14
South Korea,KOR,2022-07-04,243.16
South Korea,KOR,2022-07-05,243.19
South Korea,KOR,2022-07-06,243.22
South Korea,KOR,2022-07-07,243.25
South Korea,KOR,2022-07-08,243.32
South Korea,KOR,2022-07-09,243.34
South Korea,KOR,2022-07-10,243.34
South Korea,KOR,2022-07-11,243.38
South Korea,KOR,2022-07-12,243.42
South Korea,KOR,2022-07-13,243.48
South Korea,KOR,2022-07-14,243.54
South Korea,KOR,2022-07-15,243.67
South Korea,KOR,2022-07-16,243.7
South Korea,KOR,2022-07-17,243.7
South Korea,KOR,2022-07-18,243.83
South Korea,KOR,2022-07-19,243.98
South Korea,KOR,2022-07-20,244.15
South Korea,KOR,2022-07-21,244.32
South Korea,KOR,2022-07-22,244.66
South Korea,KOR,2022-07-23,244.76
South Korea,KOR,2022-07-24,244.76
South Korea,KOR,2022-07-25,244.91
South Korea,KOR,2022-07-26,245.06
South Korea,KOR,2022-07-27,245.19
South Korea,KOR,2022-07-28,245.31
South Korea,KOR,2022-07-29,245.52
South Korea,KOR,2022-07-30,245.58
South Korea,KOR,2022-07-31,245.58
South Korea,KOR,2022-08-01,245.78
South Korea,KOR,2022-08-02,245.99
South Korea,KOR,2022-08-03,246.17
South Sudan,SSD,2021-04-05,0
South Sudan,SSD,2021-04-15,0.01
South Sudan,SSD,2021-05-12,0.05
South Sudan,SSD,2021-05-18,0.06
South Sudan,SSD,2021-05-21,0.07
South Sudan,SSD,2021-05-24,0.07
South Sudan,SSD,2021-05-26,0.08
South Sudan,SSD,2021-05-31,0.09
South Sudan,SSD,2021-06-08,0.11
South Sudan,SSD,2021-06-14,0.18
South Sudan,SSD,2021-06-20,0.27
South Sudan,SSD,2021-06-24,0.31
South Sudan,SSD,2021-06-28,0.42
South Sudan,SSD,2021-07-05,0.45
South Sudan,SSD,2021-07-12,0.52
South Sudan,SSD,2021-07-13,0.52
South Sudan,SSD,2021-07-19,0.53
South Sudan,SSD,2021-08-30,0.53
South Sudan,SSD,2021-09-06,0.56
South Sudan,SSD,2021-09-08,0.62
South Sudan,SSD,2021-09-19,0.89
South Sudan,SSD,2021-09-22,0.94
South Sudan,SSD,2021-09-23,0.97
South Sudan,SSD,2021-10-01,1.01
South Sudan,SSD,2021-10-08,1.05
South Sudan,SSD,2021-10-11,1.08
South Sudan,SSD,2021-10-17,1.12
South Sudan,SSD,2021-10-20,1.14
South Sudan,SSD,2021-10-25,1.18
South Sudan,SSD,2021-10-27,1.21
South Sudan,SSD,2021-10-29,1.25
South Sudan,SSD,2021-11-05,1.31
South Sudan,SSD,2021-11-06,1.35
South Sudan,SSD,2021-11-09,1.41
South Sudan,SSD,2021-11-23,2.03
South Sudan,SSD,2021-12-06,2.4
South Sudan,SSD,2021-12-12,2.46
South Sudan,SSD,2021-12-15,2.5
South Sudan,SSD,2022-01-09,2.69
South Sudan,SSD,2022-01-15,2.76
South Sudan,SSD,2022-01-23,2.96
South Sudan,SSD,2022-01-31,3.18
South Sudan,SSD,2022-02-05,3.47
South Sudan,SSD,2022-02-20,4.88
South Sudan,SSD,2022-03-23,5.35
South Sudan,SSD,2022-04-08,6
South Sudan,SSD,2022-04-26,6.22
South Sudan,SSD,2022-05-01,6.44
South Sudan,SSD,2022-05-08,6.62
South Sudan,SSD,2022-05-15,6.73
South Sudan,SSD,2022-05-22,6.79
South Sudan,SSD,2022-06-05,9.86
South Sudan,SSD,2022-06-19,11.3
South Sudan,SSD,2022-06-26,11.41
South Sudan,SSD,2022-07-10,12.31
South Sudan,SSD,2022-07-17,12.67
Spain,ESP,2021-01-04,0.17
Spain,ESP,2021-01-05,0.29
Spain,ESP,2021-01-07,0.44
Spain,ESP,2021-01-08,0.59
Spain,ESP,2021-01-11,0.86
Spain,ESP,2021-01-12,1.03
Spain,ESP,2021-01-13,1.22
Spain,ESP,2021-01-14,1.42
Spain,ESP,2021-01-15,1.62
Spain,ESP,2021-01-18,1.89
Spain,ESP,2021-01-19,2.03
Spain,ESP,2021-01-20,2.16
Spain,ESP,2021-01-21,2.32
Spain,ESP,2021-01-22,2.46
Spain,ESP,2021-01-24,2.61
Spain,ESP,2021-01-25,2.72
Spain,ESP,2021-01-26,2.86
Spain,ESP,2021-01-27,2.94
Spain,ESP,2021-01-28,3.1
Spain,ESP,2021-01-31,3.39
Spain,ESP,2021-02-01,3.52
Spain,ESP,2021-02-02,3.72
Spain,ESP,2021-02-03,3.93
Spain,ESP,2021-02-04,4.19
Spain,ESP,2021-02-07,4.43
Spain,ESP,2021-02-08,4.56
Spain,ESP,2021-02-09,4.7
Spain,ESP,2021-02-10,4.89
Spain,ESP,2021-02-11,5.1
Spain,ESP,2021-02-14,5.39
Spain,ESP,2021-02-15,5.53
Spain,ESP,2021-02-16,5.67
Spain,ESP,2021-02-17,5.86
Spain,ESP,2021-02-18,6.18
Spain,ESP,2021-02-21,6.51
Spain,ESP,2021-02-22,6.67
Spain,ESP,2021-02-23,6.92
Spain,ESP,2021-02-24,7.24
Spain,ESP,2021-02-25,7.59
Spain,ESP,2021-02-28,8.06
Spain,ESP,2021-03-01,8.23
Spain,ESP,2021-03-02,8.55
Spain,ESP,2021-03-03,8.91
Spain,ESP,2021-03-04,9.42
Spain,ESP,2021-03-07,9.92
Spain,ESP,2021-03-08,10.21
Spain,ESP,2021-03-09,10.51
Spain,ESP,2021-03-10,10.89
Spain,ESP,2021-03-11,11.27
Spain,ESP,2021-03-15,11.89
Spain,ESP,2021-03-16,12.09
Spain,ESP,2021-03-17,12.33
Spain,ESP,2021-03-18,12.62
Spain,ESP,2021-03-22,13.31
Spain,ESP,2021-03-23,13.5
Spain,ESP,2021-03-24,13.94
Spain,ESP,2021-03-25,14.4
Spain,ESP,2021-03-26,14.88
Spain,ESP,2021-03-29,15.94
Spain,ESP,2021-03-30,16.29
Spain,ESP,2021-03-31,16.92
Spain,ESP,2021-04-01,17.57
Spain,ESP,2021-04-03,18
Spain,ESP,2021-04-05,18.41
Spain,ESP,2021-04-06,19
Spain,ESP,2021-04-07,19.71
Spain,ESP,2021-04-08,20.66
Spain,ESP,2021-04-09,21.55
Spain,ESP,2021-04-12,22.71
Spain,ESP,2021-04-13,23.32
Spain,ESP,2021-04-14,24.08
Spain,ESP,2021-04-15,25.03
Spain,ESP,2021-04-16,25.97
Spain,ESP,2021-04-19,27.07
Spain,ESP,2021-04-20,27.46
Spain,ESP,2021-04-21,28.42
Spain,ESP,2021-04-22,29.29
Spain,ESP,2021-04-23,30.04
Spain,ESP,2021-04-25,30.99
Spain,ESP,2021-04-26,31.58
Spain,ESP,2021-04-27,32.38
Spain,ESP,2021-04-28,33.4
Spain,ESP,2021-04-29,34.46
Spain,ESP,2021-05-02,36.18
Spain,ESP,2021-05-03,36.71
Spain,ESP,2021-05-04,37.73
Spain,ESP,2021-05-05,38.94
Spain,ESP,2021-05-06,40.11
Spain,ESP,2021-05-09,41.76
Spain,ESP,2021-05-10,42.46
Spain,ESP,2021-05-11,43.43
Spain,ESP,2021-05-12,44.37
Spain,ESP,2021-05-13,45.66
Spain,ESP,2021-05-16,46.99
Spain,ESP,2021-05-17,47.57
Spain,ESP,2021-05-18,48.38
Spain,ESP,2021-05-19,49.49
Spain,ESP,2021-05-20,50.46
Spain,ESP,2021-05-23,51.66
Spain,ESP,2021-05-24,52.39
Spain,ESP,2021-05-25,53.24
Spain,ESP,2021-05-26,54.22
Spain,ESP,2021-05-27,55.03
Spain,ESP,2021-05-30,56.49
Spain,ESP,2021-05-31,57.11
Spain,ESP,2021-06-01,58.14
Spain,ESP,2021-06-02,59.35
Spain,ESP,2021-06-03,60.55
Spain,ESP,2021-06-06,63.19
Spain,ESP,2021-06-07,64.17
Spain,ESP,2021-06-08,65.29
Spain,ESP,2021-06-09,66.6
Spain,ESP,2021-06-10,67.98
Spain,ESP,2021-06-13,70
Spain,ESP,2021-06-14,70.82
Spain,ESP,2021-06-15,72.07
Spain,ESP,2021-06-16,73.38
Spain,ESP,2021-06-17,74.57
Spain,ESP,2021-06-20,76.56
Spain,ESP,2021-06-21,77.66
Spain,ESP,2021-06-22,79.1
Spain,ESP,2021-06-23,80.64
Spain,ESP,2021-06-24,81.72
Spain,ESP,2021-06-27,84.05
Spain,ESP,2021-06-28,85.42
Spain,ESP,2021-06-29,86.93
Spain,ESP,2021-06-30,88.5
Spain,ESP,2021-07-01,90.12
Spain,ESP,2021-07-04,92.57
Spain,ESP,2021-07-05,93.8
Spain,ESP,2021-07-06,95.26
Spain,ESP,2021-07-07,96.71
Spain,ESP,2021-07-08,98.16
Spain,ESP,2021-07-11,100.61
Spain,ESP,2021-07-12,101.74
Spain,ESP,2021-07-13,103
Spain,ESP,2021-07-14,104.42
Spain,ESP,2021-07-15,105.8
Spain,ESP,2021-07-18,107.88
Spain,ESP,2021-07-19,108.89
Spain,ESP,2021-07-20,110.12
Spain,ESP,2021-07-21,111.36
Spain,ESP,2021-07-22,112.56
Spain,ESP,2021-07-25,114.26
Spain,ESP,2021-07-26,115.02
Spain,ESP,2021-07-27,116.21
Spain,ESP,2021-07-28,117.32
Spain,ESP,2021-07-29,118.32
Spain,ESP,2021-08-01,119.6
Spain,ESP,2021-08-02,120.33
Spain,ESP,2021-08-03,121.41
Spain,ESP,2021-08-04,122.35
Spain,ESP,2021-08-05,123.28
Spain,ESP,2021-08-08,124.47
Spain,ESP,2021-08-09,125.15
Spain,ESP,2021-08-10,126.2
Spain,ESP,2021-08-11,127.3
Spain,ESP,2021-08-12,128.29
Spain,ESP,2021-08-15,129.34
Spain,ESP,2021-08-16,129.98
Spain,ESP,2021-08-17,130.97
Spain,ESP,2021-08-18,131.96
Spain,ESP,2021-08-19,132.86
Spain,ESP,2021-08-22,133.91
Spain,ESP,2021-08-23,134.64
Spain,ESP,2021-08-24,135.43
Spain,ESP,2021-08-25,136.28
Spain,ESP,2021-08-26,136.96
Spain,ESP,2021-08-29,137.82
Spain,ESP,2021-08-30,138.3
Spain,ESP,2021-08-31,139.26
Spain,ESP,2021-09-01,139.96
Spain,ESP,2021-09-02,140.65
Spain,ESP,2021-09-05,141.49
Spain,ESP,2021-09-06,141.9
Spain,ESP,2021-09-07,142.77
Spain,ESP,2021-09-08,143.2
Spain,ESP,2021-09-09,143.63
Spain,ESP,2021-09-12,144.22
Spain,ESP,2021-09-13,144.5
Spain,ESP,2021-09-14,144.93
Spain,ESP,2021-09-15,145.21
Spain,ESP,2021-09-16,145.5
Spain,ESP,2021-09-19,146.2
Spain,ESP,2021-09-21,146.46
Spain,ESP,2021-09-22,146.66
Spain,ESP,2021-09-23,146.86
Spain,ESP,2021-09-26,147.13
Spain,ESP,2021-09-27,147.28
Spain,ESP,2021-09-28,147.46
Spain,ESP,2021-09-29,147.59
Spain,ESP,2021-09-30,147.73
Spain,ESP,2021-10-03,147.92
Spain,ESP,2021-10-04,148
Spain,ESP,2021-10-05,148.65
Spain,ESP,2021-10-06,148.77
Spain,ESP,2021-10-07,148.88
Spain,ESP,2021-10-10,149.14
Spain,ESP,2021-10-12,149.22
Spain,ESP,2021-10-13,149.35
Spain,ESP,2021-10-14,149.48
Spain,ESP,2021-10-17,149.62
Spain,ESP,2021-10-18,149.67
Spain,ESP,2021-10-19,149.73
Spain,ESP,2021-10-20,150
Spain,ESP,2021-10-21,150.1
Spain,ESP,2021-10-24,150.24
Spain,ESP,2021-10-25,150.29
Spain,ESP,2021-10-26,150.34
Spain,ESP,2021-10-27,151.16
Spain,ESP,2021-10-28,151.5
Spain,ESP,2021-10-30,151.74
Spain,ESP,2021-11-02,152.11
Spain,ESP,2021-11-03,152.49
Spain,ESP,2021-11-04,152.87
Spain,ESP,2021-11-07,153.32
Spain,ESP,2021-11-09,154.04
Spain,ESP,2021-11-10,154.46
Spain,ESP,2021-11-11,155.04
Spain,ESP,2021-11-14,155.59
Spain,ESP,2021-11-15,155.9
Spain,ESP,2021-11-16,156.19
Spain,ESP,2021-11-17,156.89
Spain,ESP,2021-11-18,157.27
Spain,ESP,2021-11-21,157.91
Spain,ESP,2021-11-22,158.3
Spain,ESP,2021-11-23,158.73
Spain,ESP,2021-11-24,159.15
Spain,ESP,2021-11-25,160.1
Spain,ESP,2021-11-28,160.3
Spain,ESP,2021-11-29,161.07
Spain,ESP,2021-11-30,161.48
Spain,ESP,2021-12-01,161.94
Spain,ESP,2021-12-02,162.48
Spain,ESP,2021-12-06,163.29
Spain,ESP,2021-12-08,163.53
Spain,ESP,2021-12-09,163.89
Spain,ESP,2021-12-12,169.83
Spain,ESP,2021-12-13,170.79
Spain,ESP,2021-12-14,172.04
Spain,ESP,2021-12-15,172.82
Spain,ESP,2021-12-16,173.77
Spain,ESP,2021-12-19,175.84
Spain,ESP,2021-12-29,175.9
Spain,ESP,2022-01-02,177.42
Spain,ESP,2022-01-03,177.96
Spain,ESP,2022-01-04,178.56
Spain,ESP,2022-01-06,178.99
Spain,ESP,2022-01-09,180.01
Spain,ESP,2022-01-10,180.54
Spain,ESP,2022-01-11,181.16
Spain,ESP,2022-01-12,181.79
Spain,ESP,2022-01-13,182.49
Spain,ESP,2022-01-16,183.53
Spain,ESP,2022-01-17,184.04
Spain,ESP,2022-01-18,184.57
Spain,ESP,2022-01-19,185.32
Spain,ESP,2022-01-20,186.05
Spain,ESP,2022-01-23,186.91
Spain,ESP,2022-01-24,187.39
Spain,ESP,2022-01-25,187.99
Spain,ESP,2022-01-26,188.49
Spain,ESP,2022-01-27,188.93
Spain,ESP,2022-01-30,189.81
Spain,ESP,2022-01-31,190.1
Spain,ESP,2022-02-01,190.47
Spain,ESP,2022-02-02,190.77
Spain,ESP,2022-02-03,191.03
Spain,ESP,2022-02-06,191.51
Spain,ESP,2022-02-07,191.85
Spain,ESP,2022-02-08,192.08
Spain,ESP,2022-02-09,192.3
Spain,ESP,2022-02-10,192.5
Spain,ESP,2022-02-13,192.84
Spain,ESP,2022-02-14,192.94
Spain,ESP,2022-02-15,193.14
Spain,ESP,2022-02-16,193.78
Spain,ESP,2022-02-17,193.99
Spain,ESP,2022-02-20,194.18
Spain,ESP,2022-02-21,194.24
Spain,ESP,2022-02-22,194.45
Spain,ESP,2022-02-23,194.52
Spain,ESP,2022-02-24,194.77
Spain,ESP,2022-02-27,194.98
Spain,ESP,2022-02-28,195.07
Spain,ESP,2022-03-01,195.17
Spain,ESP,2022-03-02,195.27
Spain,ESP,2022-03-03,195.37
Spain,ESP,2022-03-10,196.57
Spain,ESP,2022-03-16,197.05
Spain,ESP,2022-03-23,197.54
Spain,ESP,2022-03-30,197.96
Spain,ESP,2022-04-06,198.22
Spain,ESP,2022-04-12,198.42
Spain,ESP,2022-04-21,198.57
Spain,ESP,2022-04-27,198.8
Spain,ESP,2022-05-04,198.97
Spain,ESP,2022-05-11,199.14
Spain,ESP,2022-05-18,199.32
Spain,ESP,2022-05-25,199.5
Spain,ESP,2022-06-01,199.67
Spain,ESP,2022-06-08,199.85
Spain,ESP,2022-06-15,200.03
Spain,ESP,2022-06-22,200.21
Spain,ESP,2022-06-29,200.38
Spain,ESP,2022-07-06,200.57
Spain,ESP,2022-07-13,200.77
Spain,ESP,2022-07-20,200.95
Spain,ESP,2022-07-27,201.09
Sri Lanka,LKA,2021-01-28,0
Sri Lanka,LKA,2021-01-29,0.02
Sri Lanka,LKA,2021-01-30,0.17
Sri Lanka,LKA,2021-01-31,0.27
Sri Lanka,LKA,2021-02-01,0.44
Sri Lanka,LKA,2021-02-02,0.55
Sri Lanka,LKA,2021-02-03,0.64
Sri Lanka,LKA,2021-02-04,0.67
Sri Lanka,LKA,2021-02-05,0.72
Sri Lanka,LKA,2021-02-06,0.74
Sri Lanka,LKA,2021-02-07,0.74
Sri Lanka,LKA,2021-02-08,0.77
Sri Lanka,LKA,2021-02-09,0.8
Sri Lanka,LKA,2021-02-10,0.81
Sri Lanka,LKA,2021-02-11,0.82
Sri Lanka,LKA,2021-02-12,0.82
Sri Lanka,LKA,2021-02-13,0.86
Sri Lanka,LKA,2021-02-14,0.87
Sri Lanka,LKA,2021-02-15,0.89
Sri Lanka,LKA,2021-02-16,0.9
Sri Lanka,LKA,2021-02-17,0.97
Sri Lanka,LKA,2021-02-18,1.07
Sri Lanka,LKA,2021-02-19,1.21
Sri Lanka,LKA,2021-02-20,1.39
Sri Lanka,LKA,2021-02-21,1.56
Sri Lanka,LKA,2021-02-22,1.63
Sri Lanka,LKA,2021-02-23,1.69
Sri Lanka,LKA,2021-02-24,1.81
Sri Lanka,LKA,2021-02-26,1.87
Sri Lanka,LKA,2021-02-27,2.03
Sri Lanka,LKA,2021-02-28,2.14
Sri Lanka,LKA,2021-03-01,2.34
Sri Lanka,LKA,2021-03-02,2.54
Sri Lanka,LKA,2021-03-03,2.76
Sri Lanka,LKA,2021-03-04,2.99
Sri Lanka,LKA,2021-03-05,3.21
Sri Lanka,LKA,2021-03-06,3.33
Sri Lanka,LKA,2021-03-07,3.35
Sri Lanka,LKA,2021-03-08,3.39
Sri Lanka,LKA,2021-03-09,3.42
Sri Lanka,LKA,2021-03-10,3.45
Sri Lanka,LKA,2021-03-11,3.49
Sri Lanka,LKA,2021-03-12,3.49
Sri Lanka,LKA,2021-03-13,3.54
Sri Lanka,LKA,2021-03-14,3.55
Sri Lanka,LKA,2021-03-15,3.6
Sri Lanka,LKA,2021-03-16,3.66
Sri Lanka,LKA,2021-03-17,3.7
Sri Lanka,LKA,2021-03-18,3.75
Sri Lanka,LKA,2021-03-19,3.79
Sri Lanka,LKA,2021-03-20,3.81
Sri Lanka,LKA,2021-03-21,3.81
Sri Lanka,LKA,2021-03-22,3.85
Sri Lanka,LKA,2021-03-27,4.06
Sri Lanka,LKA,2021-03-28,4.11
Sri Lanka,LKA,2021-03-29,4.11
Sri Lanka,LKA,2021-03-30,4.15
Sri Lanka,LKA,2021-03-31,4.19
Sri Lanka,LKA,2021-04-01,4.22
Sri Lanka,LKA,2021-04-02,4.24
Sri Lanka,LKA,2021-04-04,4.25
Sri Lanka,LKA,2021-04-06,4.25
Sri Lanka,LKA,2021-04-07,4.25
Sri Lanka,LKA,2021-04-09,4.25
Sri Lanka,LKA,2021-04-11,4.25
Sri Lanka,LKA,2021-04-29,4.29
Sri Lanka,LKA,2021-04-30,4.38
Sri Lanka,LKA,2021-05-01,4.55
Sri Lanka,LKA,2021-05-02,4.67
Sri Lanka,LKA,2021-05-03,4.71
Sri Lanka,LKA,2021-05-04,4.81
Sri Lanka,LKA,2021-05-05,4.91
Sri Lanka,LKA,2021-05-06,5
Sri Lanka,LKA,2021-05-07,5.08
Sri Lanka,LKA,2021-05-09,5.17
Sri Lanka,LKA,2021-05-10,5.19
Sri Lanka,LKA,2021-05-11,5.34
Sri Lanka,LKA,2021-05-12,5.6
Sri Lanka,LKA,2021-05-13,6.02
Sri Lanka,LKA,2021-05-14,6.36
Sri Lanka,LKA,2021-05-16,7.08
Sri Lanka,LKA,2021-05-17,7.21
Sri Lanka,LKA,2021-05-18,7.55
Sri Lanka,LKA,2021-05-19,7.73
Sri Lanka,LKA,2021-05-20,7.84
Sri Lanka,LKA,2021-05-21,7.93
Sri Lanka,LKA,2021-05-22,8.03
Sri Lanka,LKA,2021-05-23,8.11
Sri Lanka,LKA,2021-05-24,8.14
Sri Lanka,LKA,2021-05-25,8.19
Sri Lanka,LKA,2021-05-26,8.2
Sri Lanka,LKA,2021-05-27,8.22
Sri Lanka,LKA,2021-05-28,8.42
Sri Lanka,LKA,2021-05-29,8.5
Sri Lanka,LKA,2021-05-30,8.6
Sri Lanka,LKA,2021-05-31,8.99
Sri Lanka,LKA,2021-06-01,9.38
Sri Lanka,LKA,2021-06-02,9.73
Sri Lanka,LKA,2021-06-05,10.44
Sri Lanka,LKA,2021-06-06,10.55
Sri Lanka,LKA,2021-06-07,10.57
Sri Lanka,LKA,2021-06-08,10.72
Sri Lanka,LKA,2021-06-09,10.92
Sri Lanka,LKA,2021-06-10,11.26
Sri Lanka,LKA,2021-06-11,11.69
Sri Lanka,LKA,2021-06-12,12.09
Sri Lanka,LKA,2021-06-13,12.72
Sri Lanka,LKA,2021-06-14,13
Sri Lanka,LKA,2021-06-15,13.46
Sri Lanka,LKA,2021-06-16,13.91
Sri Lanka,LKA,2021-06-17,14.16
Sri Lanka,LKA,2021-06-18,14.42
Sri Lanka,LKA,2021-06-19,14.78
Sri Lanka,LKA,2021-06-20,14.98
Sri Lanka,LKA,2021-06-21,15.16
Sri Lanka,LKA,2021-06-22,15.27
Sri Lanka,LKA,2021-06-24,15.46
Sri Lanka,LKA,2021-06-28,16.1
Sri Lanka,LKA,2021-06-29,16.42
Sri Lanka,LKA,2021-06-30,16.96
Sri Lanka,LKA,2021-07-01,17.76
Sri Lanka,LKA,2021-07-02,18.54
Sri Lanka,LKA,2021-07-03,18.94
Sri Lanka,LKA,2021-07-04,19.23
Sri Lanka,LKA,2021-07-05,19.39
Sri Lanka,LKA,2021-07-07,20.8
Sri Lanka,LKA,2021-07-08,21.66
Sri Lanka,LKA,2021-07-09,22.68
Sri Lanka,LKA,2021-07-10,23.58
Sri Lanka,LKA,2021-07-11,24.43
Sri Lanka,LKA,2021-07-12,24.98
Sri Lanka,LKA,2021-07-13,26.17
Sri Lanka,LKA,2021-07-14,27.71
Sri Lanka,LKA,2021-07-15,29.54
Sri Lanka,LKA,2021-07-16,31.25
Sri Lanka,LKA,2021-07-17,32.38
Sri Lanka,LKA,2021-07-18,33.28
Sri Lanka,LKA,2021-07-19,33.81
Sri Lanka,LKA,2021-07-20,34.79
Sri Lanka,LKA,2021-07-21,36.06
Sri Lanka,LKA,2021-07-22,36.93
Sri Lanka,LKA,2021-07-23,38.02
Sri Lanka,LKA,2021-07-24,38.76
Sri Lanka,LKA,2021-07-25,40.91
Sri Lanka,LKA,2021-07-26,42.44
Sri Lanka,LKA,2021-07-27,44.65
Sri Lanka,LKA,2021-07-28,46.47
Sri Lanka,LKA,2021-07-29,49.2
Sri Lanka,LKA,2021-07-30,51.64
Sri Lanka,LKA,2021-07-31,54.05
Sri Lanka,LKA,2021-08-01,55.57
Sri Lanka,LKA,2021-08-02,56.64
Sri Lanka,LKA,2021-08-03,58.6
Sri Lanka,LKA,2021-08-04,60.01
Sri Lanka,LKA,2021-08-05,60.91
Sri Lanka,LKA,2021-08-06,61.8
Sri Lanka,LKA,2021-08-07,62.33
Sri Lanka,LKA,2021-08-08,63.22
Sri Lanka,LKA,2021-08-12,70.32
Sri Lanka,LKA,2021-08-15,75.22
Sri Lanka,LKA,2021-08-16,75.76
Sri Lanka,LKA,2021-08-17,77.07
Sri Lanka,LKA,2021-08-18,77.71
Sri Lanka,LKA,2021-08-20,78.39
Sri Lanka,LKA,2021-08-21,80.78
Sri Lanka,LKA,2021-08-22,81.33
Sri Lanka,LKA,2021-08-23,81.57
Sri Lanka,LKA,2021-08-24,82.38
Sri Lanka,LKA,2021-08-25,83.12
Sri Lanka,LKA,2021-08-26,84.24
Sri Lanka,LKA,2021-08-27,85.97
Sri Lanka,LKA,2021-08-28,88.01
Sri Lanka,LKA,2021-08-29,88.88
Sri Lanka,LKA,2021-08-30,89.55
Sri Lanka,LKA,2021-08-31,92.44
Sri Lanka,LKA,2021-09-01,94.79
Sri Lanka,LKA,2021-09-02,97.12
Sri Lanka,LKA,2021-09-03,98.31
Sri Lanka,LKA,2021-09-04,99.51
Sri Lanka,LKA,2021-09-05,100.31
Sri Lanka,LKA,2021-09-06,100.62
Sri Lanka,LKA,2021-09-07,102.13
Sri Lanka,LKA,2021-09-08,104.11
Sri Lanka,LKA,2021-09-09,106.2
Sri Lanka,LKA,2021-09-10,107.82
Sri Lanka,LKA,2021-09-11,109.2
Sri Lanka,LKA,2021-09-12,110.24
Sri Lanka,LKA,2021-09-13,110.58
Sri Lanka,LKA,2021-09-14,111.26
Sri Lanka,LKA,2021-09-15,111.83
Sri Lanka,LKA,2021-09-16,112.35
Sri Lanka,LKA,2021-09-17,112.79
Sri Lanka,LKA,2021-09-18,113.39
Sri Lanka,LKA,2021-09-19,113.92
Sri Lanka,LKA,2021-09-20,114.2
Sri Lanka,LKA,2021-09-21,114.48
Sri Lanka,LKA,2021-09-22,115.33
Sri Lanka,LKA,2021-09-23,116.38
Sri Lanka,LKA,2021-09-24,117.53
Sri Lanka,LKA,2021-09-25,118.55
Sri Lanka,LKA,2021-09-26,119.24
Sri Lanka,LKA,2021-09-27,119.42
Sri Lanka,LKA,2021-09-28,119.85
Sri Lanka,LKA,2021-09-29,120.2
Sri Lanka,LKA,2021-09-30,120.48
Sri Lanka,LKA,2021-10-01,120.78
Sri Lanka,LKA,2021-10-02,121.14
Sri Lanka,LKA,2021-10-03,121.36
Sri Lanka,LKA,2021-10-04,121.44
Sri Lanka,LKA,2021-10-05,121.82
Sri Lanka,LKA,2021-10-06,122.09
Sri Lanka,LKA,2021-10-07,122.55
Sri Lanka,LKA,2021-10-08,123.05
Sri Lanka,LKA,2021-10-09,123.73
Sri Lanka,LKA,2021-10-10,124.27
Sri Lanka,LKA,2021-10-11,124.47
Sri Lanka,LKA,2021-10-12,124.91
Sri Lanka,LKA,2021-10-13,125.31
Sri Lanka,LKA,2021-10-14,125.65
Sri Lanka,LKA,2021-10-15,125.9
Sri Lanka,LKA,2021-10-16,126.25
Sri Lanka,LKA,2021-10-17,126.51
Sri Lanka,LKA,2021-10-18,126.59
Sri Lanka,LKA,2021-10-19,126.78
Sri Lanka,LKA,2021-10-20,126.89
Sri Lanka,LKA,2021-10-21,126.94
Sri Lanka,LKA,2021-10-22,127.68
Sri Lanka,LKA,2021-10-23,128.44
Sri Lanka,LKA,2021-10-24,129.07
Sri Lanka,LKA,2021-10-25,129.26
Sri Lanka,LKA,2021-10-26,129.8
Sri Lanka,LKA,2021-10-27,130.49
Sri Lanka,LKA,2021-10-28,131.27
Sri Lanka,LKA,2021-11-03,133.98
Sri Lanka,LKA,2021-11-04,134.29
Sri Lanka,LKA,2021-11-05,134.34
Sri Lanka,LKA,2021-11-06,134.56
Sri Lanka,LKA,2021-11-07,134.91
Sri Lanka,LKA,2021-11-08,134.94
Sri Lanka,LKA,2021-11-09,135.06
Sri Lanka,LKA,2021-11-10,135.13
Sri Lanka,LKA,2021-11-11,135.22
Sri Lanka,LKA,2021-11-13,135.39
Sri Lanka,LKA,2021-11-14,135.59
Sri Lanka,LKA,2021-11-15,135.68
Sri Lanka,LKA,2021-11-16,135.76
Sri Lanka,LKA,2021-11-17,135.81
Sri Lanka,LKA,2021-11-18,135.87
Sri Lanka,LKA,2021-11-19,135.89
Sri Lanka,LKA,2021-11-20,135.92
Sri Lanka,LKA,2021-11-21,136.02
Sri Lanka,LKA,2021-11-22,136.04
Sri Lanka,LKA,2021-11-23,136.09
Sri Lanka,LKA,2021-11-24,136.12
Sri Lanka,LKA,2021-11-25,136.14
Sri Lanka,LKA,2021-11-26,136.15
Sri Lanka,LKA,2021-11-28,136.24
Sri Lanka,LKA,2021-11-29,136.26
Sri Lanka,LKA,2021-11-30,136.29
Sri Lanka,LKA,2021-12-01,136.32
Sri Lanka,LKA,2021-12-02,136.35
Sri Lanka,LKA,2021-12-03,136.37
Sri Lanka,LKA,2021-12-05,136.44
Sri Lanka,LKA,2021-12-06,136.46
Sri Lanka,LKA,2021-12-07,136.48
Sri Lanka,LKA,2021-12-08,136.5
Sri Lanka,LKA,2021-12-09,141.48
Sri Lanka,LKA,2021-12-11,142.01
Sri Lanka,LKA,2021-12-12,142.43
Sri Lanka,LKA,2021-12-13,142.63
Sri Lanka,LKA,2021-12-14,143.26
Sri Lanka,LKA,2021-12-15,144.24
Sri Lanka,LKA,2021-12-16,145.29
Sri Lanka,LKA,2021-12-17,146.17
Sri Lanka,LKA,2021-12-18,147.52
Sri Lanka,LKA,2021-12-19,147.92
Sri Lanka,LKA,2021-12-20,148.27
Sri Lanka,LKA,2021-12-21,149
Sri Lanka,LKA,2021-12-22,149.86
Sri Lanka,LKA,2021-12-23,150.66
Sri Lanka,LKA,2021-12-24,151.3
Sri Lanka,LKA,2021-12-25,152.05
Sri Lanka,LKA,2021-12-26,152.38
Sri Lanka,LKA,2021-12-27,152.49
Sri Lanka,LKA,2021-12-28,153.26
Sri Lanka,LKA,2021-12-29,153.93
Sri Lanka,LKA,2021-12-30,154.72
Sri Lanka,LKA,2021-12-31,155.42
Sri Lanka,LKA,2022-01-01,155.65
Sri Lanka,LKA,2022-01-02,155.75
Sri Lanka,LKA,2022-01-03,155.78
Sri Lanka,LKA,2022-01-04,155.96
Sri Lanka,LKA,2022-01-05,156.13
Sri Lanka,LKA,2022-01-06,156.37
Sri Lanka,LKA,2022-01-07,156.52
Sri Lanka,LKA,2022-01-08,156.78
Sri Lanka,LKA,2022-01-09,157.01
Sri Lanka,LKA,2022-01-10,157.09
Sri Lanka,LKA,2022-01-11,157.33
Sri Lanka,LKA,2022-01-13,158.43
Sri Lanka,LKA,2022-01-15,159.36
Sri Lanka,LKA,2022-01-16,159.67
Sri Lanka,LKA,2022-01-17,159.94
Sri Lanka,LKA,2022-01-18,159.99
Sri Lanka,LKA,2022-01-19,160.42
Sri Lanka,LKA,2022-01-20,160.76
Sri Lanka,LKA,2022-01-21,161.21
Sri Lanka,LKA,2022-01-22,161.52
Sri Lanka,LKA,2022-01-23,161.76
Sri Lanka,LKA,2022-01-24,161.81
Sri Lanka,LKA,2022-01-25,162.14
Sri Lanka,LKA,2022-01-26,162.47
Sri Lanka,LKA,2022-01-27,162.86
Sri Lanka,LKA,2022-01-28,163.17
Sri Lanka,LKA,2022-01-29,163.65
Sri Lanka,LKA,2022-01-30,164.06
Sri Lanka,LKA,2022-01-31,164.26
Sri Lanka,LKA,2022-02-01,164.73
Sri Lanka,LKA,2022-02-02,165.42
Sri Lanka,LKA,2022-02-03,166.07
Sri Lanka,LKA,2022-02-05,167.72
Sri Lanka,LKA,2022-02-06,168.01
Sri Lanka,LKA,2022-02-07,168.36
Sri Lanka,LKA,2022-02-08,168.63
Sri Lanka,LKA,2022-02-09,168.88
Sri Lanka,LKA,2022-02-10,169.1
Sri Lanka,LKA,2022-02-11,169.41
Sri Lanka,LKA,2022-02-12,169.81
Sri Lanka,LKA,2022-02-13,169.84
Sri Lanka,LKA,2022-02-14,170.1
Sri Lanka,LKA,2022-02-15,170.3
Sri Lanka,LKA,2022-02-16,170.45
Sri Lanka,LKA,2022-02-17,170.77
Sri Lanka,LKA,2022-02-18,171.19
Sri Lanka,LKA,2022-02-19,171.72
Sri Lanka,LKA,2022-02-20,171.87
Sri Lanka,LKA,2022-02-21,172.16
Sri Lanka,LKA,2022-02-22,172.52
Sri Lanka,LKA,2022-02-23,173.87
Sri Lanka,LKA,2022-02-24,174.45
Sri Lanka,LKA,2022-02-25,174.8
Sri Lanka,LKA,2022-02-28,175.79
Sri Lanka,LKA,2022-03-01,175.87
Sri Lanka,LKA,2022-03-02,176.02
Sri Lanka,LKA,2022-03-03,176.15
Sri Lanka,LKA,2022-03-04,176.32
Sri Lanka,LKA,2022-03-05,176.51
Sri Lanka,LKA,2022-03-06,176.61
Sri Lanka,LKA,2022-03-07,176.8
Sri Lanka,LKA,2022-03-08,176.93
Sri Lanka,LKA,2022-03-09,177.07
Sri Lanka,LKA,2022-03-10,177.77
Sri Lanka,LKA,2022-03-11,177.92
Sri Lanka,LKA,2022-03-12,178.08
Sri Lanka,LKA,2022-03-13,178.13
Sri Lanka,LKA,2022-03-14,178.76
Sri Lanka,LKA,2022-03-15,178.91
Sri Lanka,LKA,2022-03-16,179.04
Sri Lanka,LKA,2022-03-17,179.08
Sri Lanka,LKA,2022-03-20,179.4
Sri Lanka,LKA,2022-03-21,179.52
Sri Lanka,LKA,2022-03-22,179.59
Sri Lanka,LKA,2022-03-29,180.46
Sri Lanka,LKA,2022-04-04,180.65
Sri Lanka,LKA,2022-04-11,180.79
Sri Lanka,LKA,2022-04-25,181.15
Sri Lanka,LKA,2022-05-03,181.36
Sri Lanka,LKA,2022-05-09,181.44
Sri Lanka,LKA,2022-05-23,181.62
Sri Lanka,LKA,2022-05-31,181.72
Sri Lanka,LKA,2022-06-07,181.77
Sri Lanka,LKA,2022-06-14,181.81
Sri Lanka,LKA,2022-06-20,181.89
Sri Lanka,LKA,2022-07-11,182.13
Sri Lanka,LKA,2022-07-18,182.15
Sri Lanka,LKA,2022-07-21,182.16
Sudan,SDN,2021-03-10,0
Sudan,SDN,2021-04-05,0.09
Sudan,SDN,2021-04-06,0.14
Sudan,SDN,2021-04-10,0.22
Sudan,SDN,2021-04-23,0.31
Sudan,SDN,2021-05-30,0.78
Sudan,SDN,2021-06-02,0.88
Sudan,SDN,2021-06-07,1.02
Sudan,SDN,2021-06-08,1.06
Sudan,SDN,2021-06-14,1.18
Sudan,SDN,2021-06-20,1.38
Sudan,SDN,2021-06-28,1.47
Sudan,SDN,2021-06-29,1.48
Sudan,SDN,2021-07-18,1.78
Sudan,SDN,2021-08-01,1.79
Sudan,SDN,2021-08-09,1.8
Sudan,SDN,2021-08-11,1.81
Sudan,SDN,2021-08-22,2.47
Sudan,SDN,2021-09-08,2.75
Sudan,SDN,2021-09-14,3.12
Sudan,SDN,2021-09-19,3.29
Sudan,SDN,2021-10-20,3.64
Sudan,SDN,2021-12-08,7.18
Sudan,SDN,2022-01-18,7.98
Sudan,SDN,2022-01-23,8.14
Sudan,SDN,2022-01-25,8.14
Sudan,SDN,2022-02-02,10.93
Sudan,SDN,2022-02-15,12.51
Sudan,SDN,2022-03-07,13.43
Sudan,SDN,2022-03-31,14.81
Sudan,SDN,2022-04-10,15.41
Sudan,SDN,2022-04-19,15.5
Sudan,SDN,2022-05-01,15.54
Sudan,SDN,2022-05-22,15.78
Sudan,SDN,2022-05-30,17.91
Suriname,SUR,2021-02-22,0
Suriname,SUR,2021-03-19,1.5
Suriname,SUR,2021-03-20,1.94
Suriname,SUR,2021-03-22,2.24
Suriname,SUR,2021-03-23,2.4
Suriname,SUR,2021-03-24,2.61
Suriname,SUR,2021-03-26,3.26
Suriname,SUR,2021-03-27,3.65
Suriname,SUR,2021-03-28,3.8
Suriname,SUR,2021-03-30,4
Suriname,SUR,2021-03-31,4.25
Suriname,SUR,2021-04-02,4.53
Suriname,SUR,2021-04-07,4.9
Suriname,SUR,2021-04-09,5.32
Suriname,SUR,2021-04-12,5.39
Suriname,SUR,2021-04-13,5.49
Suriname,SUR,2021-04-16,5.65
Suriname,SUR,2021-04-21,5.78
Suriname,SUR,2021-04-22,5.84
Suriname,SUR,2021-04-24,5.95
Suriname,SUR,2021-04-27,6.06
Suriname,SUR,2021-04-28,6.26
Suriname,SUR,2021-05-01,6.52
Suriname,SUR,2021-05-04,6.74
Suriname,SUR,2021-05-07,7.16
Suriname,SUR,2021-05-08,7.41
Suriname,SUR,2021-05-11,7.86
Suriname,SUR,2021-05-13,8.14
Suriname,SUR,2021-05-15,8.41
Suriname,SUR,2021-05-17,8.84
Suriname,SUR,2021-05-19,9.36
Suriname,SUR,2021-05-20,10.57
Suriname,SUR,2021-05-21,11.14
Suriname,SUR,2021-05-23,12.09
Suriname,SUR,2021-05-25,12.47
Suriname,SUR,2021-05-26,12.81
Suriname,SUR,2021-05-28,13.17
Suriname,SUR,2021-05-29,13.53
Suriname,SUR,2021-06-01,13.89
Suriname,SUR,2021-06-02,14.28
Suriname,SUR,2021-06-03,14.69
Suriname,SUR,2021-06-05,15.78
Suriname,SUR,2021-06-06,16.74
Suriname,SUR,2021-06-07,17.63
Suriname,SUR,2021-06-08,18.01
Suriname,SUR,2021-06-09,18.3
Suriname,SUR,2021-06-12,20.73
Suriname,SUR,2021-06-13,22.33
Suriname,SUR,2021-06-14,23.56
Suriname,SUR,2021-06-15,23.91
Suriname,SUR,2021-06-16,25.4
Suriname,SUR,2021-06-18,27.05
Suriname,SUR,2021-06-20,28.66
Suriname,SUR,2021-06-21,28.91
Suriname,SUR,2021-06-23,29.74
Suriname,SUR,2021-06-24,30.09
Suriname,SUR,2021-06-25,30.56
Suriname,SUR,2021-06-27,31.32
Suriname,SUR,2021-06-28,31.48
Suriname,SUR,2021-06-30,32.01
Suriname,SUR,2021-07-01,32.26
Suriname,SUR,2021-07-02,32.54
Suriname,SUR,2021-07-04,32.92
Suriname,SUR,2021-07-05,33.08
Suriname,SUR,2021-07-06,33.27
Suriname,SUR,2021-07-07,33.5
Suriname,SUR,2021-07-09,33.97
Suriname,SUR,2021-07-11,34.18
Suriname,SUR,2021-07-12,35.21
Suriname,SUR,2021-07-14,35.97
Suriname,SUR,2021-07-15,36.28
Suriname,SUR,2021-07-16,36.73
Suriname,SUR,2021-07-17,36.99
Suriname,SUR,2021-07-18,37.21
Suriname,SUR,2021-07-19,37.37
Suriname,SUR,2021-07-20,37.54
Suriname,SUR,2021-07-21,37.76
Suriname,SUR,2021-07-22,37.96
Suriname,SUR,2021-07-23,38.26
Suriname,SUR,2021-07-24,38.42
Suriname,SUR,2021-07-25,38.53
Suriname,SUR,2021-07-26,38.69
Suriname,SUR,2021-07-27,39.08
Suriname,SUR,2021-07-28,39.39
Suriname,SUR,2021-07-29,39.59
Suriname,SUR,2021-07-30,39.87
Suriname,SUR,2021-07-31,40.13
Suriname,SUR,2021-08-01,40.26
Suriname,SUR,2021-08-02,40.56
Suriname,SUR,2021-08-03,40.96
Suriname,SUR,2021-08-04,41.34
Suriname,SUR,2021-08-05,41.63
Suriname,SUR,2021-08-06,41.66
Suriname,SUR,2021-08-07,42.07
Suriname,SUR,2021-08-08,42.64
Suriname,SUR,2021-08-09,43.04
Suriname,SUR,2021-08-10,43.26
Suriname,SUR,2021-08-11,43.5
Suriname,SUR,2021-08-12,43.72
Suriname,SUR,2021-08-13,44.32
Suriname,SUR,2021-08-14,44.98
Suriname,SUR,2021-08-15,45.37
Suriname,SUR,2021-08-16,45.75
Suriname,SUR,2021-08-17,46.21
Suriname,SUR,2021-08-18,46.53
Suriname,SUR,2021-08-19,47.02
Suriname,SUR,2021-08-20,47.77
Suriname,SUR,2021-08-21,48.9
Suriname,SUR,2021-08-22,49
Suriname,SUR,2021-08-23,50.32
Suriname,SUR,2021-08-24,51
Suriname,SUR,2021-08-25,51.38
Suriname,SUR,2021-08-26,52.17
Suriname,SUR,2021-08-27,52.8
Suriname,SUR,2021-08-28,53.6
Suriname,SUR,2021-08-29,54.33
Suriname,SUR,2021-08-30,54.63
Suriname,SUR,2021-08-31,55
Suriname,SUR,2021-09-01,55.47
Suriname,SUR,2021-09-02,55.92
Suriname,SUR,2021-09-03,56.42
Suriname,SUR,2021-09-04,56.96
Suriname,SUR,2021-09-05,57.36
Suriname,SUR,2021-09-06,57.69
Suriname,SUR,2021-09-07,58.17
Suriname,SUR,2021-09-08,58.67
Suriname,SUR,2021-09-09,59.03
Suriname,SUR,2021-09-10,59.45
Suriname,SUR,2021-09-11,59.54
Suriname,SUR,2021-09-12,59.84
Suriname,SUR,2021-09-13,60.13
Suriname,SUR,2021-09-14,60.44
Suriname,SUR,2021-09-15,60.76
Suriname,SUR,2021-09-16,61.35
Suriname,SUR,2021-09-17,61.44
Suriname,SUR,2021-09-19,61.69
Suriname,SUR,2021-09-20,61.76
Suriname,SUR,2021-09-21,62.47
Suriname,SUR,2021-09-22,62.88
Suriname,SUR,2021-09-23,63.22
Suriname,SUR,2021-09-24,63.73
Suriname,SUR,2021-09-25,63.95
Suriname,SUR,2021-09-27,64.28
Suriname,SUR,2021-09-28,64.64
Suriname,SUR,2021-09-29,64.86
Suriname,SUR,2021-09-30,65.46
Suriname,SUR,2021-10-01,65.82
Suriname,SUR,2021-10-02,65.85
Suriname,SUR,2021-10-04,66.24
Suriname,SUR,2021-10-05,66.62
Suriname,SUR,2021-10-06,66.95
Suriname,SUR,2021-10-07,67.31
Suriname,SUR,2021-10-08,67.59
Suriname,SUR,2021-10-09,67.71
Suriname,SUR,2021-10-10,68.16
Suriname,SUR,2021-10-12,68.42
Suriname,SUR,2021-10-13,68.79
Suriname,SUR,2021-10-14,68.95
Suriname,SUR,2021-10-15,69.43
Suriname,SUR,2021-10-18,69.87
Suriname,SUR,2021-10-19,70.5
Suriname,SUR,2021-10-20,70.78
Suriname,SUR,2021-10-21,71.18
Suriname,SUR,2021-10-22,71.7
Suriname,SUR,2021-10-23,71.87
Suriname,SUR,2021-10-24,72.11
Suriname,SUR,2021-10-25,72.2
Suriname,SUR,2021-10-26,72.51
Suriname,SUR,2021-10-27,72.74
Suriname,SUR,2021-10-28,73.05
Suriname,SUR,2021-10-30,73.31
Suriname,SUR,2021-10-31,73.61
Suriname,SUR,2021-11-01,73.77
Suriname,SUR,2021-11-02,73.95
Suriname,SUR,2021-11-03,74.14
Suriname,SUR,2021-11-04,74.22
Suriname,SUR,2021-11-06,74.6
Suriname,SUR,2021-11-07,74.71
Suriname,SUR,2021-11-08,74.83
Suriname,SUR,2021-11-09,75
Suriname,SUR,2021-11-10,75.19
Suriname,SUR,2021-11-11,75.4
Suriname,SUR,2021-11-12,75.65
Suriname,SUR,2021-11-13,75.66
Suriname,SUR,2021-11-15,76.02
Suriname,SUR,2021-11-17,76.27
Suriname,SUR,2021-11-18,76.39
Suriname,SUR,2021-11-19,76.68
Suriname,SUR,2021-11-20,76.71
Suriname,SUR,2021-11-21,76.96
Suriname,SUR,2021-11-22,77
Suriname,SUR,2021-11-23,77.14
Suriname,SUR,2021-11-25,77.3
Suriname,SUR,2021-11-28,77.56
Suriname,SUR,2021-11-29,77.73
Suriname,SUR,2021-12-01,77.8
Suriname,SUR,2021-12-02,78.14
Suriname,SUR,2021-12-05,78.26
Suriname,SUR,2021-12-06,78.38
Suriname,SUR,2021-12-07,78.47
Suriname,SUR,2021-12-08,78.66
Suriname,SUR,2021-12-09,78.72
Suriname,SUR,2021-12-10,78.75
Suriname,SUR,2021-12-11,78.93
Suriname,SUR,2021-12-13,79.04
Suriname,SUR,2021-12-16,79.23
Suriname,SUR,2021-12-20,79.45
Suriname,SUR,2021-12-22,79.52
Suriname,SUR,2021-12-23,79.6
Suriname,SUR,2021-12-27,79.67
Suriname,SUR,2021-12-30,79.9
Suriname,SUR,2022-01-03,79.98
Suriname,SUR,2022-01-05,80.1
Suriname,SUR,2022-01-06,80.24
Suriname,SUR,2022-01-08,80.33
Suriname,SUR,2022-01-12,80.53
Suriname,SUR,2022-01-13,80.59
Suriname,SUR,2022-01-18,80.75
Suriname,SUR,2022-01-24,80.96
Suriname,SUR,2022-01-27,80.99
Suriname,SUR,2022-01-28,81.15
Suriname,SUR,2022-02-01,81.27
Suriname,SUR,2022-02-12,81.53
Suriname,SUR,2022-02-13,81.55
Suriname,SUR,2022-02-20,81.69
Suriname,SUR,2022-02-27,81.9
Suriname,SUR,2022-03-06,82.02
Suriname,SUR,2022-03-13,82.14
Suriname,SUR,2022-03-14,82.14
Suriname,SUR,2022-03-18,82.15
Suriname,SUR,2022-03-19,82.21
Suriname,SUR,2022-03-27,82.31
Suriname,SUR,2022-04-03,82.37
Suriname,SUR,2022-04-17,82.41
Suriname,SUR,2022-05-23,82.5
Sweden,SWE,2021-01-03,0.02
Sweden,SWE,2021-01-17,1.27
Sweden,SWE,2021-01-24,2.38
Sweden,SWE,2021-01-31,3.26
Sweden,SWE,2021-02-07,4.22
Sweden,SWE,2021-02-14,5.35
Sweden,SWE,2021-02-21,6.83
Sweden,SWE,2021-02-28,8.33
Sweden,SWE,2021-03-07,10.15
Sweden,SWE,2021-03-14,12.27
Sweden,SWE,2021-03-21,13.94
Sweden,SWE,2021-03-28,15.84
Sweden,SWE,2021-04-04,18.39
Sweden,SWE,2021-04-11,21.71
Sweden,SWE,2021-04-18,26.26
Sweden,SWE,2021-04-25,30.48
Sweden,SWE,2021-05-02,34.31
Sweden,SWE,2021-05-09,38.7
Sweden,SWE,2021-05-16,42.78
Sweden,SWE,2021-05-23,47.14
Sweden,SWE,2021-05-30,51.78
Sweden,SWE,2021-06-06,57.38
Sweden,SWE,2021-06-13,63.9
Sweden,SWE,2021-06-20,71.3
Sweden,SWE,2021-06-27,77.4
Sweden,SWE,2021-07-04,84.41
Sweden,SWE,2021-07-11,90.13
Sweden,SWE,2021-07-18,95.01
Sweden,SWE,2021-07-25,99.27
Sweden,SWE,2021-08-01,103.09
Sweden,SWE,2021-08-08,106.95
Sweden,SWE,2021-08-15,111.46
Sweden,SWE,2021-08-22,116.47
Sweden,SWE,2021-08-29,121.03
Sweden,SWE,2021-09-05,124.6
Sweden,SWE,2021-09-12,127.33
Sweden,SWE,2021-09-19,129.62
Sweden,SWE,2021-09-26,131.39
Sweden,SWE,2021-10-03,132.87
Sweden,SWE,2021-10-10,134.27
Sweden,SWE,2021-10-17,136.24
Sweden,SWE,2021-10-24,138.16
Sweden,SWE,2021-10-31,140.1
Sweden,SWE,2021-11-07,141.35
Sweden,SWE,2021-11-14,144.35
Sweden,SWE,2021-11-21,148.22
Sweden,SWE,2021-11-28,152.3
Sweden,SWE,2021-12-05,156.44
Sweden,SWE,2021-12-12,160.91
Sweden,SWE,2021-12-19,166.04
Sweden,SWE,2021-12-26,168.23
Sweden,SWE,2022-01-02,169.68
Sweden,SWE,2022-01-09,171.92
Sweden,SWE,2022-01-16,176.44
Sweden,SWE,2022-01-23,181.66
Sweden,SWE,2022-01-30,186.13
Sweden,SWE,2022-02-06,189.85
Sweden,SWE,2022-02-13,192.69
Sweden,SWE,2022-02-20,194.61
Sweden,SWE,2022-02-27,196.18
Sweden,SWE,2022-03-06,197.54
Sweden,SWE,2022-03-13,198.81
Sweden,SWE,2022-03-20,200.44
Sweden,SWE,2022-03-27,201.56
Sweden,SWE,2022-04-03,202.44
Sweden,SWE,2022-04-10,204.39
Sweden,SWE,2022-04-17,206.18
Sweden,SWE,2022-04-24,208.23
Sweden,SWE,2022-05-01,210.34
Sweden,SWE,2022-05-08,211.93
Sweden,SWE,2022-05-15,213.17
Sweden,SWE,2022-05-19,213.64
Sweden,SWE,2022-05-25,214.44
Sweden,SWE,2022-06-02,215.25
Sweden,SWE,2022-06-09,215.76
Sweden,SWE,2022-06-16,216.21
Sweden,SWE,2022-06-23,216.63
Switzerland,CHE,2020-12-21,0
Switzerland,CHE,2020-12-22,0
Switzerland,CHE,2020-12-23,0
Switzerland,CHE,2020-12-24,0.01
Switzerland,CHE,2020-12-25,0.01
Switzerland,CHE,2020-12-26,0.01
Switzerland,CHE,2020-12-28,0.03
Switzerland,CHE,2020-12-29,0.05
Switzerland,CHE,2020-12-30,0.07
Switzerland,CHE,2020-12-31,0.07
Switzerland,CHE,2021-01-01,0.07
Switzerland,CHE,2021-01-02,0.07
Switzerland,CHE,2021-01-03,0.07
Switzerland,CHE,2021-01-04,0.12
Switzerland,CHE,2021-01-05,0.2
Switzerland,CHE,2021-01-06,0.27
Switzerland,CHE,2021-01-07,0.35
Switzerland,CHE,2021-01-08,0.44
Switzerland,CHE,2021-01-09,0.47
Switzerland,CHE,2021-01-10,0.47
Switzerland,CHE,2021-01-11,0.55
Switzerland,CHE,2021-01-12,0.67
Switzerland,CHE,2021-01-13,0.8
Switzerland,CHE,2021-01-14,0.92
Switzerland,CHE,2021-01-15,1.04
Switzerland,CHE,2021-01-16,1.09
Switzerland,CHE,2021-01-17,1.1
Switzerland,CHE,2021-01-18,1.24
Switzerland,CHE,2021-01-19,1.44
Switzerland,CHE,2021-01-20,1.68
Switzerland,CHE,2021-01-21,1.94
Switzerland,CHE,2021-01-22,2.17
Switzerland,CHE,2021-01-23,2.24
Switzerland,CHE,2021-01-24,2.25
Switzerland,CHE,2021-01-25,2.45
Switzerland,CHE,2021-01-26,2.74
Switzerland,CHE,2021-01-27,3.02
Switzerland,CHE,2021-01-28,3.33
Switzerland,CHE,2021-01-29,3.6
Switzerland,CHE,2021-01-30,3.67
Switzerland,CHE,2021-01-31,3.69
Switzerland,CHE,2021-02-01,3.88
Switzerland,CHE,2021-02-02,4.1
Switzerland,CHE,2021-02-03,4.33
Switzerland,CHE,2021-02-04,4.56
Switzerland,CHE,2021-02-05,4.79
Switzerland,CHE,2021-02-06,4.83
Switzerland,CHE,2021-02-07,4.84
Switzerland,CHE,2021-02-08,5.05
Switzerland,CHE,2021-02-09,5.35
Switzerland,CHE,2021-02-10,5.65
Switzerland,CHE,2021-02-11,5.97
Switzerland,CHE,2021-02-12,6.27
Switzerland,CHE,2021-02-13,6.35
Switzerland,CHE,2021-02-14,6.37
Switzerland,CHE,2021-02-15,6.59
Switzerland,CHE,2021-02-16,6.87
Switzerland,CHE,2021-02-17,7.15
Switzerland,CHE,2021-02-18,7.48
Switzerland,CHE,2021-02-19,7.76
Switzerland,CHE,2021-02-20,7.85
Switzerland,CHE,2021-02-21,7.86
Switzerland,CHE,2021-02-22,8.09
Switzerland,CHE,2021-02-23,8.4
Switzerland,CHE,2021-02-24,8.73
Switzerland,CHE,2021-02-25,9.07
Switzerland,CHE,2021-02-26,9.35
Switzerland,CHE,2021-02-27,9.43
Switzerland,CHE,2021-02-28,9.45
Switzerland,CHE,2021-03-01,9.71
Switzerland,CHE,2021-03-02,10
Switzerland,CHE,2021-03-03,10.37
Switzerland,CHE,2021-03-04,10.76
Switzerland,CHE,2021-03-05,11.09
Switzerland,CHE,2021-03-06,11.16
Switzerland,CHE,2021-03-07,11.19
Switzerland,CHE,2021-03-08,11.46
Switzerland,CHE,2021-03-09,11.81
Switzerland,CHE,2021-03-10,12.15
Switzerland,CHE,2021-03-11,12.53
Switzerland,CHE,2021-03-12,12.84
Switzerland,CHE,2021-03-13,12.91
Switzerland,CHE,2021-03-14,12.93
Switzerland,CHE,2021-03-15,13.17
Switzerland,CHE,2021-03-16,13.5
Switzerland,CHE,2021-03-17,13.86
Switzerland,CHE,2021-03-18,14.25
Switzerland,CHE,2021-03-19,14.57
Switzerland,CHE,2021-03-20,14.64
Switzerland,CHE,2021-03-21,14.66
Switzerland,CHE,2021-03-22,14.94
Switzerland,CHE,2021-03-23,15.32
Switzerland,CHE,2021-03-24,15.72
Switzerland,CHE,2021-03-25,16.17
Switzerland,CHE,2021-03-26,16.59
Switzerland,CHE,2021-03-27,16.7
Switzerland,CHE,2021-03-28,16.74
Switzerland,CHE,2021-03-29,17.13
Switzerland,CHE,2021-03-30,17.6
Switzerland,CHE,2021-03-31,18.05
Switzerland,CHE,2021-04-01,18.53
Switzerland,CHE,2021-04-02,18.65
Switzerland,CHE,2021-04-03,18.72
Switzerland,CHE,2021-04-04,18.74
Switzerland,CHE,2021-04-05,18.81
Switzerland,CHE,2021-04-06,19.25
Switzerland,CHE,2021-04-07,19.79
Switzerland,CHE,2021-04-08,20.39
Switzerland,CHE,2021-04-09,20.94
Switzerland,CHE,2021-04-10,21.11
Switzerland,CHE,2021-04-11,21.15
Switzerland,CHE,2021-04-12,21.67
Switzerland,CHE,2021-04-13,22.29
Switzerland,CHE,2021-04-14,22.94
Switzerland,CHE,2021-04-15,23.61
Switzerland,CHE,2021-04-16,24.24
Switzerland,CHE,2021-04-17,24.45
Switzerland,CHE,2021-04-18,24.52
Switzerland,CHE,2021-04-19,25.12
Switzerland,CHE,2021-04-20,25.86
Switzerland,CHE,2021-04-21,26.63
Switzerland,CHE,2021-04-22,27.49
Switzerland,CHE,2021-04-23,28.26
Switzerland,CHE,2021-04-24,28.57
Switzerland,CHE,2021-04-25,28.71
Switzerland,CHE,2021-04-26,29.37
Switzerland,CHE,2021-04-27,30.22
Switzerland,CHE,2021-04-28,31.07
Switzerland,CHE,2021-04-29,31.91
Switzerland,CHE,2021-04-30,32.65
Switzerland,CHE,2021-05-01,33
Switzerland,CHE,2021-05-02,33.14
Switzerland,CHE,2021-05-03,33.84
Switzerland,CHE,2021-05-04,34.72
Switzerland,CHE,2021-05-05,35.63
Switzerland,CHE,2021-05-06,36.68
Switzerland,CHE,2021-05-07,37.67
Switzerland,CHE,2021-05-08,38.14
Switzerland,CHE,2021-05-09,38.32
Switzerland,CHE,2021-05-10,39.25
Switzerland,CHE,2021-05-11,40.36
Switzerland,CHE,2021-05-12,41.49
Switzerland,CHE,2021-05-13,42.02
Switzerland,CHE,2021-05-14,42.97
Switzerland,CHE,2021-05-15,43.48
Switzerland,CHE,2021-05-16,43.69
Switzerland,CHE,2021-05-17,44.67
Switzerland,CHE,2021-05-18,45.83
Switzerland,CHE,2021-05-19,47.02
Switzerland,CHE,2021-05-20,48.29
Switzerland,CHE,2021-05-21,49.46
Switzerland,CHE,2021-05-22,50.01
Switzerland,CHE,2021-05-23,50.23
Switzerland,CHE,2021-05-24,50.81
Switzerland,CHE,2021-05-25,51.99
Switzerland,CHE,2021-05-26,53.23
Switzerland,CHE,2021-05-27,54.48
Switzerland,CHE,2021-05-28,55.69
Switzerland,CHE,2021-05-29,56.32
Switzerland,CHE,2021-05-30,56.61
Switzerland,CHE,2021-05-31,57.69
Switzerland,CHE,2021-06-01,58.94
Switzerland,CHE,2021-06-02,60.24
Switzerland,CHE,2021-06-03,61.44
Switzerland,CHE,2021-06-04,62.73
Switzerland,CHE,2021-06-05,63.57
Switzerland,CHE,2021-06-06,63.89
Switzerland,CHE,2021-06-07,65.07
Switzerland,CHE,2021-06-08,66.37
Switzerland,CHE,2021-06-09,67.68
Switzerland,CHE,2021-06-10,68.9
Switzerland,CHE,2021-06-11,70.15
Switzerland,CHE,2021-06-12,70.97
Switzerland,CHE,2021-06-13,71.28
Switzerland,CHE,2021-06-14,72.41
Switzerland,CHE,2021-06-15,73.62
Switzerland,CHE,2021-06-16,74.82
Switzerland,CHE,2021-06-17,76.05
Switzerland,CHE,2021-06-18,77.23
Switzerland,CHE,2021-06-19,77.96
Switzerland,CHE,2021-06-20,78.2
Switzerland,CHE,2021-06-21,79.22
Switzerland,CHE,2021-06-22,80.29
Switzerland,CHE,2021-06-23,81.33
Switzerland,CHE,2021-06-24,82.35
Switzerland,CHE,2021-06-25,83.36
Switzerland,CHE,2021-06-26,83.95
Switzerland,CHE,2021-06-27,84.17
Switzerland,CHE,2021-06-28,85.03
Switzerland,CHE,2021-06-29,85.95
Switzerland,CHE,2021-06-30,86.9
Switzerland,CHE,2021-07-01,87.74
Switzerland,CHE,2021-07-02,88.6
Switzerland,CHE,2021-07-03,89.15
Switzerland,CHE,2021-07-04,89.32
Switzerland,CHE,2021-07-05,90.15
Switzerland,CHE,2021-07-06,90.99
Switzerland,CHE,2021-07-07,91.8
Switzerland,CHE,2021-07-08,92.63
Switzerland,CHE,2021-07-09,93.45
Switzerland,CHE,2021-07-10,93.93
Switzerland,CHE,2021-07-11,94.08
Switzerland,CHE,2021-07-12,94.89
Switzerland,CHE,2021-07-13,95.7
Switzerland,CHE,2021-07-14,96.42
Switzerland,CHE,2021-07-15,97.13
Switzerland,CHE,2021-07-16,97.84
Switzerland,CHE,2021-07-17,98.22
Switzerland,CHE,2021-07-18,98.31
Switzerland,CHE,2021-07-19,99.05
Switzerland,CHE,2021-07-20,99.7
Switzerland,CHE,2021-07-21,100.27
Switzerland,CHE,2021-07-22,100.79
Switzerland,CHE,2021-07-23,101.35
Switzerland,CHE,2021-07-24,101.65
Switzerland,CHE,2021-07-25,101.7
Switzerland,CHE,2021-07-26,102.2
Switzerland,CHE,2021-07-27,102.61
Switzerland,CHE,2021-07-28,102.98
Switzerland,CHE,2021-07-29,103.34
Switzerland,CHE,2021-07-30,103.71
Switzerland,CHE,2021-07-31,103.84
Switzerland,CHE,2021-08-01,103.86
Switzerland,CHE,2021-08-02,104.11
Switzerland,CHE,2021-08-03,104.42
Switzerland,CHE,2021-08-04,104.7
Switzerland,CHE,2021-08-05,105
Switzerland,CHE,2021-08-06,105.32
Switzerland,CHE,2021-08-07,105.43
Switzerland,CHE,2021-08-08,105.44
Switzerland,CHE,2021-08-09,105.7
Switzerland,CHE,2021-08-10,105.97
Switzerland,CHE,2021-08-11,106.25
Switzerland,CHE,2021-08-12,106.56
Switzerland,CHE,2021-08-13,106.89
Switzerland,CHE,2021-08-14,107.01
Switzerland,CHE,2021-08-15,107.01
Switzerland,CHE,2021-08-16,107.28
Switzerland,CHE,2021-08-17,107.55
Switzerland,CHE,2021-08-18,107.86
Switzerland,CHE,2021-08-19,108.16
Switzerland,CHE,2021-08-20,108.53
Switzerland,CHE,2021-08-21,108.67
Switzerland,CHE,2021-08-22,108.68
Switzerland,CHE,2021-08-23,108.94
Switzerland,CHE,2021-08-24,109.22
Switzerland,CHE,2021-08-25,109.56
Switzerland,CHE,2021-08-26,109.89
Switzerland,CHE,2021-08-27,110.29
Switzerland,CHE,2021-08-28,110.49
Switzerland,CHE,2021-08-29,110.52
Switzerland,CHE,2021-08-30,110.78
Switzerland,CHE,2021-08-31,111.06
Switzerland,CHE,2021-09-01,111.39
Switzerland,CHE,2021-09-02,111.71
Switzerland,CHE,2021-09-03,112.09
Switzerland,CHE,2021-09-04,112.28
Switzerland,CHE,2021-09-05,112.31
Switzerland,CHE,2021-09-06,112.58
Switzerland,CHE,2021-09-07,112.88
Switzerland,CHE,2021-09-08,113.26
Switzerland,CHE,2021-09-09,113.66
Switzerland,CHE,2021-09-10,114.16
Switzerland,CHE,2021-09-11,114.47
Switzerland,CHE,2021-09-12,114.52
Switzerland,CHE,2021-09-13,114.9
Switzerland,CHE,2021-09-14,115.31
Switzerland,CHE,2021-09-15,115.79
Switzerland,CHE,2021-09-16,116.24
Switzerland,CHE,2021-09-17,116.75
Switzerland,CHE,2021-09-18,117.02
Switzerland,CHE,2021-09-19,117.06
Switzerland,CHE,2021-09-20,117.39
Switzerland,CHE,2021-09-21,117.76
Switzerland,CHE,2021-09-22,118.16
Switzerland,CHE,2021-09-23,118.56
Switzerland,CHE,2021-09-24,119
Switzerland,CHE,2021-09-25,119.26
Switzerland,CHE,2021-09-26,119.3
Switzerland,CHE,2021-09-27,119.6
Switzerland,CHE,2021-09-28,119.9
Switzerland,CHE,2021-09-29,120.25
Switzerland,CHE,2021-09-30,120.58
Switzerland,CHE,2021-10-01,120.96
Switzerland,CHE,2021-10-02,121.16
Switzerland,CHE,2021-10-03,121.2
Switzerland,CHE,2021-10-04,121.49
Switzerland,CHE,2021-10-05,121.77
Switzerland,CHE,2021-10-06,122.11
Switzerland,CHE,2021-10-07,122.43
Switzerland,CHE,2021-10-08,122.82
Switzerland,CHE,2021-10-09,123.06
Switzerland,CHE,2021-10-10,123.09
Switzerland,CHE,2021-10-11,123.39
Switzerland,CHE,2021-10-12,123.69
Switzerland,CHE,2021-10-13,124.07
Switzerland,CHE,2021-10-14,124.41
Switzerland,CHE,2021-10-15,124.82
Switzerland,CHE,2021-10-16,125.03
Switzerland,CHE,2021-10-17,125.05
Switzerland,CHE,2021-10-18,125.32
Switzerland,CHE,2021-10-19,125.6
Switzerland,CHE,2021-10-20,125.91
Switzerland,CHE,2021-10-21,126.19
Switzerland,CHE,2021-10-22,126.49
Switzerland,CHE,2021-10-23,126.66
Switzerland,CHE,2021-10-24,126.68
Switzerland,CHE,2021-10-25,126.88
Switzerland,CHE,2021-10-26,127.08
Switzerland,CHE,2021-10-27,127.31
Switzerland,CHE,2021-10-28,127.5
Switzerland,CHE,2021-10-29,127.74
Switzerland,CHE,2021-10-30,127.84
Switzerland,CHE,2021-10-31,127.85
Switzerland,CHE,2021-11-01,127.95
Switzerland,CHE,2021-11-02,128.11
Switzerland,CHE,2021-11-03,128.29
Switzerland,CHE,2021-11-04,128.43
Switzerland,CHE,2021-11-05,128.62
Switzerland,CHE,2021-11-06,128.72
Switzerland,CHE,2021-11-07,128.73
Switzerland,CHE,2021-11-08,128.91
Switzerland,CHE,2021-11-09,129.12
Switzerland,CHE,2021-11-10,129.38
Switzerland,CHE,2021-11-11,129.65
Switzerland,CHE,2021-11-12,129.98
Switzerland,CHE,2021-11-13,130.16
Switzerland,CHE,2021-11-14,130.19
Switzerland,CHE,2021-11-15,130.59
Switzerland,CHE,2021-11-16,131.04
Switzerland,CHE,2021-11-17,131.58
Switzerland,CHE,2021-11-18,132.12
Switzerland,CHE,2021-11-19,132.68
Switzerland,CHE,2021-11-20,132.93
Switzerland,CHE,2021-11-21,132.97
Switzerland,CHE,2021-11-22,133.48
Switzerland,CHE,2021-11-23,134.07
Switzerland,CHE,2021-11-24,134.73
Switzerland,CHE,2021-11-25,135.37
Switzerland,CHE,2021-11-26,136.02
Switzerland,CHE,2021-11-27,136.28
Switzerland,CHE,2021-11-28,136.34
Switzerland,CHE,2021-11-29,136.96
Switzerland,CHE,2021-11-30,137.66
Switzerland,CHE,2021-12-01,138.48
Switzerland,CHE,2021-12-02,139.25
Switzerland,CHE,2021-12-03,140.07
Switzerland,CHE,2021-12-04,140.47
Switzerland,CHE,2021-12-05,140.58
Switzerland,CHE,2021-12-06,141.33
Switzerland,CHE,2021-12-07,142.25
Switzerland,CHE,2021-12-08,143.09
Switzerland,CHE,2021-12-09,144.07
Switzerland,CHE,2021-12-10,145.07
Switzerland,CHE,2021-12-11,145.62
Switzerland,CHE,2021-12-12,145.8
Switzerland,CHE,2021-12-13,146.67
Switzerland,CHE,2021-12-14,147.65
Switzerland,CHE,2021-12-15,148.65
Switzerland,CHE,2021-12-16,149.68
Switzerland,CHE,2021-12-17,150.68
Switzerland,CHE,2021-12-18,151.28
Switzerland,CHE,2021-12-19,151.55
Switzerland,CHE,2021-12-20,152.51
Switzerland,CHE,2021-12-21,153.6
Switzerland,CHE,2021-12-22,154.66
Switzerland,CHE,2021-12-23,155.57
Switzerland,CHE,2021-12-24,155.78
Switzerland,CHE,2021-12-25,155.79
Switzerland,CHE,2021-12-26,155.83
Switzerland,CHE,2021-12-27,156.62
Switzerland,CHE,2021-12-28,157.48
Switzerland,CHE,2021-12-29,158.36
Switzerland,CHE,2021-12-30,159.12
Switzerland,CHE,2021-12-31,159.33
Switzerland,CHE,2022-01-01,159.35
Switzerland,CHE,2022-01-02,159.41
Switzerland,CHE,2022-01-03,160.25
Switzerland,CHE,2022-01-04,161.24
Switzerland,CHE,2022-01-05,162.24
Switzerland,CHE,2022-01-06,163.24
Switzerland,CHE,2022-01-07,164.26
Switzerland,CHE,2022-01-08,164.84
Switzerland,CHE,2022-01-09,165.11
Switzerland,CHE,2022-01-10,165.93
Switzerland,CHE,2022-01-11,166.85
Switzerland,CHE,2022-01-12,167.72
Switzerland,CHE,2022-01-13,168.6
Switzerland,CHE,2022-01-14,169.51
Switzerland,CHE,2022-01-15,170
Switzerland,CHE,2022-01-16,170.15
Switzerland,CHE,2022-01-17,170.79
Switzerland,CHE,2022-01-18,171.49
Switzerland,CHE,2022-01-19,172.13
Switzerland,CHE,2022-01-20,172.73
Switzerland,CHE,2022-01-21,173.36
Switzerland,CHE,2022-01-22,173.7
Switzerland,CHE,2022-01-23,173.76
Switzerland,CHE,2022-01-24,174.18
Switzerland,CHE,2022-01-25,174.61
Switzerland,CHE,2022-01-26,175
Switzerland,CHE,2022-01-27,175.36
Switzerland,CHE,2022-01-28,175.78
Switzerland,CHE,2022-01-29,175.99
Switzerland,CHE,2022-01-30,176.01
Switzerland,CHE,2022-01-31,176.26
Switzerland,CHE,2022-02-01,176.48
Switzerland,CHE,2022-02-02,176.71
Switzerland,CHE,2022-02-03,176.92
Switzerland,CHE,2022-02-04,177.17
Switzerland,CHE,2022-02-05,177.31
Switzerland,CHE,2022-02-06,177.33
Switzerland,CHE,2022-02-07,177.48
Switzerland,CHE,2022-02-08,177.62
Switzerland,CHE,2022-02-09,177.79
Switzerland,CHE,2022-02-10,177.93
Switzerland,CHE,2022-02-11,178.09
Switzerland,CHE,2022-02-12,178.2
Switzerland,CHE,2022-02-13,178.22
Switzerland,CHE,2022-02-14,178.32
Switzerland,CHE,2022-02-15,178.41
Switzerland,CHE,2022-02-16,178.52
Switzerland,CHE,2022-02-17,178.6
Switzerland,CHE,2022-02-18,178.7
Switzerland,CHE,2022-02-19,178.77
Switzerland,CHE,2022-02-20,178.78
Switzerland,CHE,2022-02-21,178.85
Switzerland,CHE,2022-02-22,178.9
Switzerland,CHE,2022-02-23,178.97
Switzerland,CHE,2022-02-24,179.02
Switzerland,CHE,2022-02-25,179.09
Switzerland,CHE,2022-02-26,179.13
Switzerland,CHE,2022-02-27,179.14
Switzerland,CHE,2022-02-28,179.18
Switzerland,CHE,2022-03-01,179.21
Switzerland,CHE,2022-03-02,179.26
Switzerland,CHE,2022-03-03,179.29
Switzerland,CHE,2022-03-04,179.33
Switzerland,CHE,2022-03-05,179.36
Switzerland,CHE,2022-03-06,179.36
Switzerland,CHE,2022-03-07,179.38
Switzerland,CHE,2022-03-08,179.41
Switzerland,CHE,2022-03-09,179.45
Switzerland,CHE,2022-03-10,179.48
Switzerland,CHE,2022-03-11,179.52
Switzerland,CHE,2022-03-12,179.55
Switzerland,CHE,2022-03-13,179.55
Switzerland,CHE,2022-03-14,179.57
Switzerland,CHE,2022-03-15,179.59
Switzerland,CHE,2022-03-16,179.64
Switzerland,CHE,2022-03-17,179.66
Switzerland,CHE,2022-03-18,179.7
Switzerland,CHE,2022-03-19,179.72
Switzerland,CHE,2022-03-21,179.75
Switzerland,CHE,2022-03-22,179.77
Switzerland,CHE,2022-03-23,179.81
Switzerland,CHE,2022-03-24,179.83
Switzerland,CHE,2022-03-25,179.88
Switzerland,CHE,2022-03-26,179.9
Switzerland,CHE,2022-03-27,179.91
Switzerland,CHE,2022-03-28,179.93
Switzerland,CHE,2022-03-29,179.95
Switzerland,CHE,2022-03-30,180.01
Switzerland,CHE,2022-03-31,180.03
Switzerland,CHE,2022-04-01,180.06
Switzerland,CHE,2022-04-02,180.08
Switzerland,CHE,2022-04-04,180.11
Switzerland,CHE,2022-04-05,180.12
Switzerland,CHE,2022-04-06,180.16
Switzerland,CHE,2022-04-07,180.18
Switzerland,CHE,2022-04-08,180.21
Switzerland,CHE,2022-04-09,180.23
Switzerland,CHE,2022-04-10,180.23
Switzerland,CHE,2022-04-11,180.25
Switzerland,CHE,2022-04-12,180.27
Switzerland,CHE,2022-04-13,180.3
Switzerland,CHE,2022-04-14,180.32
Switzerland,CHE,2022-04-15,180.32
Switzerland,CHE,2022-04-16,180.33
Switzerland,CHE,2022-04-17,180.33
Switzerland,CHE,2022-04-18,180.33
Switzerland,CHE,2022-04-19,180.34
Switzerland,CHE,2022-04-20,180.37
Switzerland,CHE,2022-04-21,180.38
Switzerland,CHE,2022-04-22,180.41
Switzerland,CHE,2022-04-23,180.42
Switzerland,CHE,2022-04-24,180.42
Switzerland,CHE,2022-04-25,180.44
Switzerland,CHE,2022-04-26,180.45
Switzerland,CHE,2022-04-27,180.48
Switzerland,CHE,2022-04-28,180.49
Switzerland,CHE,2022-04-29,180.52
Switzerland,CHE,2022-04-30,180.53
Switzerland,CHE,2022-05-01,180.53
Switzerland,CHE,2022-05-02,180.55
Switzerland,CHE,2022-05-03,180.56
Switzerland,CHE,2022-05-04,180.59
Switzerland,CHE,2022-05-05,180.6
Switzerland,CHE,2022-05-06,180.62
Switzerland,CHE,2022-05-07,180.63
Switzerland,CHE,2022-05-08,180.63
Switzerland,CHE,2022-05-09,180.64
Switzerland,CHE,2022-05-10,180.66
Switzerland,CHE,2022-05-11,180.69
Switzerland,CHE,2022-05-12,180.7
Switzerland,CHE,2022-05-13,180.72
Switzerland,CHE,2022-05-14,180.73
Switzerland,CHE,2022-05-15,180.73
Switzerland,CHE,2022-05-16,180.75
Switzerland,CHE,2022-05-17,180.76
Switzerland,CHE,2022-05-18,180.79
Switzerland,CHE,2022-05-19,180.8
Switzerland,CHE,2022-05-20,180.82
Switzerland,CHE,2022-05-21,180.83
Switzerland,CHE,2022-05-23,180.85
Switzerland,CHE,2022-05-24,180.86
Switzerland,CHE,2022-05-25,180.9
Switzerland,CHE,2022-05-26,180.9
Switzerland,CHE,2022-05-27,180.91
Switzerland,CHE,2022-05-28,180.92
Switzerland,CHE,2022-05-30,180.94
Switzerland,CHE,2022-05-31,180.95
Switzerland,CHE,2022-06-01,180.98
Switzerland,CHE,2022-06-02,180.99
Switzerland,CHE,2022-06-03,181.01
Switzerland,CHE,2022-06-04,181.02
Switzerland,CHE,2022-06-05,181.02
Switzerland,CHE,2022-06-06,181.02
Switzerland,CHE,2022-06-07,181.04
Switzerland,CHE,2022-06-08,181.07
Switzerland,CHE,2022-06-09,181.08
Switzerland,CHE,2022-06-10,181.11
Switzerland,CHE,2022-06-11,181.12
Switzerland,CHE,2022-06-12,181.12
Switzerland,CHE,2022-06-13,181.14
Switzerland,CHE,2022-06-14,181.15
Switzerland,CHE,2022-06-15,181.19
Switzerland,CHE,2022-06-16,181.2
Switzerland,CHE,2022-06-17,181.23
Switzerland,CHE,2022-06-18,181.23
Switzerland,CHE,2022-06-20,181.25
Switzerland,CHE,2022-06-21,181.27
Switzerland,CHE,2022-06-22,181.31
Switzerland,CHE,2022-06-23,181.32
Switzerland,CHE,2022-06-24,181.35
Switzerland,CHE,2022-06-25,181.36
Switzerland,CHE,2022-06-26,181.36
Switzerland,CHE,2022-06-27,181.38
Switzerland,CHE,2022-06-28,181.4
Switzerland,CHE,2022-06-29,181.44
Switzerland,CHE,2022-06-30,181.46
Switzerland,CHE,2022-07-01,181.5
Switzerland,CHE,2022-07-02,181.51
Switzerland,CHE,2022-07-04,181.53
Switzerland,CHE,2022-07-05,181.56
Switzerland,CHE,2022-07-06,181.61
Switzerland,CHE,2022-07-07,181.65
Switzerland,CHE,2022-07-08,181.71
Switzerland,CHE,2022-07-09,181.72
Switzerland,CHE,2022-07-10,181.72
Switzerland,CHE,2022-07-11,181.77
Switzerland,CHE,2022-07-12,181.81
Switzerland,CHE,2022-07-13,181.9
Switzerland,CHE,2022-07-14,181.97
Switzerland,CHE,2022-07-15,182.06
Switzerland,CHE,2022-07-16,182.07
Switzerland,CHE,2022-07-17,182.08
Switzerland,CHE,2022-07-18,182.13
Switzerland,CHE,2022-07-19,182.2
Switzerland,CHE,2022-07-20,182.29
Switzerland,CHE,2022-07-21,182.36
Switzerland,CHE,2022-07-22,182.44
Switzerland,CHE,2022-07-23,182.46
Switzerland,CHE,2022-07-24,182.46
Switzerland,CHE,2022-07-25,182.51
Switzerland,CHE,2022-07-26,182.57
Switzerland,CHE,2022-07-27,182.66
Switzerland,CHE,2022-07-28,182.72
Switzerland,CHE,2022-07-29,182.79
Switzerland,CHE,2022-07-30,182.8
Switzerland,CHE,2022-07-31,182.8
Switzerland,CHE,2022-08-01,182.8
Syria,SYR,2021-03-01,0
Syria,SYR,2021-04-08,0.01
Syria,SYR,2021-05-27,0.12
Syria,SYR,2021-06-06,0.34
Syria,SYR,2021-06-21,0.51
Syria,SYR,2021-07-09,0.62
Syria,SYR,2021-08-09,1.66
Syria,SYR,2021-08-22,1.82
Syria,SYR,2021-08-30,1.89
Syria,SYR,2021-09-13,2.5
Syria,SYR,2021-09-29,3.81
Syria,SYR,2021-10-12,4.52
Syria,SYR,2021-10-25,4.58
Syria,SYR,2021-10-31,5.28
Syria,SYR,2021-11-15,6.63
Syria,SYR,2021-11-28,6.67
Syria,SYR,2021-12-12,7.26
Syria,SYR,2021-12-19,8.15
Syria,SYR,2021-12-21,8.22
Syria,SYR,2022-01-03,13.72
Syria,SYR,2022-01-15,13.95
Syria,SYR,2022-02-12,14.32
Syria,SYR,2022-02-19,14.41
Syria,SYR,2022-02-21,14.95
Syria,SYR,2022-03-01,15.31
Syria,SYR,2022-03-15,15.75
Syria,SYR,2022-03-23,15.8
Syria,SYR,2022-03-27,16.14
Syria,SYR,2022-04-09,16.59
Syria,SYR,2022-04-16,16.93
Syria,SYR,2022-04-22,16.98
Syria,SYR,2022-04-24,17.28
Syria,SYR,2022-04-29,17.29
Syria,SYR,2022-05-07,17.56
Syria,SYR,2022-05-14,17.83
Syria,SYR,2022-05-29,18.15
Syria,SYR,2022-06-13,19.25
Syria,SYR,2022-06-18,19.43
Syria,SYR,2022-06-27,19.51
Syria,SYR,2022-06-28,19.85
Syria,SYR,2022-07-10,19.96
Syria,SYR,2022-07-19,20.59
Taiwan,TWN,2021-03-21,0
Taiwan,TWN,2021-03-22,0.01
Taiwan,TWN,2021-03-23,0.01
Taiwan,TWN,2021-03-24,0.02
Taiwan,TWN,2021-03-25,0.03
Taiwan,TWN,2021-03-26,0.04
Taiwan,TWN,2021-03-27,0.04
Taiwan,TWN,2021-03-28,0.04
Taiwan,TWN,2021-03-29,0.05
Taiwan,TWN,2021-03-30,0.05
Taiwan,TWN,2021-03-31,0.06
Taiwan,TWN,2021-04-01,0.07
Taiwan,TWN,2021-04-02,0.07
Taiwan,TWN,2021-04-03,0.07
Taiwan,TWN,2021-04-04,0.07
Taiwan,TWN,2021-04-05,0.07
Taiwan,TWN,2021-04-06,0.08
Taiwan,TWN,2021-04-07,0.08
Taiwan,TWN,2021-04-08,0.09
Taiwan,TWN,2021-04-09,0.1
Taiwan,TWN,2021-04-10,0.1
Taiwan,TWN,2021-04-11,0.1
Taiwan,TWN,2021-04-12,0.11
Taiwan,TWN,2021-04-13,0.11
Taiwan,TWN,2021-04-14,0.12
Taiwan,TWN,2021-04-15,0.13
Taiwan,TWN,2021-04-16,0.14
Taiwan,TWN,2021-04-17,0.14
Taiwan,TWN,2021-04-20,0.14
Taiwan,TWN,2021-04-21,0.15
Taiwan,TWN,2021-04-22,0.16
Taiwan,TWN,2021-04-23,0.18
Taiwan,TWN,2021-04-24,0.18
Taiwan,TWN,2021-04-26,0.19
Taiwan,TWN,2021-04-27,0.2
Taiwan,TWN,2021-04-28,0.21
Taiwan,TWN,2021-04-29,0.23
Taiwan,TWN,2021-04-30,0.24
Taiwan,TWN,2021-05-02,0.24
Taiwan,TWN,2021-05-03,0.26
Taiwan,TWN,2021-05-04,0.28
Taiwan,TWN,2021-05-05,0.31
Taiwan,TWN,2021-05-06,0.34
Taiwan,TWN,2021-05-07,0.38
Taiwan,TWN,2021-05-09,0.39
Taiwan,TWN,2021-05-11,0.47
Taiwan,TWN,2021-05-12,0.54
Taiwan,TWN,2021-05-13,0.64
Taiwan,TWN,2021-05-14,0.78
Taiwan,TWN,2021-05-16,0.82
Taiwan,TWN,2021-05-17,0.92
Taiwan,TWN,2021-05-18,1.03
Taiwan,TWN,2021-05-19,1.11
Taiwan,TWN,2021-05-20,1.18
Taiwan,TWN,2021-05-21,1.26
Taiwan,TWN,2021-05-23,1.27
Taiwan,TWN,2021-05-24,1.31
Taiwan,TWN,2021-05-25,1.34
Taiwan,TWN,2021-06-02,2.36
Taiwan,TWN,2021-06-03,2.62
Taiwan,TWN,2021-06-04,2.84
Taiwan,TWN,2021-06-06,2.93
Taiwan,TWN,2021-06-07,3.04
Taiwan,TWN,2021-06-08,3.12
Taiwan,TWN,2021-06-09,3.18
Taiwan,TWN,2021-06-10,3.28
Taiwan,TWN,2021-06-11,3.35
Taiwan,TWN,2021-06-14,3.58
Taiwan,TWN,2021-06-15,4.23
Taiwan,TWN,2021-06-16,4.94
Taiwan,TWN,2021-06-17,5.54
Taiwan,TWN,2021-06-18,5.99
Taiwan,TWN,2021-06-20,6.46
Taiwan,TWN,2021-06-21,6.77
Taiwan,TWN,2021-06-22,7.05
Taiwan,TWN,2021-06-23,7.32
Taiwan,TWN,2021-06-24,7.69
Taiwan,TWN,2021-06-25,7.99
Taiwan,TWN,2021-06-27,8.08
Taiwan,TWN,2021-06-28,8.23
Taiwan,TWN,2021-06-29,8.39
Taiwan,TWN,2021-06-30,8.56
Taiwan,TWN,2021-07-01,8.75
Taiwan,TWN,2021-07-02,9.55
Taiwan,TWN,2021-07-04,10.56
Taiwan,TWN,2021-07-05,11.02
Taiwan,TWN,2021-07-06,11.49
Taiwan,TWN,2021-07-07,12.15
Taiwan,TWN,2021-07-08,13.08
Taiwan,TWN,2021-07-09,14.07
Taiwan,TWN,2021-07-11,14.94
Taiwan,TWN,2021-07-12,16.02
Taiwan,TWN,2021-07-13,17.12
Taiwan,TWN,2021-07-14,18.18
Taiwan,TWN,2021-07-15,19.29
Taiwan,TWN,2021-07-16,20.61
Taiwan,TWN,2021-07-18,21.77
Taiwan,TWN,2021-07-19,22.72
Taiwan,TWN,2021-07-20,23.78
Taiwan,TWN,2021-07-21,24.7
Taiwan,TWN,2021-07-22,25.4
Taiwan,TWN,2021-07-23,26.6
Taiwan,TWN,2021-07-25,27.97
Taiwan,TWN,2021-07-26,29.39
Taiwan,TWN,2021-07-27,30.67
Taiwan,TWN,2021-07-28,31.81
Taiwan,TWN,2021-07-29,32.8
Taiwan,TWN,2021-07-30,33.9
Taiwan,TWN,2021-08-01,34.66
Taiwan,TWN,2021-08-02,35.23
Taiwan,TWN,2021-08-03,35.63
Taiwan,TWN,2021-08-04,36.07
Taiwan,TWN,2021-08-05,37.2
Taiwan,TWN,2021-08-06,38.37
Taiwan,TWN,2021-08-08,38.48
Taiwan,TWN,2021-08-09,38.68
Taiwan,TWN,2021-08-10,38.83
Taiwan,TWN,2021-08-11,39.54
Taiwan,TWN,2021-08-12,40.25
Taiwan,TWN,2021-08-13,40.86
Taiwan,TWN,2021-08-15,41.18
Taiwan,TWN,2021-08-16,41.44
Taiwan,TWN,2021-08-17,41.71
Taiwan,TWN,2021-08-18,41.85
Taiwan,TWN,2021-08-19,41.97
Taiwan,TWN,2021-08-20,42.15
Taiwan,TWN,2021-08-22,42.2
Taiwan,TWN,2021-08-23,42.95
Taiwan,TWN,2021-08-24,43.61
Taiwan,TWN,2021-08-25,43.99
Taiwan,TWN,2021-08-26,44.37
Taiwan,TWN,2021-08-27,45.18
Taiwan,TWN,2021-08-29,45.63
Taiwan,TWN,2021-08-30,45.8
Taiwan,TWN,2021-08-31,45.93
Taiwan,TWN,2021-09-01,46.03
Taiwan,TWN,2021-09-02,46.12
Taiwan,TWN,2021-09-03,47.12
Taiwan,TWN,2021-09-05,47.7
Taiwan,TWN,2021-09-06,48.02
Taiwan,TWN,2021-09-07,48.4
Taiwan,TWN,2021-09-08,48.87
Taiwan,TWN,2021-09-09,50.13
Taiwan,TWN,2021-09-10,51.56
Taiwan,TWN,2021-09-12,52.23
Taiwan,TWN,2021-09-13,52.34
Taiwan,TWN,2021-09-14,52.41
Taiwan,TWN,2021-09-15,53.26
Taiwan,TWN,2021-09-16,54.23
Taiwan,TWN,2021-09-17,55.2
Taiwan,TWN,2021-09-21,56.18
Taiwan,TWN,2021-09-22,56.96
Taiwan,TWN,2021-09-23,58.07
Taiwan,TWN,2021-09-24,59.27
Taiwan,TWN,2021-09-26,60.48
Taiwan,TWN,2021-09-27,61.88
Taiwan,TWN,2021-09-28,63.25
Taiwan,TWN,2021-09-29,64.72
Taiwan,TWN,2021-09-30,66.56
Taiwan,TWN,2021-10-01,68.22
Taiwan,TWN,2021-10-03,69.4
Taiwan,TWN,2021-10-04,70.5
Taiwan,TWN,2021-10-05,71.34
Taiwan,TWN,2021-10-06,72.16
Taiwan,TWN,2021-10-07,73.52
Taiwan,TWN,2021-10-08,74.97
Taiwan,TWN,2021-10-11,76.45
Taiwan,TWN,2021-10-12,77.52
Taiwan,TWN,2021-10-13,78.65
Taiwan,TWN,2021-10-14,79.74
Taiwan,TWN,2021-10-15,81.45
Taiwan,TWN,2021-10-17,83.09
Taiwan,TWN,2021-10-18,84.68
Taiwan,TWN,2021-10-19,86.09
Taiwan,TWN,2021-10-20,87.68
Taiwan,TWN,2021-10-21,89.12
Taiwan,TWN,2021-10-22,91.02
Taiwan,TWN,2021-10-24,93.39
Taiwan,TWN,2021-10-25,95.49
Taiwan,TWN,2021-10-26,97.31
Taiwan,TWN,2021-10-27,99.07
Taiwan,TWN,2021-10-28,100.79
Taiwan,TWN,2021-10-29,102.6
Taiwan,TWN,2021-10-31,104.23
Taiwan,TWN,2021-11-01,105.54
Taiwan,TWN,2021-11-02,106.82
Taiwan,TWN,2021-11-03,108.04
Taiwan,TWN,2021-11-04,108.35
Taiwan,TWN,2021-11-05,109.31
Taiwan,TWN,2021-11-07,110.15
Taiwan,TWN,2021-11-08,111.24
Taiwan,TWN,2021-11-09,112.19
Taiwan,TWN,2021-11-10,113.18
Taiwan,TWN,2021-11-11,114.04
Taiwan,TWN,2021-11-12,115.17
Taiwan,TWN,2021-11-14,116.05
Taiwan,TWN,2021-11-15,117.05
Taiwan,TWN,2021-11-16,118.03
Taiwan,TWN,2021-11-17,119.04
Taiwan,TWN,2021-11-18,120.2
Taiwan,TWN,2021-11-19,121.49
Taiwan,TWN,2021-11-22,123.7
Taiwan,TWN,2021-11-23,124.68
Taiwan,TWN,2021-11-24,125.45
Taiwan,TWN,2021-11-25,126.8
Taiwan,TWN,2021-11-26,128.45
Taiwan,TWN,2021-11-28,129.78
Taiwan,TWN,2021-11-29,131
Taiwan,TWN,2021-11-30,132.22
Taiwan,TWN,2021-12-01,133.32
Taiwan,TWN,2021-12-02,134.11
Taiwan,TWN,2021-12-03,135.26
Taiwan,TWN,2021-12-05,136.09
Taiwan,TWN,2021-12-06,136.97
Taiwan,TWN,2021-12-07,137.83
Taiwan,TWN,2021-12-08,138.61
Taiwan,TWN,2021-12-09,139.15
Taiwan,TWN,2021-12-10,139.88
Taiwan,TWN,2021-12-12,140.39
Taiwan,TWN,2021-12-13,140.85
Taiwan,TWN,2021-12-14,141.17
Taiwan,TWN,2021-12-15,141.46
Taiwan,TWN,2021-12-16,141.72
Taiwan,TWN,2021-12-17,142.13
Taiwan,TWN,2021-12-19,142.38
Taiwan,TWN,2021-12-20,142.64
Taiwan,TWN,2021-12-21,142.89
Taiwan,TWN,2021-12-22,143.16
Taiwan,TWN,2021-12-23,143.37
Taiwan,TWN,2021-12-24,143.85
Taiwan,TWN,2021-12-26,143.98
Taiwan,TWN,2021-12-27,144.23
Taiwan,TWN,2021-12-28,144.57
Taiwan,TWN,2021-12-30,145.95
Taiwan,TWN,2021-12-31,146.15
Taiwan,TWN,2022-01-02,146.23
Taiwan,TWN,2022-01-03,146.42
Taiwan,TWN,2022-01-04,146.66
Taiwan,TWN,2022-01-05,146.92
Taiwan,TWN,2022-01-06,147.31
Taiwan,TWN,2022-01-07,147.98
Taiwan,TWN,2022-01-12,148.95
Taiwan,TWN,2022-01-14,149.62
Taiwan,TWN,2022-01-16,157.04
Taiwan,TWN,2022-01-17,158.92
Taiwan,TWN,2022-01-18,160.77
Taiwan,TWN,2022-01-19,162.72
Taiwan,TWN,2022-01-20,164.7
Taiwan,TWN,2022-01-21,166.79
Taiwan,TWN,2022-01-23,168.52
Taiwan,TWN,2022-01-24,170.15
Taiwan,TWN,2022-01-25,171.65
Taiwan,TWN,2022-01-26,173.15
Taiwan,TWN,2022-01-27,174.6
Taiwan,TWN,2022-01-28,175.96
Taiwan,TWN,2022-02-06,177.3
Taiwan,TWN,2022-02-07,178.1
Taiwan,TWN,2022-02-08,179.01
Taiwan,TWN,2022-02-09,180.11
Taiwan,TWN,2022-02-10,181.48
Taiwan,TWN,2022-02-11,183.05
Taiwan,TWN,2022-02-13,184.2
Taiwan,TWN,2022-02-14,185.42
Taiwan,TWN,2022-02-15,186.65
Taiwan,TWN,2022-02-16,188.06
Taiwan,TWN,2022-02-17,189.39
Taiwan,TWN,2022-02-18,190.78
Taiwan,TWN,2022-02-20,191.85
Taiwan,TWN,2022-02-21,192.66
Taiwan,TWN,2022-02-22,193.4
Taiwan,TWN,2022-02-23,194.09
Taiwan,TWN,2022-02-24,194.88
Taiwan,TWN,2022-02-25,196.2
Taiwan,TWN,2022-02-28,197.61
Taiwan,TWN,2022-03-01,198.36
Taiwan,TWN,2022-03-02,198.97
Taiwan,TWN,2022-03-03,199.54
Taiwan,TWN,2022-03-04,200.31
Taiwan,TWN,2022-03-06,200.96
Taiwan,TWN,2022-03-07,201.46
Taiwan,TWN,2022-03-08,201.88
Taiwan,TWN,2022-03-09,202.25
Taiwan,TWN,2022-03-10,202.64
Taiwan,TWN,2022-03-11,203.15
Taiwan,TWN,2022-03-13,203.55
Taiwan,TWN,2022-03-14,203.9
Taiwan,TWN,2022-03-15,204.2
Taiwan,TWN,2022-03-16,204.45
Taiwan,TWN,2022-03-17,204.79
Taiwan,TWN,2022-03-18,205.18
Taiwan,TWN,2022-03-20,205.47
Taiwan,TWN,2022-03-21,205.81
Taiwan,TWN,2022-03-22,206.07
Taiwan,TWN,2022-03-23,206.3
Taiwan,TWN,2022-03-24,206.44
Taiwan,TWN,2022-03-25,206.66
Taiwan,TWN,2022-03-27,206.84
Taiwan,TWN,2022-03-29,207.38
Taiwan,TWN,2022-03-30,207.64
Taiwan,TWN,2022-03-31,207.91
Taiwan,TWN,2022-04-01,208.33
Taiwan,TWN,2022-04-05,208.97
Taiwan,TWN,2022-04-06,209.33
Taiwan,TWN,2022-04-07,209.71
Taiwan,TWN,2022-04-08,210.26
Taiwan,TWN,2022-04-10,210.76
Taiwan,TWN,2022-04-11,211.19
Taiwan,TWN,2022-04-12,211.59
Taiwan,TWN,2022-04-13,212
Taiwan,TWN,2022-04-14,212.46
Taiwan,TWN,2022-04-17,214.02
Taiwan,TWN,2022-04-18,214.62
Taiwan,TWN,2022-04-19,215.11
Taiwan,TWN,2022-04-20,215.63
Taiwan,TWN,2022-04-21,216.22
Taiwan,TWN,2022-04-22,216.92
Taiwan,TWN,2022-04-24,217.46
Taiwan,TWN,2022-04-25,217.97
Taiwan,TWN,2022-04-26,218.38
Taiwan,TWN,2022-04-27,218.81
Taiwan,TWN,2022-04-28,219.24
Taiwan,TWN,2022-04-29,219.74
Taiwan,TWN,2022-05-01,220.13
Taiwan,TWN,2022-05-02,220.44
Taiwan,TWN,2022-05-03,220.77
Taiwan,TWN,2022-05-04,221.31
Taiwan,TWN,2022-05-05,221.73
Taiwan,TWN,2022-05-06,222.26
Taiwan,TWN,2022-05-08,222.68
Taiwan,TWN,2022-05-09,223.01
Taiwan,TWN,2022-05-10,223.32
Taiwan,TWN,2022-05-11,223.66
Taiwan,TWN,2022-05-12,223.99
Taiwan,TWN,2022-05-13,224.52
Taiwan,TWN,2022-05-15,224.9
Taiwan,TWN,2022-05-16,225.22
Taiwan,TWN,2022-05-17,225.54
Taiwan,TWN,2022-05-18,225.87
Taiwan,TWN,2022-05-19,226.21
Taiwan,TWN,2022-05-20,226.67
Taiwan,TWN,2022-05-22,227.04
Taiwan,TWN,2022-05-23,227.32
Taiwan,TWN,2022-05-24,227.58
Taiwan,TWN,2022-05-25,227.97
Taiwan,TWN,2022-05-26,228.49
Taiwan,TWN,2022-05-27,229.12
Taiwan,TWN,2022-05-29,229.75
Taiwan,TWN,2022-05-30,230.24
Taiwan,TWN,2022-05-31,230.82
Taiwan,TWN,2022-06-01,231.49
Taiwan,TWN,2022-06-02,232.42
Taiwan,TWN,2022-06-03,232.71
Taiwan,TWN,2022-06-05,233.06
Taiwan,TWN,2022-06-06,233.55
Taiwan,TWN,2022-06-07,233.99
Taiwan,TWN,2022-06-08,234.45
Taiwan,TWN,2022-06-09,234.93
Taiwan,TWN,2022-06-10,235.62
Taiwan,TWN,2022-06-12,235.85
Taiwan,TWN,2022-06-13,236.16
Taiwan,TWN,2022-06-14,236.45
Taiwan,TWN,2022-06-15,236.81
Taiwan,TWN,2022-06-16,237.2
Taiwan,TWN,2022-06-17,237.84
Taiwan,TWN,2022-06-19,238.19
Taiwan,TWN,2022-06-20,238.63
Taiwan,TWN,2022-06-21,239.04
Taiwan,TWN,2022-06-22,239.7
Taiwan,TWN,2022-06-23,240.32
Taiwan,TWN,2022-06-24,240.84
Taiwan,TWN,2022-06-26,241.22
Taiwan,TWN,2022-06-27,241.63
Taiwan,TWN,2022-06-28,242.02
Taiwan,TWN,2022-06-29,242.49
Taiwan,TWN,2022-06-30,242.96
Taiwan,TWN,2022-07-01,243.4
Taiwan,TWN,2022-07-03,243.67
Taiwan,TWN,2022-07-04,243.99
Taiwan,TWN,2022-07-05,244.36
Taiwan,TWN,2022-07-06,244.71
Taiwan,TWN,2022-07-07,245.03
Taiwan,TWN,2022-07-10,245.64
Taiwan,TWN,2022-07-11,245.84
Taiwan,TWN,2022-07-12,246.02
Taiwan,TWN,2022-07-13,246.2
Taiwan,TWN,2022-07-14,246.36
Taiwan,TWN,2022-07-15,246.6
Taiwan,TWN,2022-07-17,246.72
Taiwan,TWN,2022-07-18,246.87
Taiwan,TWN,2022-07-19,247.02
Taiwan,TWN,2022-07-20,247.16
Taiwan,TWN,2022-07-21,247.35
Taiwan,TWN,2022-07-22,247.82
Taiwan,TWN,2022-07-24,248.19
Taiwan,TWN,2022-07-25,248.49
Taiwan,TWN,2022-07-26,248.81
Taiwan,TWN,2022-07-27,249.11
Taiwan,TWN,2022-07-28,249.45
Taiwan,TWN,2022-07-29,249.8
Taiwan,TWN,2022-07-31,250.02
Taiwan,TWN,2022-08-01,250.19
Taiwan,TWN,2022-08-02,250.34
Taiwan,TWN,2022-08-03,250.49
Tajikistan,TJK,2021-05-07,0.71
Tajikistan,TJK,2021-05-09,0.72
Tajikistan,TJK,2021-05-16,0.74
Tajikistan,TJK,2021-05-23,0.76
Tajikistan,TJK,2021-05-30,0.94
Tajikistan,TJK,2021-06-06,1
Tajikistan,TJK,2021-06-13,1.05
Tajikistan,TJK,2021-06-20,1.35
Tajikistan,TJK,2021-06-27,2.29
Tajikistan,TJK,2021-07-02,3.06
Tajikistan,TJK,2021-07-04,3.31
Tajikistan,TJK,2021-07-06,3.56
Tajikistan,TJK,2021-07-07,3.68
Tajikistan,TJK,2021-07-09,3.91
Tajikistan,TJK,2021-07-11,4.08
Tajikistan,TJK,2021-07-16,4.53
Tajikistan,TJK,2021-07-18,4.64
Tajikistan,TJK,2021-07-21,4.81
Tajikistan,TJK,2021-07-25,5.05
Tajikistan,TJK,2021-07-28,5.79
Tajikistan,TJK,2021-08-01,8.27
Tajikistan,TJK,2021-08-04,11.22
Tajikistan,TJK,2021-08-11,17.14
Tajikistan,TJK,2021-08-15,18.77
Tajikistan,TJK,2021-08-17,20.18
Tajikistan,TJK,2021-08-23,23.14
Tajikistan,TJK,2021-08-31,28.8
Tajikistan,TJK,2021-09-05,31.4
Tajikistan,TJK,2021-09-06,32.56
Tajikistan,TJK,2021-09-13,35.35
Tajikistan,TJK,2021-09-17,38.45
Tajikistan,TJK,2021-09-20,39.72
Tajikistan,TJK,2021-09-27,42.45
Tajikistan,TJK,2021-10-03,44.75
Tajikistan,TJK,2021-10-10,46.42
Tajikistan,TJK,2021-10-17,47.5
Tajikistan,TJK,2021-10-20,48.6
Tajikistan,TJK,2021-10-27,49.43
Tajikistan,TJK,2021-11-07,49.76
Tajikistan,TJK,2021-11-14,51.89
Tajikistan,TJK,2021-11-21,54.27
Tajikistan,TJK,2021-11-28,57.22
Tajikistan,TJK,2021-12-05,58.57
Tajikistan,TJK,2021-12-19,64.49
Tajikistan,TJK,2021-12-26,67.75
Tajikistan,TJK,2022-01-02,70.7
Tajikistan,TJK,2022-01-16,80.04
Tajikistan,TJK,2022-01-23,81.83
Tajikistan,TJK,2022-01-30,85.18
Tajikistan,TJK,2022-02-06,88.21
Tajikistan,TJK,2022-02-20,95.17
Tajikistan,TJK,2022-03-06,103.81
Tajikistan,TJK,2022-03-13,107.07
Tajikistan,TJK,2022-03-27,112.97
Tajikistan,TJK,2022-04-03,116.09
Tajikistan,TJK,2022-04-10,118.28
Tajikistan,TJK,2022-04-17,120.6
Tajikistan,TJK,2022-05-01,125.87
Tajikistan,TJK,2022-05-08,128.25
Tajikistan,TJK,2022-06-12,141.36
Tanzania,TZA,2021-08-08,0.17
Tanzania,TZA,2021-08-16,0.34
Tanzania,TZA,2021-08-28,0.48
Tanzania,TZA,2021-09-11,0.55
Tanzania,TZA,2021-10-13,1.39
Tanzania,TZA,2021-10-29,1.58
Tanzania,TZA,2021-11-22,2.1
Tanzania,TZA,2021-12-06,2.67
Tanzania,TZA,2021-12-28,3.82
Tanzania,TZA,2022-01-21,5.07
Tanzania,TZA,2022-02-23,6.98
Tanzania,TZA,2022-03-11,7.91
Tanzania,TZA,2022-03-23,7.91
Tanzania,TZA,2022-04-26,10.54
Tanzania,TZA,2022-05-01,11.45
Tanzania,TZA,2022-05-22,12.53
Tanzania,TZA,2022-06-19,13.9
Tanzania,TZA,2022-07-03,18.98
Tanzania,TZA,2022-07-17,23.99
Thailand,THA,2021-02-27,0
Thailand,THA,2021-03-01,0
Thailand,THA,2021-03-02,0.01
Thailand,THA,2021-03-10,0.05
Thailand,THA,2021-03-13,0.08
Thailand,THA,2021-03-24,0.14
Thailand,THA,2021-03-30,0.25
Thailand,THA,2021-04-01,0.29
Thailand,THA,2021-04-02,0.32
Thailand,THA,2021-04-03,0.34
Thailand,THA,2021-04-04,0.36
Thailand,THA,2021-04-05,0.41
Thailand,THA,2021-04-06,0.45
Thailand,THA,2021-04-07,0.55
Thailand,THA,2021-04-08,0.65
Thailand,THA,2021-04-09,0.75
Thailand,THA,2021-04-10,0.78
Thailand,THA,2021-04-11,0.8
Thailand,THA,2021-04-12,0.81
Thailand,THA,2021-04-13,0.81
Thailand,THA,2021-04-15,0.82
Thailand,THA,2021-04-16,0.85
Thailand,THA,2021-04-17,0.85
Thailand,THA,2021-04-18,0.86
Thailand,THA,2021-04-19,0.93
Thailand,THA,2021-04-20,1
Thailand,THA,2021-04-21,1.21
Thailand,THA,2021-04-22,1.35
Thailand,THA,2021-04-23,1.53
Thailand,THA,2021-04-24,1.57
Thailand,THA,2021-04-25,1.61
Thailand,THA,2021-04-26,1.71
Thailand,THA,2021-04-27,1.79
Thailand,THA,2021-04-28,1.88
Thailand,THA,2021-04-29,1.97
Thailand,THA,2021-04-30,2.06
Thailand,THA,2021-05-01,2.07
Thailand,THA,2021-05-02,2.08
Thailand,THA,2021-05-03,2.09
Thailand,THA,2021-05-04,2.2
Thailand,THA,2021-05-05,2.24
Thailand,THA,2021-05-06,2.31
Thailand,THA,2021-05-07,2.42
Thailand,THA,2021-05-08,2.44
Thailand,THA,2021-05-09,2.53
Thailand,THA,2021-05-10,2.65
Thailand,THA,2021-05-11,2.7
Thailand,THA,2021-05-12,2.85
Thailand,THA,2021-05-13,2.97
Thailand,THA,2021-05-16,3.16
Thailand,THA,2021-05-17,3.27
Thailand,THA,2021-05-18,3.42
Thailand,THA,2021-05-19,3.55
Thailand,THA,2021-05-20,3.7
Thailand,THA,2021-05-21,3.93
Thailand,THA,2021-05-22,4
Thailand,THA,2021-05-23,4.07
Thailand,THA,2021-05-24,4.22
Thailand,THA,2021-05-25,4.4
Thailand,THA,2021-05-26,4.48
Thailand,THA,2021-05-27,4.67
Thailand,THA,2021-05-28,4.89
Thailand,THA,2021-05-29,4.96
Thailand,THA,2021-05-30,5.04
Thailand,THA,2021-05-31,5.12
Thailand,THA,2021-06-01,5.24
Thailand,THA,2021-06-03,5.53
Thailand,THA,2021-06-04,5.79
Thailand,THA,2021-06-05,5.85
Thailand,THA,2021-06-06,5.89
Thailand,THA,2021-06-07,6.47
Thailand,THA,2021-06-08,7.13
Thailand,THA,2021-06-09,7.6
Thailand,THA,2021-06-10,7.91
Thailand,THA,2021-06-11,8.34
Thailand,THA,2021-06-12,8.49
Thailand,THA,2021-06-13,8.64
Thailand,THA,2021-06-14,9.09
Thailand,THA,2021-06-15,9.47
Thailand,THA,2021-06-16,9.78
Thailand,THA,2021-06-17,10.08
Thailand,THA,2021-06-18,10.45
Thailand,THA,2021-06-19,10.6
Thailand,THA,2021-06-20,10.72
Thailand,THA,2021-06-21,11.04
Thailand,THA,2021-06-22,11.38
Thailand,THA,2021-06-23,11.73
Thailand,THA,2021-06-24,12.09
Thailand,THA,2021-06-25,12.54
Thailand,THA,2021-06-26,12.65
Thailand,THA,2021-06-27,12.78
Thailand,THA,2021-06-28,13.15
Thailand,THA,2021-06-29,13.51
Thailand,THA,2021-06-30,13.87
Thailand,THA,2021-07-01,14.28
Thailand,THA,2021-07-02,14.77
Thailand,THA,2021-07-03,14.9
Thailand,THA,2021-07-04,15.05
Thailand,THA,2021-07-05,15.44
Thailand,THA,2021-07-06,15.82
Thailand,THA,2021-07-07,16.23
Thailand,THA,2021-07-08,16.73
Thailand,THA,2021-07-09,17.28
Thailand,THA,2021-07-10,17.41
Thailand,THA,2021-07-11,17.55
Thailand,THA,2021-07-12,18.03
Thailand,THA,2021-07-13,18.48
Thailand,THA,2021-07-14,18.9
Thailand,THA,2021-07-15,19.31
Thailand,THA,2021-07-16,19.74
Thailand,THA,2021-07-17,19.87
Thailand,THA,2021-07-18,19.97
Thailand,THA,2021-07-19,20.32
Thailand,THA,2021-07-20,20.68
Thailand,THA,2021-07-21,21.07
Thailand,THA,2021-07-22,21.49
Thailand,THA,2021-07-23,21.99
Thailand,THA,2021-07-24,22.16
Thailand,THA,2021-07-25,22.29
Thailand,THA,2021-07-26,22.49
Thailand,THA,2021-07-27,22.94
Thailand,THA,2021-07-28,23.17
Thailand,THA,2021-07-29,23.76
Thailand,THA,2021-07-30,24.43
Thailand,THA,2021-07-31,24.7
Thailand,THA,2021-08-01,24.95
Thailand,THA,2021-08-02,25.42
Thailand,THA,2021-08-03,25.95
Thailand,THA,2021-08-04,26.48
Thailand,THA,2021-08-05,27.42
Thailand,THA,2021-08-06,28.32
Thailand,THA,2021-08-07,28.6
Thailand,THA,2021-08-08,28.87
Thailand,THA,2021-08-09,29.57
Thailand,THA,2021-08-10,30.33
Thailand,THA,2021-08-11,31.13
Thailand,THA,2021-08-12,31.44
Thailand,THA,2021-08-13,32.39
Thailand,THA,2021-08-15,32.95
Thailand,THA,2021-08-16,33.66
Thailand,THA,2021-08-17,34.38
Thailand,THA,2021-08-18,35.15
Thailand,THA,2021-08-19,36.06
Thailand,THA,2021-08-20,36.91
Thailand,THA,2021-08-21,37.47
Thailand,THA,2021-08-22,37.76
Thailand,THA,2021-08-23,38.56
Thailand,THA,2021-08-24,39.38
Thailand,THA,2021-08-25,40.27
Thailand,THA,2021-08-26,41.21
Thailand,THA,2021-08-27,42.49
Thailand,THA,2021-08-28,42.85
Thailand,THA,2021-08-29,43.23
Thailand,THA,2021-08-30,44.37
Thailand,THA,2021-09-01,45.53
Thailand,THA,2021-09-02,46.69
Thailand,THA,2021-09-03,47.89
Thailand,THA,2021-09-04,49.19
Thailand,THA,2021-09-05,49.7
Thailand,THA,2021-09-06,50.16
Thailand,THA,2021-09-07,51.17
Thailand,THA,2021-09-08,52.32
Thailand,THA,2021-09-09,53.32
Thailand,THA,2021-09-10,54.29
Thailand,THA,2021-09-11,55.35
Thailand,THA,2021-09-12,55.95
Thailand,THA,2021-09-13,56.25
Thailand,THA,2021-09-14,57.2
Thailand,THA,2021-09-15,58.17
Thailand,THA,2021-09-16,59.33
Thailand,THA,2021-09-17,60.53
Thailand,THA,2021-09-18,61.3
Thailand,THA,2021-09-19,62.13
Thailand,THA,2021-09-20,62.49
Thailand,THA,2021-09-21,63.14
Thailand,THA,2021-09-22,64.28
Thailand,THA,2021-10-05,78.1
Thailand,THA,2021-10-06,79.13
Thailand,THA,2021-10-07,80.15
Thailand,THA,2021-10-08,81.42
Thailand,THA,2021-10-09,82.83
Thailand,THA,2021-10-10,83.15
Thailand,THA,2021-10-11,84.12
Thailand,THA,2021-10-12,85.24
Thailand,THA,2021-10-13,86.58
Thailand,THA,2021-10-14,87.4
Thailand,THA,2021-10-15,88.85
Thailand,THA,2021-10-16,89.58
Thailand,THA,2021-10-17,91.06
Thailand,THA,2021-10-18,91.73
Thailand,THA,2021-10-19,93
Thailand,THA,2021-10-20,94.39
Thailand,THA,2021-10-21,95.67
Thailand,THA,2021-10-22,96.67
Thailand,THA,2021-10-23,97.66
Thailand,THA,2021-10-24,98.15
Thailand,THA,2021-10-25,98.47
Thailand,THA,2021-10-26,99.49
Thailand,THA,2021-10-27,100.63
Thailand,THA,2021-10-28,101.69
Thailand,THA,2021-10-29,102.92
Thailand,THA,2021-10-30,104.32
Thailand,THA,2021-10-31,105.29
Thailand,THA,2021-11-01,105.74
Thailand,THA,2021-11-02,106.46
Thailand,THA,2021-11-03,107.56
Thailand,THA,2021-11-04,108.7
Thailand,THA,2021-11-05,109.85
Thailand,THA,2021-11-06,111.06
Thailand,THA,2021-11-07,112.04
Thailand,THA,2021-11-08,112.43
Thailand,THA,2021-11-09,113.08
Thailand,THA,2021-11-10,114.19
Thailand,THA,2021-11-11,115.27
Thailand,THA,2021-11-12,116.37
Thailand,THA,2021-11-13,117.45
Thailand,THA,2021-11-14,117.97
Thailand,THA,2021-11-15,118.73
Thailand,THA,2021-11-16,119.29
Thailand,THA,2021-11-17,120.21
Thailand,THA,2021-11-18,121.35
Thailand,THA,2021-11-20,123.37
Thailand,THA,2021-11-21,124.03
Thailand,THA,2021-11-22,124.28
Thailand,THA,2021-11-23,124.77
Thailand,THA,2021-11-24,125.55
Thailand,THA,2021-11-25,126.35
Thailand,THA,2021-11-26,126.72
Thailand,THA,2021-11-27,128.01
Thailand,THA,2021-11-28,128.66
Thailand,THA,2021-11-29,128.99
Thailand,THA,2021-12-01,132.1
Thailand,THA,2021-12-02,132.83
Thailand,THA,2021-12-03,133.7
Thailand,THA,2021-12-04,133.91
Thailand,THA,2021-12-05,134.17
Thailand,THA,2021-12-06,134.29
Thailand,THA,2021-12-07,134.91
Thailand,THA,2021-12-08,135.5
Thailand,THA,2021-12-09,136.2
Thailand,THA,2021-12-10,136.71
Thailand,THA,2021-12-11,136.84
Thailand,THA,2021-12-12,136.94
Thailand,THA,2021-12-13,137.49
Thailand,THA,2021-12-14,138.02
Thailand,THA,2021-12-15,138.62
Thailand,THA,2021-12-16,139.23
Thailand,THA,2021-12-17,140.07
Thailand,THA,2021-12-18,140.32
Thailand,THA,2021-12-19,140.44
Thailand,THA,2021-12-20,141.04
Thailand,THA,2021-12-21,141.67
Thailand,THA,2021-12-22,142.37
Thailand,THA,2021-12-23,143.13
Thailand,THA,2021-12-24,144.04
Thailand,THA,2021-12-25,144.24
Thailand,THA,2021-12-26,144.37
Thailand,THA,2021-12-27,145.08
Thailand,THA,2021-12-28,145.79
Thailand,THA,2021-12-29,146.43
Thailand,THA,2021-12-30,146.85
Thailand,THA,2021-12-31,146.87
Thailand,THA,2022-01-01,146.88
Thailand,THA,2022-01-02,146.9
Thailand,THA,2022-01-03,146.94
Thailand,THA,2022-01-04,147.35
Thailand,THA,2022-01-05,147.95
Thailand,THA,2022-01-06,148.7
Thailand,THA,2022-01-07,149.7
Thailand,THA,2022-01-08,149.92
Thailand,THA,2022-01-09,150.08
Thailand,THA,2022-01-10,150.81
Thailand,THA,2022-01-11,151.57
Thailand,THA,2022-01-12,152.36
Thailand,THA,2022-01-13,153.19
Thailand,THA,2022-01-14,154.26
Thailand,THA,2022-01-15,154.55
Thailand,THA,2022-01-16,154.69
Thailand,THA,2022-01-17,155.33
Thailand,THA,2022-01-18,156.03
Thailand,THA,2022-01-19,156.77
Thailand,THA,2022-01-20,157.57
Thailand,THA,2022-01-21,158.57
Thailand,THA,2022-01-22,158.83
Thailand,THA,2022-01-23,158.98
Thailand,THA,2022-01-24,159.59
Thailand,THA,2022-01-25,160.21
Thailand,THA,2022-01-26,160.82
Thailand,THA,2022-01-27,161.5
Thailand,THA,2022-01-28,162.36
Thailand,THA,2022-01-29,162.57
Thailand,THA,2022-01-30,162.68
Thailand,THA,2022-01-31,163.06
Thailand,THA,2022-02-01,163.37
Thailand,THA,2022-02-02,163.8
Thailand,THA,2022-02-03,164.25
Thailand,THA,2022-02-04,164.9
Thailand,THA,2022-02-05,165.09
Thailand,THA,2022-02-06,165.18
Thailand,THA,2022-02-07,165.57
Thailand,THA,2022-02-08,165.98
Thailand,THA,2022-02-09,166.43
Thailand,THA,2022-02-10,166.89
Thailand,THA,2022-02-11,167.55
Thailand,THA,2022-02-12,167.74
Thailand,THA,2022-02-13,167.82
Thailand,THA,2022-02-14,168.21
Thailand,THA,2022-02-15,168.62
Thailand,THA,2022-02-16,168.74
Thailand,THA,2022-02-17,169.2
Thailand,THA,2022-02-18,169.85
Thailand,THA,2022-02-19,170.03
Thailand,THA,2022-02-20,170.13
Thailand,THA,2022-02-21,170.48
Thailand,THA,2022-02-22,170.87
Thailand,THA,2022-02-23,171.28
Thailand,THA,2022-02-24,171.74
Thailand,THA,2022-02-25,172.4
Thailand,THA,2022-02-26,172.57
Thailand,THA,2022-02-27,172.66
Thailand,THA,2022-02-28,172.96
Thailand,THA,2022-03-01,173.18
Thailand,THA,2022-03-02,173.44
Thailand,THA,2022-03-03,173.72
Thailand,THA,2022-03-04,174.15
Thailand,THA,2022-03-05,174.27
Thailand,THA,2022-03-06,174.32
Thailand,THA,2022-03-07,174.52
Thailand,THA,2022-03-08,174.74
Thailand,THA,2022-03-09,175.01
Thailand,THA,2022-03-10,175.34
Thailand,THA,2022-03-11,175.83
Thailand,THA,2022-03-12,175.96
Thailand,THA,2022-03-13,176.03
Thailand,THA,2022-03-14,176.23
Thailand,THA,2022-03-15,176.46
Thailand,THA,2022-03-16,176.72
Thailand,THA,2022-03-17,177.04
Thailand,THA,2022-03-18,177.53
Thailand,THA,2022-03-19,177.63
Thailand,THA,2022-03-20,177.69
Thailand,THA,2022-03-21,177.91
Thailand,THA,2022-03-22,178.18
Thailand,THA,2022-03-23,178.51
Thailand,THA,2022-03-24,178.91
Thailand,THA,2022-03-25,179.46
Thailand,THA,2022-03-26,179.57
Thailand,THA,2022-03-27,179.63
Thailand,THA,2022-03-28,179.89
Thailand,THA,2022-03-29,180.2
Thailand,THA,2022-03-30,180.56
Thailand,THA,2022-03-31,180.93
Thailand,THA,2022-04-01,181.29
Thailand,THA,2022-04-02,181.37
Thailand,THA,2022-04-03,181.42
Thailand,THA,2022-04-04,181.62
Thailand,THA,2022-04-05,181.88
Thailand,THA,2022-04-06,181.95
Thailand,THA,2022-04-07,182.28
Thailand,THA,2022-04-08,182.73
Thailand,THA,2022-04-09,182.81
Thailand,THA,2022-04-10,182.85
Thailand,THA,2022-04-11,183.07
Thailand,THA,2022-04-12,183.26
Thailand,THA,2022-04-13,183.28
Thailand,THA,2022-04-14,183.3
Thailand,THA,2022-04-15,183.31
Thailand,THA,2022-04-16,183.33
Thailand,THA,2022-04-17,183.35
Thailand,THA,2022-04-18,183.51
Thailand,THA,2022-04-19,183.7
Thailand,THA,2022-04-20,183.89
Thailand,THA,2022-04-21,184.16
Thailand,THA,2022-04-22,184.58
Thailand,THA,2022-04-23,184.68
Thailand,THA,2022-04-24,184.73
Thailand,THA,2022-04-25,184.92
Thailand,THA,2022-04-26,185.13
Thailand,THA,2022-04-27,185.36
Thailand,THA,2022-04-28,185.64
Thailand,THA,2022-04-29,186.04
Thailand,THA,2022-04-30,186.12
Thailand,THA,2022-05-01,186.16
Thailand,THA,2022-05-02,186.28
Thailand,THA,2022-05-03,186.46
Thailand,THA,2022-05-04,186.5
Thailand,THA,2022-05-05,186.76
Thailand,THA,2022-05-06,187.13
Thailand,THA,2022-05-07,187.22
Thailand,THA,2022-05-08,187.29
Thailand,THA,2022-05-09,187.48
Thailand,THA,2022-05-10,187.7
Thailand,THA,2022-05-11,187.96
Thailand,THA,2022-05-12,188.3
Thailand,THA,2022-05-13,188.4
Thailand,THA,2022-05-14,188.47
Thailand,THA,2022-05-15,188.52
Thailand,THA,2022-05-16,188.56
Thailand,THA,2022-05-17,188.75
Thailand,THA,2022-05-18,188.99
Thailand,THA,2022-05-19,189.28
Thailand,THA,2022-05-20,189.71
Thailand,THA,2022-05-21,189.81
Thailand,THA,2022-05-22,189.86
Thailand,THA,2022-05-23,190.01
Thailand,THA,2022-05-24,190.2
Thailand,THA,2022-05-25,190.41
Thailand,THA,2022-05-26,190.65
Thailand,THA,2022-05-27,191.01
Thailand,THA,2022-05-28,191.1
Thailand,THA,2022-05-29,191.14
Thailand,THA,2022-05-30,191.28
Thailand,THA,2022-05-31,191.45
Thailand,THA,2022-06-01,191.54
Thailand,THA,2022-06-02,191.73
Thailand,THA,2022-06-03,191.78
Thailand,THA,2022-06-04,191.82
Thailand,THA,2022-06-05,191.84
Thailand,THA,2022-06-06,191.93
Thailand,THA,2022-06-07,192.02
Thailand,THA,2022-06-08,192.11
Thailand,THA,2022-06-09,192.22
Thailand,THA,2022-06-10,192.42
Thailand,THA,2022-06-11,192.48
Thailand,THA,2022-06-12,192.5
Thailand,THA,2022-06-13,192.57
Thailand,THA,2022-06-14,192.64
Thailand,THA,2022-06-15,192.72
Thailand,THA,2022-06-16,192.82
Thailand,THA,2022-06-17,193
Thailand,THA,2022-06-18,193.06
Thailand,THA,2022-06-19,193.09
Thailand,THA,2022-06-20,193.16
Thailand,THA,2022-06-21,193.24
Thailand,THA,2022-06-22,193.32
Thailand,THA,2022-06-23,193.42
Thailand,THA,2022-06-24,193.61
Thailand,THA,2022-06-25,193.68
Thailand,THA,2022-06-26,193.72
Thailand,THA,2022-06-27,193.79
Thailand,THA,2022-06-28,193.87
Thailand,THA,2022-06-29,193.98
Thailand,THA,2022-06-30,194.11
Thailand,THA,2022-07-01,194.26
Thailand,THA,2022-07-02,194.31
Thailand,THA,2022-07-03,194.34
Thailand,THA,2022-07-04,194.39
Thailand,THA,2022-07-05,194.47
Thailand,THA,2022-07-06,194.56
Thailand,THA,2022-07-07,194.66
Thailand,THA,2022-07-08,194.86
Thailand,THA,2022-07-09,194.92
Thailand,THA,2022-07-10,194.95
Thailand,THA,2022-07-11,195.05
Thailand,THA,2022-07-12,195.17
Thailand,THA,2022-07-13,195.21
Thailand,THA,2022-07-14,195.25
Thailand,THA,2022-07-15,195.3
Thailand,THA,2022-07-16,195.35
Thailand,THA,2022-07-17,195.38
Thailand,THA,2022-07-18,195.46
Thailand,THA,2022-07-19,195.56
Thailand,THA,2022-07-20,195.67
Thailand,THA,2022-07-21,195.79
Thailand,THA,2022-07-22,196.04
Thailand,THA,2022-07-23,196.11
Thailand,THA,2022-07-24,196.16
Thailand,THA,2022-07-25,196.25
Thailand,THA,2022-07-26,196.36
Thailand,THA,2022-07-27,196.5
Thailand,THA,2022-07-28,196.55
Thailand,THA,2022-07-29,196.61
Thailand,THA,2022-07-30,196.65
Thailand,THA,2022-07-31,196.69
Thailand,THA,2022-08-01,196.73
Thailand,THA,2022-08-02,196.78
Thailand,THA,2022-08-03,196.82
Timor,TLS,2021-04-14,0.2
Timor,TLS,2021-05-03,2.32
Timor,TLS,2021-05-17,3.63
Timor,TLS,2021-05-25,4.83
Timor,TLS,2021-06-01,6.19
Timor,TLS,2021-06-08,7.05
Timor,TLS,2021-06-15,8.37
Timor,TLS,2021-06-22,14.33
Timor,TLS,2021-06-29,17.32
Timor,TLS,2021-07-06,18.51
Timor,TLS,2021-07-13,21.29
Timor,TLS,2021-07-19,23.65
Timor,TLS,2021-07-27,27.5
Timor,TLS,2021-08-03,30.51
Timor,TLS,2021-08-10,33.59
Timor,TLS,2021-08-17,37.21
Timor,TLS,2021-08-24,42.15
Timor,TLS,2021-08-31,44.54
Timor,TLS,2021-09-07,46.59
Timor,TLS,2021-09-14,48.7
Timor,TLS,2021-09-20,50.57
Timor,TLS,2021-09-21,51.17
Timor,TLS,2021-09-28,53.89
Timor,TLS,2021-10-05,57.66
Timor,TLS,2021-10-12,61.38
Timor,TLS,2021-10-19,64.77
Timor,TLS,2021-10-26,67.9
Timor,TLS,2021-11-09,73.4
Timor,TLS,2021-11-16,77.01
Timor,TLS,2021-11-23,80.85
Timor,TLS,2021-11-30,84.2
Timor,TLS,2021-12-07,86.45
Timor,TLS,2021-12-21,90.54
Timor,TLS,2022-01-04,91.61
Timor,TLS,2022-01-11,92.24
Timor,TLS,2022-01-18,92.85
Timor,TLS,2022-01-25,93.7
Timor,TLS,2022-02-01,94.07
Timor,TLS,2022-02-08,94.37
Timor,TLS,2022-02-15,94.77
Timor,TLS,2022-02-22,95.31
Timor,TLS,2022-03-01,95.77
Timor,TLS,2022-03-15,97.33
Timor,TLS,2022-03-22,98.2
Timor,TLS,2022-03-29,100.73
Timor,TLS,2022-04-05,104.09
Timor,TLS,2022-04-12,107.29
Timor,TLS,2022-04-26,109.86
Timor,TLS,2022-05-03,111.7
Timor,TLS,2022-05-10,115.6
Timor,TLS,2022-05-24,117.17
Timor,TLS,2022-05-31,119.39
Timor,TLS,2022-06-07,121.06
Timor,TLS,2022-06-15,124.01
Timor,TLS,2022-06-21,125.11
Timor,TLS,2022-07-12,129.93
Timor,TLS,2022-07-19,131.21
Timor,TLS,2022-07-26,132.19
Togo,TGO,2021-03-09,0
Togo,TGO,2021-03-24,0.49
Togo,TGO,2021-04-08,0.96
Togo,TGO,2021-04-13,1.16
Togo,TGO,2021-04-17,1.85
Togo,TGO,2021-05-31,3.61
Togo,TGO,2021-06-08,3.69
Togo,TGO,2021-06-10,4.02
Togo,TGO,2021-07-19,5.25
Togo,TGO,2021-08-03,5.49
Togo,TGO,2021-08-20,6.19
Togo,TGO,2021-09-05,7.54
Togo,TGO,2021-09-17,9.63
Togo,TGO,2021-09-24,11.54
Togo,TGO,2021-10-01,13.02
Togo,TGO,2021-10-08,14.05
Togo,TGO,2021-10-15,14.89
Togo,TGO,2021-10-29,15.91
Togo,TGO,2021-11-05,16.34
Togo,TGO,2021-11-12,16.81
Togo,TGO,2021-11-19,17.44
Togo,TGO,2021-11-26,19.26
Togo,TGO,2021-12-03,22.34
Togo,TGO,2021-12-10,24.98
Togo,TGO,2021-12-17,26.55
Togo,TGO,2021-12-24,27.5
Togo,TGO,2021-12-31,27.92
Togo,TGO,2022-01-07,28.3
Togo,TGO,2022-01-14,28.7
Togo,TGO,2022-01-21,29.1
Togo,TGO,2022-03-04,31.63
Togo,TGO,2022-03-11,31.9
Togo,TGO,2022-04-26,38.07
Togo,TGO,2022-05-01,38.07
Togo,TGO,2022-05-08,38.07
Togo,TGO,2022-05-22,38.07
Togo,TGO,2022-05-29,38.07
Togo,TGO,2022-06-05,38.07
Togo,TGO,2022-07-10,38.07
Tokelau,TKL,2021-06-21,0
Tokelau,TKL,2021-08-02,51.54
Tokelau,TKL,2021-08-16,52.35
Tokelau,TKL,2021-10-12,104.71
Tokelau,TKL,2022-07-25,133.26
Tonga,TON,2021-04-20,2.16
Tonga,TON,2021-04-27,6.33
Tonga,TON,2021-05-04,11.56
Tonga,TON,2021-05-11,17.01
Tonga,TON,2021-05-18,22.37
Tonga,TON,2021-05-25,24.5
Tonga,TON,2021-06-01,28.28
Tonga,TON,2021-06-21,28.31
Tonga,TON,2021-07-20,33.61
Tonga,TON,2021-07-27,37.27
Tonga,TON,2021-08-02,44.85
Tonga,TON,2021-08-23,51.52
Tonga,TON,2021-08-31,64.52
Tonga,TON,2021-09-21,69.43
Tonga,TON,2021-10-05,70.27
Tonga,TON,2021-10-18,75.52
Tonga,TON,2021-10-25,79.71
Tonga,TON,2021-11-01,86.5
Tonga,TON,2021-11-15,96.75
Tonga,TON,2021-11-22,110.13
Tonga,TON,2021-11-30,111.48
Tonga,TON,2021-12-06,112.75
Tonga,TON,2021-12-20,122.84
Tonga,TON,2022-01-04,129.01
Tonga,TON,2022-01-11,130.31
Tonga,TON,2022-01-18,130.81
Tonga,TON,2022-02-21,136.73
Tonga,TON,2022-02-28,138.84
Tonga,TON,2022-04-04,157.64
Tonga,TON,2022-04-11,170.93
Tonga,TON,2022-05-02,179.66
Tonga,TON,2022-06-13,227.87
Tonga,TON,2022-06-20,228.86
Trinidad and Tobago,TTO,2021-02-15,0
Trinidad and Tobago,TTO,2021-02-22,0.03
Trinidad and Tobago,TTO,2021-02-27,0.06
Trinidad and Tobago,TTO,2021-04-08,0.31
Trinidad and Tobago,TTO,2021-04-15,0.86
Trinidad and Tobago,TTO,2021-04-16,1.01
Trinidad and Tobago,TTO,2021-04-17,1.08
Trinidad and Tobago,TTO,2021-04-18,1.08
Trinidad and Tobago,TTO,2021-04-19,1.16
Trinidad and Tobago,TTO,2021-04-20,1.28
Trinidad and Tobago,TTO,2021-04-21,1.39
Trinidad and Tobago,TTO,2021-04-22,1.58
Trinidad and Tobago,TTO,2021-04-23,1.82
Trinidad and Tobago,TTO,2021-04-24,2.02
Trinidad and Tobago,TTO,2021-04-25,2.25
Trinidad and Tobago,TTO,2021-04-26,2.72
Trinidad and Tobago,TTO,2021-04-27,2.73
Trinidad and Tobago,TTO,2021-04-28,2.76
Trinidad and Tobago,TTO,2021-04-29,2.76
Trinidad and Tobago,TTO,2021-04-30,2.78
Trinidad and Tobago,TTO,2021-05-03,2.94
Trinidad and Tobago,TTO,2021-05-04,3.37
Trinidad and Tobago,TTO,2021-05-05,3.64
Trinidad and Tobago,TTO,2021-05-06,3.82
Trinidad and Tobago,TTO,2021-05-07,3.91
Trinidad and Tobago,TTO,2021-05-08,3.98
Trinidad and Tobago,TTO,2021-05-09,4.01
Trinidad and Tobago,TTO,2021-05-10,4.02
Trinidad and Tobago,TTO,2021-05-11,4.04
Trinidad and Tobago,TTO,2021-05-12,4.05
Trinidad and Tobago,TTO,2021-05-13,4.05
Trinidad and Tobago,TTO,2021-05-14,4.05
Trinidad and Tobago,TTO,2021-05-15,4.05
Trinidad and Tobago,TTO,2021-05-18,4.13
Trinidad and Tobago,TTO,2021-05-21,4.16
Trinidad and Tobago,TTO,2021-05-22,4.31
Trinidad and Tobago,TTO,2021-05-23,4.42
Trinidad and Tobago,TTO,2021-05-24,4.49
Trinidad and Tobago,TTO,2021-05-25,4.8
Trinidad and Tobago,TTO,2021-05-26,5.03
Trinidad and Tobago,TTO,2021-05-27,5.21
Trinidad and Tobago,TTO,2021-05-28,5.64
Trinidad and Tobago,TTO,2021-05-29,6.03
Trinidad and Tobago,TTO,2021-05-30,6.19
Trinidad and Tobago,TTO,2021-05-31,6.28
Trinidad and Tobago,TTO,2021-06-01,6.54
Trinidad and Tobago,TTO,2021-06-02,6.89
Trinidad and Tobago,TTO,2021-06-03,7.06
Trinidad and Tobago,TTO,2021-06-04,7.29
Trinidad and Tobago,TTO,2021-06-05,7.56
Trinidad and Tobago,TTO,2021-06-06,7.85
Trinidad and Tobago,TTO,2021-06-07,8.22
Trinidad and Tobago,TTO,2021-06-08,8.71
Trinidad and Tobago,TTO,2021-06-09,9.34
Trinidad and Tobago,TTO,2021-06-10,9.94
Trinidad and Tobago,TTO,2021-06-11,10.47
Trinidad and Tobago,TTO,2021-06-12,10.75
Trinidad and Tobago,TTO,2021-06-13,11.15
Trinidad and Tobago,TTO,2021-06-14,11.8
Trinidad and Tobago,TTO,2021-06-15,12.16
Trinidad and Tobago,TTO,2021-06-16,12.62
Trinidad and Tobago,TTO,2021-06-17,13.2
Trinidad and Tobago,TTO,2021-06-18,13.8
Trinidad and Tobago,TTO,2021-06-19,14.16
Trinidad and Tobago,TTO,2021-06-21,14.58
Trinidad and Tobago,TTO,2021-06-22,14.76
Trinidad and Tobago,TTO,2021-06-23,15.43
Trinidad and Tobago,TTO,2021-06-24,16.06
Trinidad and Tobago,TTO,2021-06-25,16.9
Trinidad and Tobago,TTO,2021-06-26,17.55
Trinidad and Tobago,TTO,2021-06-27,18.07
Trinidad and Tobago,TTO,2021-06-28,18.62
Trinidad and Tobago,TTO,2021-06-29,19.19
Trinidad and Tobago,TTO,2021-06-30,19.83
Trinidad and Tobago,TTO,2021-07-01,20.44
Trinidad and Tobago,TTO,2021-07-02,20.95
Trinidad and Tobago,TTO,2021-07-03,21.34
Trinidad and Tobago,TTO,2021-07-04,21.82
Trinidad and Tobago,TTO,2021-07-05,22.29
Trinidad and Tobago,TTO,2021-07-06,22.56
Trinidad and Tobago,TTO,2021-07-07,23.04
Trinidad and Tobago,TTO,2021-07-08,23.77
Trinidad and Tobago,TTO,2021-07-09,23.95
Trinidad and Tobago,TTO,2021-07-10,24
Trinidad and Tobago,TTO,2021-07-13,24.24
Trinidad and Tobago,TTO,2021-07-14,24.38
Trinidad and Tobago,TTO,2021-07-15,24.64
Trinidad and Tobago,TTO,2021-07-16,25.32
Trinidad and Tobago,TTO,2021-07-17,26.57
Trinidad and Tobago,TTO,2021-07-18,27.22
Trinidad and Tobago,TTO,2021-07-19,27.93
Trinidad and Tobago,TTO,2021-07-20,28.71
Trinidad and Tobago,TTO,2021-07-21,29.85
Trinidad and Tobago,TTO,2021-07-22,31.01
Trinidad and Tobago,TTO,2021-07-23,31.99
Trinidad and Tobago,TTO,2021-07-24,33.27
Trinidad and Tobago,TTO,2021-07-25,33.87
Trinidad and Tobago,TTO,2021-07-26,34.83
Trinidad and Tobago,TTO,2021-07-27,35.55
Trinidad and Tobago,TTO,2021-07-28,36.2
Trinidad and Tobago,TTO,2021-07-29,37.07
Trinidad and Tobago,TTO,2021-07-30,37.62
Trinidad and Tobago,TTO,2021-07-31,38.25
Trinidad and Tobago,TTO,2021-08-01,38.52
Trinidad and Tobago,TTO,2021-08-02,38.73
Trinidad and Tobago,TTO,2021-08-03,38.91
Trinidad and Tobago,TTO,2021-08-04,39.46
Trinidad and Tobago,TTO,2021-08-05,40.03
Trinidad and Tobago,TTO,2021-08-06,40.84
Trinidad and Tobago,TTO,2021-08-07,41.86
Trinidad and Tobago,TTO,2021-08-08,42.29
Trinidad and Tobago,TTO,2021-08-09,42.55
Trinidad and Tobago,TTO,2021-08-10,43.78
Trinidad and Tobago,TTO,2021-08-11,45.09
Trinidad and Tobago,TTO,2021-08-12,46.53
Trinidad and Tobago,TTO,2021-08-13,47.78
Trinidad and Tobago,TTO,2021-08-14,48.63
Trinidad and Tobago,TTO,2021-08-15,49.86
Trinidad and Tobago,TTO,2021-08-16,50.77
Trinidad and Tobago,TTO,2021-08-17,51.63
Trinidad and Tobago,TTO,2021-08-18,52.49
Trinidad and Tobago,TTO,2021-08-19,53.32
Trinidad and Tobago,TTO,2021-08-20,54.32
Trinidad and Tobago,TTO,2021-08-21,55.33
Trinidad and Tobago,TTO,2021-08-22,55.78
Trinidad and Tobago,TTO,2021-08-23,56.09
Trinidad and Tobago,TTO,2021-08-24,56.6
Trinidad and Tobago,TTO,2021-08-25,57.16
Trinidad and Tobago,TTO,2021-08-26,57.67
Trinidad and Tobago,TTO,2021-08-27,58.09
Trinidad and Tobago,TTO,2021-08-28,58.57
Trinidad and Tobago,TTO,2021-08-29,58.92
Trinidad and Tobago,TTO,2021-08-30,59.15
Trinidad and Tobago,TTO,2021-08-31,59.56
Trinidad and Tobago,TTO,2021-09-01,59.69
Trinidad and Tobago,TTO,2021-09-02,60.15
Trinidad and Tobago,TTO,2021-09-03,60.54
Trinidad and Tobago,TTO,2021-09-04,60.93
Trinidad and Tobago,TTO,2021-09-05,61.28
Trinidad and Tobago,TTO,2021-09-06,61.41
Trinidad and Tobago,TTO,2021-09-07,61.96
Trinidad and Tobago,TTO,2021-09-08,62.48
Trinidad and Tobago,TTO,2021-09-09,63.07
Trinidad and Tobago,TTO,2021-09-10,63.64
Trinidad and Tobago,TTO,2021-09-11,64.34
Trinidad and Tobago,TTO,2021-09-12,64.64
Trinidad and Tobago,TTO,2021-09-13,64.84
Trinidad and Tobago,TTO,2021-09-14,65.38
Trinidad and Tobago,TTO,2021-09-15,65.81
Trinidad and Tobago,TTO,2021-09-16,66.19
Trinidad and Tobago,TTO,2021-09-17,66.52
Trinidad and Tobago,TTO,2021-09-18,66.86
Trinidad and Tobago,TTO,2021-09-19,66.99
Trinidad and Tobago,TTO,2021-09-20,67.01
Trinidad and Tobago,TTO,2021-09-21,67.41
Trinidad and Tobago,TTO,2021-09-22,67.69
Trinidad and Tobago,TTO,2021-09-23,68
Trinidad and Tobago,TTO,2021-09-24,68.29
Trinidad and Tobago,TTO,2021-09-26,68.53
Trinidad and Tobago,TTO,2021-09-27,68.63
Trinidad and Tobago,TTO,2021-09-28,69.29
Trinidad and Tobago,TTO,2021-09-29,69.89
Trinidad and Tobago,TTO,2021-09-30,70.35
Trinidad and Tobago,TTO,2021-10-01,70.8
Trinidad and Tobago,TTO,2021-10-02,71.22
Trinidad and Tobago,TTO,2021-10-03,71.43
Trinidad and Tobago,TTO,2021-10-04,71.59
Trinidad and Tobago,TTO,2021-10-05,72.28
Trinidad and Tobago,TTO,2021-10-06,72.97
Trinidad and Tobago,TTO,2021-10-07,73.51
Trinidad and Tobago,TTO,2021-10-08,74.03
Trinidad and Tobago,TTO,2021-10-09,74.63
Trinidad and Tobago,TTO,2021-10-10,74.93
Trinidad and Tobago,TTO,2021-10-11,75.1
Trinidad and Tobago,TTO,2021-10-12,75.62
Trinidad and Tobago,TTO,2021-10-13,76.04
Trinidad and Tobago,TTO,2021-10-14,76.37
Trinidad and Tobago,TTO,2021-10-15,76.69
Trinidad and Tobago,TTO,2021-10-16,76.94
Trinidad and Tobago,TTO,2021-10-17,77.11
Trinidad and Tobago,TTO,2021-10-18,77.2
Trinidad and Tobago,TTO,2021-10-19,77.6
Trinidad and Tobago,TTO,2021-10-20,77.91
Trinidad and Tobago,TTO,2021-10-21,78.2
Trinidad and Tobago,TTO,2021-10-22,78.46
Trinidad and Tobago,TTO,2021-10-23,78.71
Trinidad and Tobago,TTO,2021-10-24,78.83
Trinidad and Tobago,TTO,2021-10-25,78.92
Trinidad and Tobago,TTO,2021-10-26,79.23
Trinidad and Tobago,TTO,2021-10-27,79.48
Trinidad and Tobago,TTO,2021-10-28,79.71
Trinidad and Tobago,TTO,2021-10-29,79.92
Trinidad and Tobago,TTO,2021-10-30,80.18
Trinidad and Tobago,TTO,2021-10-31,80.29
Trinidad and Tobago,TTO,2021-11-01,80.32
Trinidad and Tobago,TTO,2021-11-02,80.6
Trinidad and Tobago,TTO,2021-11-03,80.85
Trinidad and Tobago,TTO,2021-11-04,81.06
Trinidad and Tobago,TTO,2021-11-06,81.34
Trinidad and Tobago,TTO,2021-11-07,81.47
Trinidad and Tobago,TTO,2021-11-08,81.51
Trinidad and Tobago,TTO,2021-11-09,81.75
Trinidad and Tobago,TTO,2021-11-10,81.97
Trinidad and Tobago,TTO,2021-11-11,82.22
Trinidad and Tobago,TTO,2021-11-12,82.45
Trinidad and Tobago,TTO,2021-11-13,82.7
Trinidad and Tobago,TTO,2021-11-14,82.79
Trinidad and Tobago,TTO,2021-11-15,82.84
Trinidad and Tobago,TTO,2021-11-16,83.13
Trinidad and Tobago,TTO,2021-11-17,83.38
Trinidad and Tobago,TTO,2021-11-18,83.59
Trinidad and Tobago,TTO,2021-11-19,83.81
Trinidad and Tobago,TTO,2021-11-20,84.06
Trinidad and Tobago,TTO,2021-11-21,84.17
Trinidad and Tobago,TTO,2021-11-22,84.22
Trinidad and Tobago,TTO,2021-11-23,84.52
Trinidad and Tobago,TTO,2021-11-24,84.79
Trinidad and Tobago,TTO,2021-11-25,85.01
Trinidad and Tobago,TTO,2021-11-26,85.21
Trinidad and Tobago,TTO,2021-11-27,85.49
Trinidad and Tobago,TTO,2021-11-28,85.65
Trinidad and Tobago,TTO,2021-11-29,85.73
Trinidad and Tobago,TTO,2021-11-30,86.06
Trinidad and Tobago,TTO,2021-12-01,86.39
Trinidad and Tobago,TTO,2021-12-02,86.63
Trinidad and Tobago,TTO,2021-12-03,86.84
Trinidad and Tobago,TTO,2021-12-04,87.07
Trinidad and Tobago,TTO,2021-12-05,87.17
Trinidad and Tobago,TTO,2021-12-06,87.23
Trinidad and Tobago,TTO,2021-12-07,87.46
Trinidad and Tobago,TTO,2021-12-08,87.73
Trinidad and Tobago,TTO,2021-12-09,87.91
Trinidad and Tobago,TTO,2021-12-10,88.08
Trinidad and Tobago,TTO,2021-12-11,88.27
Trinidad and Tobago,TTO,2021-12-12,88.34
Trinidad and Tobago,TTO,2021-12-13,88.37
Trinidad and Tobago,TTO,2021-12-14,88.7
Trinidad and Tobago,TTO,2021-12-15,89
Trinidad and Tobago,TTO,2021-12-16,89.28
Trinidad and Tobago,TTO,2021-12-17,89.53
Trinidad and Tobago,TTO,2021-12-18,89.77
Trinidad and Tobago,TTO,2021-12-19,89.88
Trinidad and Tobago,TTO,2021-12-20,89.94
Trinidad and Tobago,TTO,2021-12-21,90.4
Trinidad and Tobago,TTO,2021-12-22,90.73
Trinidad and Tobago,TTO,2021-12-23,90.98
Trinidad and Tobago,TTO,2021-12-24,91.15
Trinidad and Tobago,TTO,2021-12-25,91.18
Trinidad and Tobago,TTO,2021-12-29,91.57
Trinidad and Tobago,TTO,2021-12-30,91.92
Trinidad and Tobago,TTO,2021-12-31,92.31
Trinidad and Tobago,TTO,2022-01-01,92.37
Trinidad and Tobago,TTO,2022-01-04,92.72
Trinidad and Tobago,TTO,2022-01-05,93.04
Trinidad and Tobago,TTO,2022-01-06,93.32
Trinidad and Tobago,TTO,2022-01-07,93.6
Trinidad and Tobago,TTO,2022-01-08,93.88
Trinidad and Tobago,TTO,2022-01-09,94.08
Trinidad and Tobago,TTO,2022-01-11,94.4
Trinidad and Tobago,TTO,2022-01-12,94.66
Trinidad and Tobago,TTO,2022-01-13,94.87
Trinidad and Tobago,TTO,2022-01-14,95.07
Trinidad and Tobago,TTO,2022-01-15,95.24
Trinidad and Tobago,TTO,2022-01-16,95.34
Trinidad and Tobago,TTO,2022-01-17,95.35
Trinidad and Tobago,TTO,2022-01-18,95.49
Trinidad and Tobago,TTO,2022-01-19,95.66
Trinidad and Tobago,TTO,2022-01-20,95.83
Trinidad and Tobago,TTO,2022-01-21,95.98
Trinidad and Tobago,TTO,2022-01-22,96.11
Trinidad and Tobago,TTO,2022-01-23,96.17
Trinidad and Tobago,TTO,2022-01-24,96.18
Trinidad and Tobago,TTO,2022-01-25,96.36
Trinidad and Tobago,TTO,2022-01-26,96.52
Trinidad and Tobago,TTO,2022-01-27,96.67
Trinidad and Tobago,TTO,2022-01-28,96.8
Trinidad and Tobago,TTO,2022-01-29,96.96
Trinidad and Tobago,TTO,2022-01-30,97.05
Trinidad and Tobago,TTO,2022-02-01,97.23
Trinidad and Tobago,TTO,2022-02-02,97.37
Trinidad and Tobago,TTO,2022-02-03,97.51
Trinidad and Tobago,TTO,2022-02-04,97.63
Trinidad and Tobago,TTO,2022-02-05,97.77
Trinidad and Tobago,TTO,2022-02-06,97.84
Trinidad and Tobago,TTO,2022-02-08,97.99
Trinidad and Tobago,TTO,2022-02-09,98.1
Trinidad and Tobago,TTO,2022-02-10,98.23
Trinidad and Tobago,TTO,2022-02-11,98.33
Trinidad and Tobago,TTO,2022-02-12,98.47
Trinidad and Tobago,TTO,2022-02-13,98.54
Trinidad and Tobago,TTO,2022-02-14,98.55
Trinidad and Tobago,TTO,2022-02-15,98.69
Trinidad and Tobago,TTO,2022-02-16,98.82
Trinidad and Tobago,TTO,2022-02-17,98.94
Trinidad and Tobago,TTO,2022-02-18,99.05
Trinidad and Tobago,TTO,2022-02-19,99.2
Trinidad and Tobago,TTO,2022-02-20,99.3
Trinidad and Tobago,TTO,2022-02-22,99.44
Trinidad and Tobago,TTO,2022-02-23,99.56
Trinidad and Tobago,TTO,2022-02-24,99.66
Trinidad and Tobago,TTO,2022-02-25,99.76
Trinidad and Tobago,TTO,2022-02-26,99.87
Trinidad and Tobago,TTO,2022-02-27,99.93
Trinidad and Tobago,TTO,2022-03-01,100
Trinidad and Tobago,TTO,2022-03-02,100.05
Trinidad and Tobago,TTO,2022-03-03,100.09
Trinidad and Tobago,TTO,2022-03-04,100.14
Trinidad and Tobago,TTO,2022-03-05,100.18
Trinidad and Tobago,TTO,2022-03-06,100.23
Trinidad and Tobago,TTO,2022-03-07,100.23
Trinidad and Tobago,TTO,2022-03-08,100.3
Trinidad and Tobago,TTO,2022-03-09,100.37
Trinidad and Tobago,TTO,2022-03-10,100.43
Trinidad and Tobago,TTO,2022-03-11,100.49
Trinidad and Tobago,TTO,2022-03-12,100.55
Trinidad and Tobago,TTO,2022-03-13,100.59
Trinidad and Tobago,TTO,2022-03-15,100.65
Trinidad and Tobago,TTO,2022-03-16,100.7
Trinidad and Tobago,TTO,2022-03-17,100.75
Trinidad and Tobago,TTO,2022-03-18,100.8
Trinidad and Tobago,TTO,2022-03-19,100.86
Trinidad and Tobago,TTO,2022-03-20,100.89
Trinidad and Tobago,TTO,2022-03-21,100.89
Trinidad and Tobago,TTO,2022-03-22,100.94
Trinidad and Tobago,TTO,2022-03-23,100.99
Trinidad and Tobago,TTO,2022-03-24,101.03
Trinidad and Tobago,TTO,2022-04-19,101.58
Trinidad and Tobago,TTO,2022-04-20,101.6
Trinidad and Tobago,TTO,2022-04-21,101.62
Trinidad and Tobago,TTO,2022-04-22,101.64
Trinidad and Tobago,TTO,2022-04-23,101.67
Trinidad and Tobago,TTO,2022-04-24,101.68
Trinidad and Tobago,TTO,2022-04-26,101.7
Trinidad and Tobago,TTO,2022-04-27,101.72
Trinidad and Tobago,TTO,2022-04-28,101.74
Trinidad and Tobago,TTO,2022-04-29,101.76
Trinidad and Tobago,TTO,2022-04-30,101.78
Trinidad and Tobago,TTO,2022-05-01,101.8
Trinidad and Tobago,TTO,2022-05-04,101.81
Trinidad and Tobago,TTO,2022-05-05,101.83
Trinidad and Tobago,TTO,2022-05-06,101.85
Trinidad and Tobago,TTO,2022-05-07,101.87
Trinidad and Tobago,TTO,2022-05-08,101.88
Trinidad and Tobago,TTO,2022-05-10,101.89
Trinidad and Tobago,TTO,2022-05-11,101.91
Trinidad and Tobago,TTO,2022-05-14,101.97
Trinidad and Tobago,TTO,2022-05-15,101.98
Trinidad and Tobago,TTO,2022-05-17,102
Trinidad and Tobago,TTO,2022-05-18,102.02
Trinidad and Tobago,TTO,2022-05-19,102.04
Trinidad and Tobago,TTO,2022-05-20,102.05
Trinidad and Tobago,TTO,2022-05-21,102.11
Trinidad and Tobago,TTO,2022-05-22,102.15
Trinidad and Tobago,TTO,2022-05-24,102.21
Trinidad and Tobago,TTO,2022-05-25,102.26
Trinidad and Tobago,TTO,2022-05-26,102.32
Trinidad and Tobago,TTO,2022-05-27,102.37
Trinidad and Tobago,TTO,2022-05-28,102.43
Trinidad and Tobago,TTO,2022-05-31,102.48
Trinidad and Tobago,TTO,2022-06-01,102.51
Trinidad and Tobago,TTO,2022-06-02,102.55
Trinidad and Tobago,TTO,2022-06-03,102.57
Trinidad and Tobago,TTO,2022-06-04,102.6
Trinidad and Tobago,TTO,2022-06-05,102.63
Trinidad and Tobago,TTO,2022-06-07,102.65
Trinidad and Tobago,TTO,2022-06-08,102.68
Trinidad and Tobago,TTO,2022-06-09,102.7
Trinidad and Tobago,TTO,2022-06-10,102.73
Trinidad and Tobago,TTO,2022-06-11,102.76
Trinidad and Tobago,TTO,2022-06-12,102.78
Trinidad and Tobago,TTO,2022-06-14,102.79
Trinidad and Tobago,TTO,2022-06-15,102.81
Trinidad and Tobago,TTO,2022-06-16,102.84
Trinidad and Tobago,TTO,2022-06-18,102.87
Trinidad and Tobago,TTO,2022-06-20,102.89
Trinidad and Tobago,TTO,2022-06-21,102.89
Trinidad and Tobago,TTO,2022-06-22,102.91
Trinidad and Tobago,TTO,2022-06-23,102.94
Trinidad and Tobago,TTO,2022-06-24,102.97
Trinidad and Tobago,TTO,2022-06-25,103.02
Trinidad and Tobago,TTO,2022-06-26,103.05
Trinidad and Tobago,TTO,2022-06-28,103.09
Trinidad and Tobago,TTO,2022-06-29,103.12
Trinidad and Tobago,TTO,2022-06-30,103.14
Trinidad and Tobago,TTO,2022-07-01,103.19
Trinidad and Tobago,TTO,2022-07-02,103.2
Trinidad and Tobago,TTO,2022-07-03,103.21
Trinidad and Tobago,TTO,2022-07-06,103.22
Trinidad and Tobago,TTO,2022-07-07,103.23
Trinidad and Tobago,TTO,2022-07-09,103.25
Trinidad and Tobago,TTO,2022-07-10,103.25
Trinidad and Tobago,TTO,2022-07-12,103.25
Trinidad and Tobago,TTO,2022-07-14,103.27
Trinidad and Tobago,TTO,2022-07-15,103.28
Trinidad and Tobago,TTO,2022-07-16,103.29
Trinidad and Tobago,TTO,2022-07-17,103.29
Trinidad and Tobago,TTO,2022-07-19,103.3
Trinidad and Tobago,TTO,2022-07-20,103.31
Trinidad and Tobago,TTO,2022-07-22,103.33
Trinidad and Tobago,TTO,2022-07-23,103.34
Trinidad and Tobago,TTO,2022-07-26,103.35
Trinidad and Tobago,TTO,2022-07-27,103.36
Trinidad and Tobago,TTO,2022-07-29,103.38
Trinidad and Tobago,TTO,2022-07-30,103.39
Trinidad and Tobago,TTO,2022-07-31,103.39
Trinidad and Tobago,TTO,2022-08-03,103.4
Tunisia,TUN,2021-03-12,0
Tunisia,TUN,2021-03-13,0.01
Tunisia,TUN,2021-03-14,0.02
Tunisia,TUN,2021-03-15,0.02
Tunisia,TUN,2021-03-19,0.06
Tunisia,TUN,2021-03-21,0.1
Tunisia,TUN,2021-03-22,0.15
Tunisia,TUN,2021-03-23,0.18
Tunisia,TUN,2021-03-25,0.26
Tunisia,TUN,2021-03-26,0.32
Tunisia,TUN,2021-03-27,0.36
Tunisia,TUN,2021-03-29,0.43
Tunisia,TUN,2021-04-02,0.58
Tunisia,TUN,2021-04-03,0.65
Tunisia,TUN,2021-04-04,0.72
Tunisia,TUN,2021-04-05,0.8
Tunisia,TUN,2021-04-06,0.86
Tunisia,TUN,2021-04-07,0.92
Tunisia,TUN,2021-04-08,1.02
Tunisia,TUN,2021-04-09,1.06
Tunisia,TUN,2021-04-10,1.17
Tunisia,TUN,2021-04-11,1.26
Tunisia,TUN,2021-04-12,1.35
Tunisia,TUN,2021-04-13,1.43
Tunisia,TUN,2021-04-14,1.49
Tunisia,TUN,2021-04-15,1.56
Tunisia,TUN,2021-04-18,1.84
Tunisia,TUN,2021-04-19,1.95
Tunisia,TUN,2021-04-20,2.06
Tunisia,TUN,2021-04-21,2.16
Tunisia,TUN,2021-04-22,2.28
Tunisia,TUN,2021-04-23,2.39
Tunisia,TUN,2021-04-24,2.5
Tunisia,TUN,2021-04-25,2.61
Tunisia,TUN,2021-04-26,2.72
Tunisia,TUN,2021-04-27,2.82
Tunisia,TUN,2021-04-28,2.93
Tunisia,TUN,2021-04-30,3.03
Tunisia,TUN,2021-05-01,3.26
Tunisia,TUN,2021-05-02,3.39
Tunisia,TUN,2021-05-03,3.46
Tunisia,TUN,2021-05-04,3.53
Tunisia,TUN,2021-05-05,3.62
Tunisia,TUN,2021-05-06,3.73
Tunisia,TUN,2021-05-07,3.9
Tunisia,TUN,2021-05-08,4.07
Tunisia,TUN,2021-05-09,4.23
Tunisia,TUN,2021-05-10,4.38
Tunisia,TUN,2021-05-15,4.65
Tunisia,TUN,2021-05-16,4.89
Tunisia,TUN,2021-05-17,5.12
Tunisia,TUN,2021-05-18,5.35
Tunisia,TUN,2021-05-19,5.58
Tunisia,TUN,2021-05-21,6.02
Tunisia,TUN,2021-05-22,6.24
Tunisia,TUN,2021-05-23,6.43
Tunisia,TUN,2021-05-24,6.6
Tunisia,TUN,2021-05-25,6.78
Tunisia,TUN,2021-05-26,6.96
Tunisia,TUN,2021-05-27,7.14
Tunisia,TUN,2021-05-28,7.33
Tunisia,TUN,2021-05-29,7.53
Tunisia,TUN,2021-05-30,7.69
Tunisia,TUN,2021-05-31,7.82
Tunisia,TUN,2021-06-01,8.02
Tunisia,TUN,2021-06-02,8.29
Tunisia,TUN,2021-06-03,8.58
Tunisia,TUN,2021-06-04,8.87
Tunisia,TUN,2021-06-05,9.18
Tunisia,TUN,2021-06-06,9.46
Tunisia,TUN,2021-06-07,9.73
Tunisia,TUN,2021-06-08,9.98
Tunisia,TUN,2021-06-09,10.21
Tunisia,TUN,2021-06-10,10.4
Tunisia,TUN,2021-06-11,10.7
Tunisia,TUN,2021-06-12,10.99
Tunisia,TUN,2021-06-13,11.27
Tunisia,TUN,2021-06-14,11.47
Tunisia,TUN,2021-06-15,11.69
Tunisia,TUN,2021-06-16,11.9
Tunisia,TUN,2021-06-17,12.12
Tunisia,TUN,2021-06-18,12.38
Tunisia,TUN,2021-06-19,12.65
Tunisia,TUN,2021-06-20,12.91
Tunisia,TUN,2021-06-21,13.13
Tunisia,TUN,2021-06-22,13.35
Tunisia,TUN,2021-06-23,13.55
Tunisia,TUN,2021-06-24,13.75
Tunisia,TUN,2021-06-25,13.91
Tunisia,TUN,2021-06-26,14.16
Tunisia,TUN,2021-06-27,14.39
Tunisia,TUN,2021-06-28,14.62
Tunisia,TUN,2021-06-29,14.85
Tunisia,TUN,2021-06-30,15.04
Tunisia,TUN,2021-07-01,15.34
Tunisia,TUN,2021-07-02,15.59
Tunisia,TUN,2021-07-03,15.84
Tunisia,TUN,2021-07-04,16.08
Tunisia,TUN,2021-07-05,16.3
Tunisia,TUN,2021-07-06,16.51
Tunisia,TUN,2021-07-07,16.74
Tunisia,TUN,2021-07-08,16.98
Tunisia,TUN,2021-07-09,17.25
Tunisia,TUN,2021-07-10,17.43
Tunisia,TUN,2021-07-11,17.58
Tunisia,TUN,2021-07-12,17.76
Tunisia,TUN,2021-07-13,18
Tunisia,TUN,2021-07-14,18.22
Tunisia,TUN,2021-07-15,18.51
Tunisia,TUN,2021-07-16,18.79
Tunisia,TUN,2021-07-17,19.14
Tunisia,TUN,2021-07-18,19.45
Tunisia,TUN,2021-07-19,19.74
Tunisia,TUN,2021-07-25,21.36
Tunisia,TUN,2021-07-26,21.72
Tunisia,TUN,2021-08-02,23.93
Tunisia,TUN,2021-08-04,25.37
Tunisia,TUN,2021-08-07,26.85
Tunisia,TUN,2021-08-08,27.67
Tunisia,TUN,2021-08-13,32.8
Tunisia,TUN,2021-08-14,33.24
Tunisia,TUN,2021-08-16,38.25
Tunisia,TUN,2021-08-17,38.63
Tunisia,TUN,2021-08-18,39
Tunisia,TUN,2021-08-19,39.42
Tunisia,TUN,2021-08-20,39.89
Tunisia,TUN,2021-08-22,40.58
Tunisia,TUN,2021-08-23,40.96
Tunisia,TUN,2021-08-24,41.22
Tunisia,TUN,2021-08-25,41.48
Tunisia,TUN,2021-08-26,41.87
Tunisia,TUN,2021-08-27,42.32
Tunisia,TUN,2021-08-28,42.62
Tunisia,TUN,2021-08-29,45.96
Tunisia,TUN,2021-08-30,46.35
Tunisia,TUN,2021-09-03,47.2
Tunisia,TUN,2021-09-04,50.28
Tunisia,TUN,2021-09-05,50.52
Tunisia,TUN,2021-09-06,50.77
Tunisia,TUN,2021-09-07,51.03
Tunisia,TUN,2021-09-08,51.31
Tunisia,TUN,2021-09-10,51.87
Tunisia,TUN,2021-09-11,55.37
Tunisia,TUN,2021-09-12,55.64
Tunisia,TUN,2021-09-14,56.36
Tunisia,TUN,2021-09-15,56.76
Tunisia,TUN,2021-09-16,57.22
Tunisia,TUN,2021-09-18,58.16
Tunisia,TUN,2021-09-19,58.5
Tunisia,TUN,2021-09-20,58.82
Tunisia,TUN,2021-09-21,59.12
Tunisia,TUN,2021-09-22,59.51
Tunisia,TUN,2021-09-23,59.88
Tunisia,TUN,2021-09-24,60.22
Tunisia,TUN,2021-09-25,60.55
Tunisia,TUN,2021-09-27,65.04
Tunisia,TUN,2021-09-28,65.46
Tunisia,TUN,2021-10-01,66.23
Tunisia,TUN,2021-10-02,66.56
Tunisia,TUN,2021-10-03,66.84
Tunisia,TUN,2021-10-04,67.22
Tunisia,TUN,2021-10-05,67.53
Tunisia,TUN,2021-10-06,67.8
Tunisia,TUN,2021-10-07,68.05
Tunisia,TUN,2021-10-08,68.35
Tunisia,TUN,2021-10-09,68.75
Tunisia,TUN,2021-10-10,69.08
Tunisia,TUN,2021-10-11,69.36
Tunisia,TUN,2021-10-12,69.65
Tunisia,TUN,2021-10-13,69.96
Tunisia,TUN,2021-10-14,70.29
Tunisia,TUN,2021-10-15,70.46
Tunisia,TUN,2021-10-16,70.77
Tunisia,TUN,2021-10-17,70.97
Tunisia,TUN,2021-10-18,71.14
Tunisia,TUN,2021-10-19,71.34
Tunisia,TUN,2021-10-20,71.56
Tunisia,TUN,2021-10-21,71.87
Tunisia,TUN,2021-10-22,72.2
Tunisia,TUN,2021-10-23,72.46
Tunisia,TUN,2021-10-24,72.61
Tunisia,TUN,2021-10-25,73.04
Tunisia,TUN,2021-10-28,74.53
Tunisia,TUN,2021-10-29,74.86
Tunisia,TUN,2021-10-30,75.46
Tunisia,TUN,2021-11-01,76.35
Tunisia,TUN,2021-11-02,76.78
Tunisia,TUN,2021-11-03,77.12
Tunisia,TUN,2021-11-04,77.42
Tunisia,TUN,2021-11-05,77.76
Tunisia,TUN,2021-11-06,77.96
Tunisia,TUN,2021-11-07,78.37
Tunisia,TUN,2021-11-08,78.69
Tunisia,TUN,2021-11-09,79.02
Tunisia,TUN,2021-11-10,79.31
Tunisia,TUN,2021-11-11,79.6
Tunisia,TUN,2021-11-12,79.85
Tunisia,TUN,2021-11-13,80.19
Tunisia,TUN,2021-11-14,80.39
Tunisia,TUN,2021-11-15,80.7
Tunisia,TUN,2021-11-16,80.95
Tunisia,TUN,2021-11-17,81.2
Tunisia,TUN,2021-11-18,81.36
Tunisia,TUN,2021-11-19,81.58
Tunisia,TUN,2021-11-20,81.77
Tunisia,TUN,2021-11-22,83.41
Tunisia,TUN,2021-11-23,83.7
Tunisia,TUN,2021-11-24,83.93
Tunisia,TUN,2021-11-25,84.3
Tunisia,TUN,2021-11-26,84.61
Tunisia,TUN,2021-11-27,84.94
Tunisia,TUN,2021-11-28,85.2
Tunisia,TUN,2021-11-29,85.65
Tunisia,TUN,2021-11-30,86.12
Tunisia,TUN,2021-12-01,86.4
Tunisia,TUN,2021-12-02,86.63
Tunisia,TUN,2021-12-03,86.9
Tunisia,TUN,2021-12-04,87.2
Tunisia,TUN,2021-12-05,87.51
Tunisia,TUN,2021-12-06,87.82
Tunisia,TUN,2021-12-07,88.17
Tunisia,TUN,2021-12-08,88.54
Tunisia,TUN,2021-12-09,88.84
Tunisia,TUN,2021-12-10,89.19
Tunisia,TUN,2021-12-11,89.54
Tunisia,TUN,2021-12-12,89.8
Tunisia,TUN,2021-12-13,90.17
Tunisia,TUN,2021-12-14,90.5
Tunisia,TUN,2021-12-15,90.88
Tunisia,TUN,2021-12-16,91.2
Tunisia,TUN,2021-12-17,91.54
Tunisia,TUN,2021-12-18,92
Tunisia,TUN,2021-12-19,92.37
Tunisia,TUN,2021-12-20,92.84
Tunisia,TUN,2021-12-23,94.58
Tunisia,TUN,2021-12-24,94.98
Tunisia,TUN,2021-12-26,96.81
Tunisia,TUN,2021-12-27,97.18
Tunisia,TUN,2021-12-28,97.69
Tunisia,TUN,2021-12-29,98.18
Tunisia,TUN,2021-12-30,98.82
Tunisia,TUN,2021-12-31,99.13
Tunisia,TUN,2022-01-01,99.35
Tunisia,TUN,2022-01-02,99.53
Tunisia,TUN,2022-01-04,100.32
Tunisia,TUN,2022-01-05,100.56
Tunisia,TUN,2022-01-06,100.76
Tunisia,TUN,2022-01-07,100.93
Tunisia,TUN,2022-01-08,101.06
Tunisia,TUN,2022-01-09,101.21
Tunisia,TUN,2022-01-10,101.34
Tunisia,TUN,2022-01-11,101.49
Tunisia,TUN,2022-01-12,101.63
Tunisia,TUN,2022-01-13,101.77
Tunisia,TUN,2022-01-14,101.91
Tunisia,TUN,2022-01-15,102.06
Tunisia,TUN,2022-01-16,102.23
Tunisia,TUN,2022-01-17,102.36
Tunisia,TUN,2022-01-18,102.53
Tunisia,TUN,2022-01-19,102.69
Tunisia,TUN,2022-01-21,103.19
Tunisia,TUN,2022-01-22,103.34
Tunisia,TUN,2022-01-23,103.44
Tunisia,TUN,2022-01-24,103.55
Tunisia,TUN,2022-01-25,103.62
Tunisia,TUN,2022-01-26,103.68
Tunisia,TUN,2022-01-27,103.75
Tunisia,TUN,2022-01-28,103.82
Tunisia,TUN,2022-01-29,103.89
Tunisia,TUN,2022-01-30,103.96
Tunisia,TUN,2022-01-31,104.03
Tunisia,TUN,2022-02-01,104.29
Tunisia,TUN,2022-02-02,104.31
Tunisia,TUN,2022-02-03,104.36
Tunisia,TUN,2022-02-04,104.41
Tunisia,TUN,2022-02-05,104.46
Tunisia,TUN,2022-02-06,104.51
Tunisia,TUN,2022-02-07,104.57
Tunisia,TUN,2022-02-08,104.62
Tunisia,TUN,2022-02-09,104.68
Tunisia,TUN,2022-02-10,104.77
Tunisia,TUN,2022-02-11,104.85
Tunisia,TUN,2022-02-12,104.93
Tunisia,TUN,2022-02-13,104.99
Tunisia,TUN,2022-02-14,105.06
Tunisia,TUN,2022-02-15,105.13
Tunisia,TUN,2022-02-17,105.23
Tunisia,TUN,2022-02-18,105.28
Tunisia,TUN,2022-02-19,105.33
Tunisia,TUN,2022-02-20,105.37
Tunisia,TUN,2022-02-21,105.41
Tunisia,TUN,2022-02-22,105.72
Tunisia,TUN,2022-02-23,105.8
Tunisia,TUN,2022-02-24,105.83
Tunisia,TUN,2022-02-25,105.89
Tunisia,TUN,2022-02-26,105.9
Tunisia,TUN,2022-02-27,105.93
Tunisia,TUN,2022-02-28,105.96
Tunisia,TUN,2022-03-02,106
Tunisia,TUN,2022-03-03,106.03
Tunisia,TUN,2022-03-04,106.05
Tunisia,TUN,2022-03-05,106.07
Tunisia,TUN,2022-03-06,106.09
Tunisia,TUN,2022-03-08,106.13
Tunisia,TUN,2022-03-09,106.15
Tunisia,TUN,2022-03-10,106.16
Tunisia,TUN,2022-03-14,106.22
Tunisia,TUN,2022-03-21,106.31
Tunisia,TUN,2022-03-28,106.42
Tunisia,TUN,2022-04-04,106.49
Tunisia,TUN,2022-04-11,106.52
Tunisia,TUN,2022-04-18,106.61
Tunisia,TUN,2022-04-25,106.98
Tunisia,TUN,2022-05-04,107.1
Tunisia,TUN,2022-05-09,107.24
Tunisia,TUN,2022-05-17,107.35
Tunisia,TUN,2022-05-30,107.46
Tunisia,TUN,2022-06-13,107.53
Tunisia,TUN,2022-06-21,107.58
Tunisia,TUN,2022-07-06,121.15
Tunisia,TUN,2022-07-18,121.46
Turkey,TUR,2021-01-13,0
Turkey,TUR,2021-01-14,0.33
Turkey,TUR,2021-01-15,0.73
Turkey,TUR,2021-01-16,0.8
Turkey,TUR,2021-01-17,0.83
Turkey,TUR,2021-01-18,0.98
Turkey,TUR,2021-01-19,1.12
Turkey,TUR,2021-01-20,1.24
Turkey,TUR,2021-01-21,1.32
Turkey,TUR,2021-01-22,1.42
Turkey,TUR,2021-01-23,1.45
Turkey,TUR,2021-01-24,1.47
Turkey,TUR,2021-01-25,1.54
Turkey,TUR,2021-01-26,1.66
Turkey,TUR,2021-01-27,1.8
Turkey,TUR,2021-01-28,2
Turkey,TUR,2021-01-29,2.27
Turkey,TUR,2021-01-30,2.31
Turkey,TUR,2021-01-31,2.34
Turkey,TUR,2021-02-01,2.52
Turkey,TUR,2021-02-02,2.63
Turkey,TUR,2021-02-03,2.76
Turkey,TUR,2021-02-04,2.95
Turkey,TUR,2021-02-05,3.02
Turkey,TUR,2021-02-06,3.07
Turkey,TUR,2021-02-07,3.08
Turkey,TUR,2021-02-08,3.14
Turkey,TUR,2021-02-09,3.22
Turkey,TUR,2021-02-10,3.3
Turkey,TUR,2021-02-11,3.36
Turkey,TUR,2021-02-12,4.02
Turkey,TUR,2021-02-13,4.38
Turkey,TUR,2021-02-14,4.51
Turkey,TUR,2021-02-15,4.93
Turkey,TUR,2021-02-16,5.46
Turkey,TUR,2021-02-17,6.16
Turkey,TUR,2021-02-18,6.95
Turkey,TUR,2021-02-19,7.5
Turkey,TUR,2021-02-20,7.71
Turkey,TUR,2021-02-21,7.75
Turkey,TUR,2021-02-22,8.07
Turkey,TUR,2021-02-23,8.6
Turkey,TUR,2021-02-24,8.99
Turkey,TUR,2021-02-25,9.41
Turkey,TUR,2021-02-26,9.79
Turkey,TUR,2021-02-27,10.04
Turkey,TUR,2021-02-28,10.08
Turkey,TUR,2021-03-01,10.35
Turkey,TUR,2021-03-02,10.7
Turkey,TUR,2021-03-03,10.99
Turkey,TUR,2021-03-04,11.28
Turkey,TUR,2021-03-05,11.51
Turkey,TUR,2021-03-06,11.66
Turkey,TUR,2021-03-07,11.7
Turkey,TUR,2021-03-08,11.8
Turkey,TUR,2021-03-09,12.06
Turkey,TUR,2021-03-10,12.22
Turkey,TUR,2021-03-11,12.39
Turkey,TUR,2021-03-12,12.67
Turkey,TUR,2021-03-13,12.88
Turkey,TUR,2021-03-14,12.97
Turkey,TUR,2021-03-15,13.28
Turkey,TUR,2021-03-16,13.8
Turkey,TUR,2021-03-17,14.32
Turkey,TUR,2021-03-18,14.66
Turkey,TUR,2021-03-19,15.15
Turkey,TUR,2021-03-20,15.37
Turkey,TUR,2021-03-21,15.4
Turkey,TUR,2021-03-22,15.65
Turkey,TUR,2021-03-23,16.03
Turkey,TUR,2021-03-24,16.48
Turkey,TUR,2021-03-25,16.78
Turkey,TUR,2021-03-26,17.09
Turkey,TUR,2021-03-27,17.28
Turkey,TUR,2021-03-29,17.63
Turkey,TUR,2021-03-30,18.05
Turkey,TUR,2021-03-31,18.68
Turkey,TUR,2021-04-01,19.05
Turkey,TUR,2021-04-02,19.25
Turkey,TUR,2021-04-03,19.58
Turkey,TUR,2021-04-04,19.68
Turkey,TUR,2021-04-05,20.05
Turkey,TUR,2021-04-06,20.49
Turkey,TUR,2021-04-07,20.88
Turkey,TUR,2021-04-08,21.34
Turkey,TUR,2021-04-09,21.61
Turkey,TUR,2021-04-10,21.76
Turkey,TUR,2021-04-11,21.82
Turkey,TUR,2021-04-12,22.09
Turkey,TUR,2021-04-13,22.49
Turkey,TUR,2021-04-14,22.73
Turkey,TUR,2021-04-15,22.94
Turkey,TUR,2021-04-16,23.37
Turkey,TUR,2021-04-17,23.52
Turkey,TUR,2021-04-18,23.56
Turkey,TUR,2021-04-19,23.68
Turkey,TUR,2021-04-20,23.93
Turkey,TUR,2021-04-21,24.16
Turkey,TUR,2021-04-22,24.45
Turkey,TUR,2021-04-23,24.64
Turkey,TUR,2021-04-24,24.85
Turkey,TUR,2021-04-25,24.93
Turkey,TUR,2021-04-26,25.24
Turkey,TUR,2021-04-27,25.57
Turkey,TUR,2021-04-28,26.11
Turkey,TUR,2021-04-29,26.62
Turkey,TUR,2021-04-30,26.91
Turkey,TUR,2021-05-01,27.01
Turkey,TUR,2021-05-02,27.14
Turkey,TUR,2021-05-03,27.48
Turkey,TUR,2021-05-04,27.99
Turkey,TUR,2021-05-05,28.43
Turkey,TUR,2021-05-06,28.86
Turkey,TUR,2021-05-07,29.13
Turkey,TUR,2021-05-08,29.32
Turkey,TUR,2021-05-09,29.39
Turkey,TUR,2021-05-10,29.51
Turkey,TUR,2021-05-11,29.7
Turkey,TUR,2021-05-12,29.9
Turkey,TUR,2021-05-13,29.96
Turkey,TUR,2021-05-14,30.15
Turkey,TUR,2021-05-15,30.3
Turkey,TUR,2021-05-16,30.4
Turkey,TUR,2021-05-17,30.61
Turkey,TUR,2021-05-18,31.3
Turkey,TUR,2021-05-19,31.64
Turkey,TUR,2021-05-20,31.95
Turkey,TUR,2021-05-21,32.73
Turkey,TUR,2021-05-22,32.81
Turkey,TUR,2021-05-23,33.09
Turkey,TUR,2021-05-24,33.22
Turkey,TUR,2021-05-25,33.5
Turkey,TUR,2021-05-26,33.63
Turkey,TUR,2021-05-27,33.74
Turkey,TUR,2021-05-28,33.89
Turkey,TUR,2021-05-29,33.98
Turkey,TUR,2021-05-30,34.16
Turkey,TUR,2021-05-31,34.41
Turkey,TUR,2021-06-01,34.65
Turkey,TUR,2021-06-02,34.98
Turkey,TUR,2021-06-03,35.54
Turkey,TUR,2021-06-04,35.76
Turkey,TUR,2021-06-05,36.07
Turkey,TUR,2021-06-06,36.4
Turkey,TUR,2021-06-07,36.86
Turkey,TUR,2021-06-08,37.26
Turkey,TUR,2021-06-09,37.73
Turkey,TUR,2021-06-10,38.35
Turkey,TUR,2021-06-11,38.87
Turkey,TUR,2021-06-12,39.43
Turkey,TUR,2021-06-13,40.17
Turkey,TUR,2021-06-14,41.02
Turkey,TUR,2021-06-15,42.75
Turkey,TUR,2021-06-16,44.52
Turkey,TUR,2021-06-17,46.53
Turkey,TUR,2021-06-18,47.91
Turkey,TUR,2021-06-19,48.59
Turkey,TUR,2021-06-20,50.27
Turkey,TUR,2021-06-21,51.46
Turkey,TUR,2021-06-22,52
Turkey,TUR,2021-06-23,53.02
Turkey,TUR,2021-06-24,54.06
Turkey,TUR,2021-06-25,55.01
Turkey,TUR,2021-06-26,55.53
Turkey,TUR,2021-06-27,56.35
Turkey,TUR,2021-06-28,57.73
Turkey,TUR,2021-06-29,58.27
Turkey,TUR,2021-06-30,59.7
Turkey,TUR,2021-07-01,60.41
Turkey,TUR,2021-07-02,61.46
Turkey,TUR,2021-07-03,61.9
Turkey,TUR,2021-07-04,62.79
Turkey,TUR,2021-07-05,63.87
Turkey,TUR,2021-07-06,64.88
Turkey,TUR,2021-07-07,65.83
Turkey,TUR,2021-07-08,66.82
Turkey,TUR,2021-07-09,67.53
Turkey,TUR,2021-07-10,67.92
Turkey,TUR,2021-07-11,68.6
Turkey,TUR,2021-07-12,69.7
Turkey,TUR,2021-07-13,70.83
Turkey,TUR,2021-07-14,71.97
Turkey,TUR,2021-07-15,73.58
Turkey,TUR,2021-07-16,73.77
Turkey,TUR,2021-07-17,74.4
Turkey,TUR,2021-07-18,74.82
Turkey,TUR,2021-07-19,75.33
Turkey,TUR,2021-07-20,75.41
Turkey,TUR,2021-07-21,76.01
Turkey,TUR,2021-07-22,76.79
Turkey,TUR,2021-07-23,77.06
Turkey,TUR,2021-07-24,77.6
Turkey,TUR,2021-07-25,78.8
Turkey,TUR,2021-07-26,80.31
Turkey,TUR,2021-07-27,81.68
Turkey,TUR,2021-07-28,83.09
Turkey,TUR,2021-07-29,84.74
Turkey,TUR,2021-07-30,86.03
Turkey,TUR,2021-07-31,86.43
Turkey,TUR,2021-08-01,86.69
Turkey,TUR,2021-08-02,87.16
Turkey,TUR,2021-08-03,87.68
Turkey,TUR,2021-08-04,87.69
Turkey,TUR,2021-08-05,87.89
Turkey,TUR,2021-08-06,88.59
Turkey,TUR,2021-08-07,89.26
Turkey,TUR,2021-08-08,89.68
Turkey,TUR,2021-08-09,90.36
Turkey,TUR,2021-08-10,92.32
Turkey,TUR,2021-08-11,93.94
Turkey,TUR,2021-08-12,96.06
Turkey,TUR,2021-08-13,96.75
Turkey,TUR,2021-08-14,97.75
Turkey,TUR,2021-08-15,98.31
Turkey,TUR,2021-08-16,99.15
Turkey,TUR,2021-08-17,100.27
Turkey,TUR,2021-08-18,101.93
Turkey,TUR,2021-08-19,102.85
Turkey,TUR,2021-08-20,103.87
Turkey,TUR,2021-08-21,104.33
Turkey,TUR,2021-08-22,104.7
Turkey,TUR,2021-08-23,105.75
Turkey,TUR,2021-08-24,106.64
Turkey,TUR,2021-08-25,107.44
Turkey,TUR,2021-08-26,108.22
Turkey,TUR,2021-08-27,108.98
Turkey,TUR,2021-08-28,109.36
Turkey,TUR,2021-08-29,109.71
Turkey,TUR,2021-08-30,110.08
Turkey,TUR,2021-08-31,111.08
Turkey,TUR,2021-09-01,111.91
Turkey,TUR,2021-09-02,112.73
Turkey,TUR,2021-09-03,113.69
Turkey,TUR,2021-09-04,114.14
Turkey,TUR,2021-09-05,114.55
Turkey,TUR,2021-09-06,115.58
Turkey,TUR,2021-09-07,116.58
Turkey,TUR,2021-09-08,117.47
Turkey,TUR,2021-09-09,118.27
Turkey,TUR,2021-09-10,119.2
Turkey,TUR,2021-09-11,119.67
Turkey,TUR,2021-09-12,120.02
Turkey,TUR,2021-09-13,120.83
Turkey,TUR,2021-09-14,121.5
Turkey,TUR,2021-09-15,122.12
Turkey,TUR,2021-09-16,122.7
Turkey,TUR,2021-09-17,123.38
Turkey,TUR,2021-09-18,123.73
Turkey,TUR,2021-09-19,123.99
Turkey,TUR,2021-09-20,124.58
Turkey,TUR,2021-09-21,125.11
Turkey,TUR,2021-09-22,125.62
Turkey,TUR,2021-09-23,126.09
Turkey,TUR,2021-09-24,126.66
Turkey,TUR,2021-09-25,126.97
Turkey,TUR,2021-09-26,127.21
Turkey,TUR,2021-09-27,127.76
Turkey,TUR,2021-09-28,128.26
Turkey,TUR,2021-09-30,129.16
Turkey,TUR,2021-10-01,129.67
Turkey,TUR,2021-10-02,129.94
Turkey,TUR,2021-10-03,130.15
Turkey,TUR,2021-10-04,130.63
Turkey,TUR,2021-10-05,131.03
Turkey,TUR,2021-10-06,131.4
Turkey,TUR,2021-10-07,131.73
Turkey,TUR,2021-10-08,132.16
Turkey,TUR,2021-10-09,132.38
Turkey,TUR,2021-10-10,132.54
Turkey,TUR,2021-10-11,132.9
Turkey,TUR,2021-10-12,133.22
Turkey,TUR,2021-10-13,133.51
Turkey,TUR,2021-10-14,133.79
Turkey,TUR,2021-10-15,134.13
Turkey,TUR,2021-10-16,134.31
Turkey,TUR,2021-10-17,134.44
Turkey,TUR,2021-10-18,134.72
Turkey,TUR,2021-10-19,134.98
Turkey,TUR,2021-10-20,135.2
Turkey,TUR,2021-10-21,135.43
Turkey,TUR,2021-10-22,135.7
Turkey,TUR,2021-10-23,135.85
Turkey,TUR,2021-10-24,135.95
Turkey,TUR,2021-10-25,136.22
Turkey,TUR,2021-10-26,136.45
Turkey,TUR,2021-10-27,136.67
Turkey,TUR,2021-10-28,136.86
Turkey,TUR,2021-10-29,136.98
Turkey,TUR,2021-10-30,137.08
Turkey,TUR,2021-10-31,137.16
Turkey,TUR,2021-11-01,137.41
Turkey,TUR,2021-11-02,137.61
Turkey,TUR,2021-11-03,137.81
Turkey,TUR,2021-11-04,138.02
Turkey,TUR,2021-11-05,138.28
Turkey,TUR,2021-11-06,138.38
Turkey,TUR,2021-11-07,138.46
Turkey,TUR,2021-11-08,138.68
Turkey,TUR,2021-11-09,138.87
Turkey,TUR,2021-11-10,139.03
Turkey,TUR,2021-11-11,139.23
Turkey,TUR,2021-11-12,139.45
Turkey,TUR,2021-11-13,139.55
Turkey,TUR,2021-11-14,139.62
Turkey,TUR,2021-11-15,139.85
Turkey,TUR,2021-11-16,140.05
Turkey,TUR,2021-11-17,140.23
Turkey,TUR,2021-11-18,140.41
Turkey,TUR,2021-11-19,140.61
Turkey,TUR,2021-11-20,140.69
Turkey,TUR,2021-11-21,140.76
Turkey,TUR,2021-11-22,140.93
Turkey,TUR,2021-11-23,141.08
Turkey,TUR,2021-11-24,141.23
Turkey,TUR,2021-11-25,141.37
Turkey,TUR,2021-11-26,141.54
Turkey,TUR,2021-11-27,141.62
Turkey,TUR,2021-11-28,141.69
Turkey,TUR,2021-11-29,141.86
Turkey,TUR,2021-11-30,142.01
Turkey,TUR,2021-12-01,142.16
Turkey,TUR,2021-12-02,142.31
Turkey,TUR,2021-12-03,142.48
Turkey,TUR,2021-12-04,142.56
Turkey,TUR,2021-12-05,142.62
Turkey,TUR,2021-12-06,142.78
Turkey,TUR,2021-12-07,142.92
Turkey,TUR,2021-12-08,143.06
Turkey,TUR,2021-12-09,143.19
Turkey,TUR,2021-12-10,143.36
Turkey,TUR,2021-12-11,143.44
Turkey,TUR,2021-12-12,143.5
Turkey,TUR,2021-12-13,143.68
Turkey,TUR,2021-12-14,143.83
Turkey,TUR,2021-12-15,143.95
Turkey,TUR,2021-12-16,144.37
Turkey,TUR,2021-12-17,145.26
Turkey,TUR,2021-12-18,145.83
Turkey,TUR,2021-12-19,146.34
Turkey,TUR,2021-12-20,147.35
Turkey,TUR,2021-12-21,148.35
Turkey,TUR,2021-12-22,149.3
Turkey,TUR,2021-12-23,150.14
Turkey,TUR,2021-12-24,150.98
Turkey,TUR,2021-12-25,151.4
Turkey,TUR,2021-12-26,151.76
Turkey,TUR,2021-12-27,152.56
Turkey,TUR,2021-12-28,153.31
Turkey,TUR,2021-12-29,154.02
Turkey,TUR,2021-12-30,154.68
Turkey,TUR,2021-12-31,155.29
Turkey,TUR,2022-01-01,155.62
Turkey,TUR,2022-01-02,155.96
Turkey,TUR,2022-01-03,156.76
Turkey,TUR,2022-01-05,158.29
Turkey,TUR,2022-01-06,159.08
Turkey,TUR,2022-01-07,159.97
Turkey,TUR,2022-01-08,160.42
Turkey,TUR,2022-01-09,160.76
Turkey,TUR,2022-01-10,161.48
Turkey,TUR,2022-01-11,162.11
Turkey,TUR,2022-01-12,162.66
Turkey,TUR,2022-01-13,163.17
Turkey,TUR,2022-01-14,163.76
Turkey,TUR,2022-01-15,164.05
Turkey,TUR,2022-01-16,164.23
Turkey,TUR,2022-01-17,164.64
Turkey,TUR,2022-01-18,164.98
Turkey,TUR,2022-01-19,165.25
Turkey,TUR,2022-01-20,165.51
Turkey,TUR,2022-01-21,165.8
Turkey,TUR,2022-01-22,165.93
Turkey,TUR,2022-01-23,166.02
Turkey,TUR,2022-01-24,166.25
Turkey,TUR,2022-01-25,166.44
Turkey,TUR,2022-01-26,166.62
Turkey,TUR,2022-01-27,166.81
Turkey,TUR,2022-01-28,167.04
Turkey,TUR,2022-01-29,167.15
Turkey,TUR,2022-01-30,167.24
Turkey,TUR,2022-01-31,167.48
Turkey,TUR,2022-02-01,167.7
Turkey,TUR,2022-02-02,167.91
Turkey,TUR,2022-02-03,168.12
Turkey,TUR,2022-02-04,168.37
Turkey,TUR,2022-02-05,168.48
Turkey,TUR,2022-02-06,168.57
Turkey,TUR,2022-02-07,168.83
Turkey,TUR,2022-02-08,169.04
Turkey,TUR,2022-02-09,169.25
Turkey,TUR,2022-02-10,169.44
Turkey,TUR,2022-02-11,169.68
Turkey,TUR,2022-02-12,169.79
Turkey,TUR,2022-02-13,169.87
Turkey,TUR,2022-02-14,170.07
Turkey,TUR,2022-02-15,170.25
Turkey,TUR,2022-02-16,170.42
Turkey,TUR,2022-02-17,170.57
Turkey,TUR,2022-02-18,170.72
Turkey,TUR,2022-02-19,170.8
Turkey,TUR,2022-02-20,170.86
Turkey,TUR,2022-02-21,171.04
Turkey,TUR,2022-02-22,171.19
Turkey,TUR,2022-02-23,171.33
Turkey,TUR,2022-02-24,171.45
Turkey,TUR,2022-02-25,171.58
Turkey,TUR,2022-02-26,171.63
Turkey,TUR,2022-02-27,171.67
Turkey,TUR,2022-02-28,171.79
Turkey,TUR,2022-03-01,171.89
Turkey,TUR,2022-03-02,171.99
Turkey,TUR,2022-03-03,172.07
Turkey,TUR,2022-03-04,172.15
Turkey,TUR,2022-03-05,172.19
Turkey,TUR,2022-03-06,172.21
Turkey,TUR,2022-03-07,172.28
Turkey,TUR,2022-03-08,172.34
Turkey,TUR,2022-03-09,172.39
Turkey,TUR,2022-03-10,172.44
Turkey,TUR,2022-03-11,172.48
Turkey,TUR,2022-03-12,172.5
Turkey,TUR,2022-03-13,172.51
Turkey,TUR,2022-03-14,172.54
Turkey,TUR,2022-03-15,172.58
Turkey,TUR,2022-03-16,172.62
Turkey,TUR,2022-03-17,172.67
Turkey,TUR,2022-03-18,172.72
Turkey,TUR,2022-03-19,172.73
Turkey,TUR,2022-03-20,172.75
Turkey,TUR,2022-03-21,172.81
Turkey,TUR,2022-03-22,172.88
Turkey,TUR,2022-03-23,172.95
Turkey,TUR,2022-03-24,173.02
Turkey,TUR,2022-03-25,173.09
Turkey,TUR,2022-03-26,173.11
Turkey,TUR,2022-03-27,173.12
Turkey,TUR,2022-03-28,173.19
Turkey,TUR,2022-03-29,173.26
Turkey,TUR,2022-03-30,173.33
Turkey,TUR,2022-03-31,173.39
Turkey,TUR,2022-04-03,173.48
Turkey,TUR,2022-04-04,173.51
Turkey,TUR,2022-04-05,173.54
Turkey,TUR,2022-04-06,173.57
Turkey,TUR,2022-04-07,173.6
Turkey,TUR,2022-04-08,173.63
Turkey,TUR,2022-04-09,173.64
Turkey,TUR,2022-04-10,173.65
Turkey,TUR,2022-04-11,173.68
Turkey,TUR,2022-04-12,173.7
Turkey,TUR,2022-04-13,173.73
Turkey,TUR,2022-04-14,173.75
Turkey,TUR,2022-04-17,173.79
Turkey,TUR,2022-04-18,173.81
Turkey,TUR,2022-04-19,173.84
Turkey,TUR,2022-04-20,173.86
Turkey,TUR,2022-04-21,173.87
Turkey,TUR,2022-04-23,173.9
Turkey,TUR,2022-04-24,173.9
Turkey,TUR,2022-04-25,173.92
Turkey,TUR,2022-04-26,173.94
Turkey,TUR,2022-04-27,173.95
Turkey,TUR,2022-04-28,173.97
Turkey,TUR,2022-04-29,173.98
Turkey,TUR,2022-04-30,173.99
Turkey,TUR,2022-05-01,173.99
Turkey,TUR,2022-05-02,173.99
Turkey,TUR,2022-05-03,173.99
Turkey,TUR,2022-05-04,174
Turkey,TUR,2022-05-05,174.01
Turkey,TUR,2022-05-06,174.03
Turkey,TUR,2022-05-07,174.04
Turkey,TUR,2022-05-08,174.04
Turkey,TUR,2022-05-09,174.06
Turkey,TUR,2022-05-10,174.08
Turkey,TUR,2022-05-11,174.1
Turkey,TUR,2022-05-12,174.11
Turkey,TUR,2022-05-13,174.13
Turkey,TUR,2022-05-14,174.13
Turkey,TUR,2022-05-15,174.14
Turkey,TUR,2022-05-16,174.15
Turkey,TUR,2022-05-17,174.17
Turkey,TUR,2022-05-18,174.18
Turkey,TUR,2022-05-19,174.18
Turkey,TUR,2022-05-21,174.2
Turkey,TUR,2022-05-22,174.2
Turkey,TUR,2022-05-23,174.21
Turkey,TUR,2022-05-24,174.22
Turkey,TUR,2022-05-25,174.23
Turkey,TUR,2022-05-26,174.24
Turkey,TUR,2022-05-27,174.25
Turkey,TUR,2022-05-28,174.25
Turkey,TUR,2022-05-29,174.25
Turkey,TUR,2022-05-30,174.26
Turkey,TUR,2022-05-31,174.27
Turkey,TUR,2022-06-13,174.32
Turkey,TUR,2022-06-14,174.33
Turkey,TUR,2022-06-15,174.33
Turkey,TUR,2022-06-16,174.33
Turkey,TUR,2022-06-17,174.34
Turkey,TUR,2022-06-18,174.34
Turkey,TUR,2022-06-19,174.34
Turkey,TUR,2022-06-20,174.34
Turkey,TUR,2022-06-21,174.35
Turkey,TUR,2022-06-22,174.35
Turkey,TUR,2022-06-23,174.36
Turkey,TUR,2022-06-24,174.36
Turkey,TUR,2022-06-25,174.36
Turkey,TUR,2022-06-27,174.36
Turkey,TUR,2022-06-28,174.37
Turkey,TUR,2022-06-29,174.37
Turkey,TUR,2022-06-30,174.38
Turkey,TUR,2022-07-02,174.38
Turkey,TUR,2022-07-03,174.38
Turkey,TUR,2022-07-04,174.39
Turkey,TUR,2022-07-05,174.4
Turkey,TUR,2022-07-06,174.4
Turkey,TUR,2022-07-07,174.41
Turkey,TUR,2022-07-09,174.42
Turkey,TUR,2022-07-10,174.43
Turkey,TUR,2022-07-11,174.5
Turkey,TUR,2022-07-12,174.6
Turkey,TUR,2022-07-13,174.72
Turkey,TUR,2022-07-14,174.84
Turkey,TUR,2022-07-15,174.94
Turkey,TUR,2022-07-16,175.02
Turkey,TUR,2022-07-17,175.09
Turkey,TUR,2022-07-18,175.29
Turkey,TUR,2022-07-19,175.53
Turkey,TUR,2022-07-20,175.78
Turkey,TUR,2022-07-21,176.02
Turkey,TUR,2022-07-22,176.28
Turkey,TUR,2022-07-23,176.36
Turkey,TUR,2022-07-24,176.42
Turkey,TUR,2022-07-25,176.67
Turkey,TUR,2022-07-26,176.9
Turkey,TUR,2022-07-27,177.11
Turkey,TUR,2022-07-28,177.29
Turkey,TUR,2022-07-29,177.47
Turkey,TUR,2022-07-30,177.52
Turkey,TUR,2022-07-31,177.56
Turkey,TUR,2022-08-01,177.72
Turkey,TUR,2022-08-02,177.86
Turkey,TUR,2022-08-03,177.99
Turkmenistan,TKM,2021-02-28,0.82
Turkmenistan,TKM,2022-03-06,112.59
Turks and Caicos Islands,TCA,2021-01-10,0
Turks and Caicos Islands,TCA,2021-03-29,53.86
Turks and Caicos Islands,TCA,2021-04-11,55.5
Turks and Caicos Islands,TCA,2021-05-16,68.18
Turks and Caicos Islands,TCA,2021-05-28,80.17
Turks and Caicos Islands,TCA,2021-06-18,84.47
Turks and Caicos Islands,TCA,2021-07-02,100.51
Turks and Caicos Islands,TCA,2021-07-16,102.74
Turks and Caicos Islands,TCA,2021-07-23,104.76
Turks and Caicos Islands,TCA,2021-08-13,108.85
Turks and Caicos Islands,TCA,2021-09-03,112.77
Turks and Caicos Islands,TCA,2021-09-10,114.9
Turks and Caicos Islands,TCA,2021-09-17,116.09
Turks and Caicos Islands,TCA,2021-10-08,120.62
Turks and Caicos Islands,TCA,2021-11-05,124.89
Turks and Caicos Islands,TCA,2022-02-04,149.54
Turks and Caicos Islands,TCA,2022-02-18,150.65
Turks and Caicos Islands,TCA,2022-02-25,151.12
Turks and Caicos Islands,TCA,2022-03-11,151.76
Turks and Caicos Islands,TCA,2022-03-25,152.21
Turks and Caicos Islands,TCA,2022-04-01,152.5
Turks and Caicos Islands,TCA,2022-05-20,153.98
Turks and Caicos Islands,TCA,2022-06-10,154.73
Turks and Caicos Islands,TCA,2022-07-08,155.54
Tuvalu,TUV,2021-04-27,21.42
Tuvalu,TUV,2021-06-01,21.42
Tuvalu,TUV,2021-06-15,42.59
Tuvalu,TUV,2021-08-16,73.98
Tuvalu,TUV,2021-08-26,95.43
Tuvalu,TUV,2021-09-10,96.94
Tuvalu,TUV,2021-10-22,108.12
Tuvalu,TUV,2022-04-05,111.82
Uganda,UGA,2021-03-09,0
Uganda,UGA,2021-03-12,0
Uganda,UGA,2021-03-13,0
Uganda,UGA,2021-03-15,0.01
Uganda,UGA,2021-03-16,0.01
Uganda,UGA,2021-03-17,0.02
Uganda,UGA,2021-03-18,0.03
Uganda,UGA,2021-03-19,0.04
Uganda,UGA,2021-03-20,0.04
Uganda,UGA,2021-03-21,0.05
Uganda,UGA,2021-03-22,0.06
Uganda,UGA,2021-03-23,0.07
Uganda,UGA,2021-03-24,0.1
Uganda,UGA,2021-03-25,0.1
Uganda,UGA,2021-03-27,0.13
Uganda,UGA,2021-03-28,0.15
Uganda,UGA,2021-03-29,0.18
Uganda,UGA,2021-03-30,0.2
Uganda,UGA,2021-04-04,0.28
Uganda,UGA,2021-04-05,0.3
Uganda,UGA,2021-04-06,0.31
Uganda,UGA,2021-04-07,0.36
Uganda,UGA,2021-04-08,0.38
Uganda,UGA,2021-04-10,0.39
Uganda,UGA,2021-04-11,0.41
Uganda,UGA,2021-04-12,0.43
Uganda,UGA,2021-04-13,0.45
Uganda,UGA,2021-04-14,0.48
Uganda,UGA,2021-04-16,0.5
Uganda,UGA,2021-04-17,0.51
Uganda,UGA,2021-04-18,0.52
Uganda,UGA,2021-04-19,0.54
Uganda,UGA,2021-04-20,0.55
Uganda,UGA,2021-04-21,0.59
Uganda,UGA,2021-04-24,0.6
Uganda,UGA,2021-04-26,0.66
Uganda,UGA,2021-04-27,0.7
Uganda,UGA,2021-04-28,0.72
Uganda,UGA,2021-05-01,0.74
Uganda,UGA,2021-05-02,0.75
Uganda,UGA,2021-05-03,0.8
Uganda,UGA,2021-05-04,0.82
Uganda,UGA,2021-05-05,0.84
Uganda,UGA,2021-05-06,0.86
Uganda,UGA,2021-05-07,0.86
Uganda,UGA,2021-05-08,0.87
Uganda,UGA,2021-05-09,0.88
Uganda,UGA,2021-05-11,0.91
Uganda,UGA,2021-05-12,0.92
Uganda,UGA,2021-05-14,0.94
Uganda,UGA,2021-05-16,0.99
Uganda,UGA,2021-05-17,1.02
Uganda,UGA,2021-05-19,1.07
Uganda,UGA,2021-05-21,1.11
Uganda,UGA,2021-05-22,1.12
Uganda,UGA,2021-05-23,1.16
Uganda,UGA,2021-05-24,1.18
Uganda,UGA,2021-05-26,1.23
Uganda,UGA,2021-05-27,1.26
Uganda,UGA,2021-05-29,1.3
Uganda,UGA,2021-05-30,1.41
Uganda,UGA,2021-05-31,1.47
Uganda,UGA,2021-06-01,1.48
Uganda,UGA,2021-06-02,1.54
Uganda,UGA,2021-06-05,1.63
Uganda,UGA,2021-06-08,1.65
Uganda,UGA,2021-06-10,1.7
Uganda,UGA,2021-06-12,1.71
Uganda,UGA,2021-06-13,1.75
Uganda,UGA,2021-06-14,1.76
Uganda,UGA,2021-06-15,1.77
Uganda,UGA,2021-06-16,1.79
Uganda,UGA,2021-06-19,1.81
Uganda,UGA,2021-06-20,1.82
Uganda,UGA,2021-06-22,1.84
Uganda,UGA,2021-06-23,1.84
Uganda,UGA,2021-06-26,1.86
Uganda,UGA,2021-06-27,1.86
Uganda,UGA,2021-06-28,1.87
Uganda,UGA,2021-06-29,1.88
Uganda,UGA,2021-07-01,2.16
Uganda,UGA,2021-07-03,2.24
Uganda,UGA,2021-07-04,2.31
Uganda,UGA,2021-07-10,2.35
Uganda,UGA,2021-07-12,2.36
Uganda,UGA,2021-07-13,2.37
Uganda,UGA,2021-07-18,2.37
Uganda,UGA,2021-07-19,2.4
Uganda,UGA,2021-07-21,2.41
Uganda,UGA,2021-07-22,2.42
Uganda,UGA,2021-07-28,2.48
Uganda,UGA,2021-07-30,2.49
Uganda,UGA,2021-08-03,2.51
Uganda,UGA,2021-08-05,2.51
Uganda,UGA,2021-08-20,2.54
Uganda,UGA,2021-08-21,2.83
Uganda,UGA,2021-09-01,3.13
Uganda,UGA,2021-09-22,4.49
Uganda,UGA,2021-10-07,5.7
Uganda,UGA,2021-10-14,6.09
Uganda,UGA,2021-10-21,6.52
Uganda,UGA,2021-10-28,7.13
Uganda,UGA,2021-11-04,7.86
Uganda,UGA,2021-11-10,8.5
Uganda,UGA,2021-11-15,10.36
Uganda,UGA,2021-12-09,17.04
Uganda,UGA,2021-12-20,21.29
Uganda,UGA,2022-01-06,26.36
Uganda,UGA,2022-01-10,26.65
Uganda,UGA,2022-01-23,27.48
Uganda,UGA,2022-01-31,28.16
Uganda,UGA,2022-02-07,32.65
Uganda,UGA,2022-02-21,35.45
Uganda,UGA,2022-02-28,36.36
Uganda,UGA,2022-03-09,37.21
Uganda,UGA,2022-03-14,37.51
Uganda,UGA,2022-03-29,38.4
Uganda,UGA,2022-04-10,42.31
Uganda,UGA,2022-04-26,42.84
Uganda,UGA,2022-05-01,44.11
Uganda,UGA,2022-05-08,45.58
Uganda,UGA,2022-05-15,45.58
Uganda,UGA,2022-05-22,45.89
Uganda,UGA,2022-06-05,46.38
Uganda,UGA,2022-06-19,46.87
Uganda,UGA,2022-06-26,47.45
Uganda,UGA,2022-07-10,50.08
Uganda,UGA,2022-07-17,52.28
Ukraine,UKR,2021-02-24,0
Ukraine,UKR,2021-02-25,0
Ukraine,UKR,2021-02-26,0.01
Ukraine,UKR,2021-02-27,0.01
Ukraine,UKR,2021-03-01,0.01
Ukraine,UKR,2021-03-02,0.02
Ukraine,UKR,2021-03-03,0.02
Ukraine,UKR,2021-03-04,0.03
Ukraine,UKR,2021-03-05,0.04
Ukraine,UKR,2021-03-06,0.04
Ukraine,UKR,2021-03-07,0.04
Ukraine,UKR,2021-03-08,0.04
Ukraine,UKR,2021-03-09,0.05
Ukraine,UKR,2021-03-10,0.07
Ukraine,UKR,2021-03-11,0.09
Ukraine,UKR,2021-03-12,0.11
Ukraine,UKR,2021-03-13,0.12
Ukraine,UKR,2021-03-14,0.12
Ukraine,UKR,2021-03-15,0.14
Ukraine,UKR,2021-03-16,0.17
Ukraine,UKR,2021-03-17,0.19
Ukraine,UKR,2021-03-18,0.21
Ukraine,UKR,2021-03-19,0.24
Ukraine,UKR,2021-03-20,0.25
Ukraine,UKR,2021-03-21,0.26
Ukraine,UKR,2021-03-22,0.28
Ukraine,UKR,2021-03-23,0.31
Ukraine,UKR,2021-03-24,0.36
Ukraine,UKR,2021-03-25,0.4
Ukraine,UKR,2021-03-26,0.44
Ukraine,UKR,2021-03-27,0.45
Ukraine,UKR,2021-03-28,0.46
Ukraine,UKR,2021-03-29,0.49
Ukraine,UKR,2021-03-30,0.53
Ukraine,UKR,2021-03-31,0.57
Ukraine,UKR,2021-04-01,0.62
Ukraine,UKR,2021-04-02,0.66
Ukraine,UKR,2021-04-03,0.67
Ukraine,UKR,2021-04-04,0.67
Ukraine,UKR,2021-04-05,0.7
Ukraine,UKR,2021-04-06,0.74
Ukraine,UKR,2021-04-07,0.77
Ukraine,UKR,2021-04-08,0.81
Ukraine,UKR,2021-04-09,0.86
Ukraine,UKR,2021-04-10,0.87
Ukraine,UKR,2021-04-11,0.87
Ukraine,UKR,2021-04-12,0.89
Ukraine,UKR,2021-04-13,0.93
Ukraine,UKR,2021-04-14,0.96
Ukraine,UKR,2021-04-15,0.99
Ukraine,UKR,2021-04-16,1.02
Ukraine,UKR,2021-04-17,1.03
Ukraine,UKR,2021-04-18,1.04
Ukraine,UKR,2021-04-19,1.06
Ukraine,UKR,2021-04-20,1.1
Ukraine,UKR,2021-04-21,1.13
Ukraine,UKR,2021-04-22,1.17
Ukraine,UKR,2021-04-23,1.2
Ukraine,UKR,2021-04-24,1.21
Ukraine,UKR,2021-04-25,1.21
Ukraine,UKR,2021-04-26,1.24
Ukraine,UKR,2021-04-27,1.28
Ukraine,UKR,2021-04-28,1.45
Ukraine,UKR,2021-04-29,1.61
Ukraine,UKR,2021-04-30,1.73
Ukraine,UKR,2021-05-01,1.73
Ukraine,UKR,2021-05-02,1.74
Ukraine,UKR,2021-05-03,1.74
Ukraine,UKR,2021-05-04,1.75
Ukraine,UKR,2021-05-05,1.8
Ukraine,UKR,2021-05-06,1.89
Ukraine,UKR,2021-05-07,1.97
Ukraine,UKR,2021-05-08,1.98
Ukraine,UKR,2021-05-09,1.98
Ukraine,UKR,2021-05-10,1.99
Ukraine,UKR,2021-05-11,2.03
Ukraine,UKR,2021-05-12,2.08
Ukraine,UKR,2021-05-13,2.13
Ukraine,UKR,2021-05-14,2.18
Ukraine,UKR,2021-05-15,2.2
Ukraine,UKR,2021-05-16,2.2
Ukraine,UKR,2021-05-17,2.24
Ukraine,UKR,2021-05-18,2.29
Ukraine,UKR,2021-05-19,2.33
Ukraine,UKR,2021-05-20,2.37
Ukraine,UKR,2021-05-21,2.41
Ukraine,UKR,2021-05-22,2.42
Ukraine,UKR,2021-05-23,2.42
Ukraine,UKR,2021-05-24,2.45
Ukraine,UKR,2021-05-25,2.49
Ukraine,UKR,2021-05-26,2.53
Ukraine,UKR,2021-05-27,2.56
Ukraine,UKR,2021-05-28,2.6
Ukraine,UKR,2021-05-29,2.62
Ukraine,UKR,2021-05-30,2.64
Ukraine,UKR,2021-05-31,2.67
Ukraine,UKR,2021-06-01,2.71
Ukraine,UKR,2021-06-02,2.79
Ukraine,UKR,2021-06-03,2.91
Ukraine,UKR,2021-06-04,3.04
Ukraine,UKR,2021-06-05,3.13
Ukraine,UKR,2021-06-06,3.19
Ukraine,UKR,2021-06-07,3.3
Ukraine,UKR,2021-06-08,3.42
Ukraine,UKR,2021-06-09,3.55
Ukraine,UKR,2021-06-10,3.67
Ukraine,UKR,2021-06-11,3.82
Ukraine,UKR,2021-06-12,3.9
Ukraine,UKR,2021-06-13,3.95
Ukraine,UKR,2021-06-14,4.06
Ukraine,UKR,2021-06-15,4.21
Ukraine,UKR,2021-06-16,4.38
Ukraine,UKR,2021-06-17,4.57
Ukraine,UKR,2021-06-18,4.72
Ukraine,UKR,2021-06-19,4.78
Ukraine,UKR,2021-06-20,4.79
Ukraine,UKR,2021-06-21,4.81
Ukraine,UKR,2021-06-22,4.94
Ukraine,UKR,2021-06-23,5.12
Ukraine,UKR,2021-06-24,5.34
Ukraine,UKR,2021-06-25,5.56
Ukraine,UKR,2021-06-26,5.67
Ukraine,UKR,2021-06-27,5.71
Ukraine,UKR,2021-06-28,5.75
Ukraine,UKR,2021-06-29,5.93
Ukraine,UKR,2021-06-30,6.15
Ukraine,UKR,2021-07-01,6.36
Ukraine,UKR,2021-07-02,6.57
Ukraine,UKR,2021-07-03,6.66
Ukraine,UKR,2021-07-04,6.72
Ukraine,UKR,2021-07-05,6.89
Ukraine,UKR,2021-07-06,7.1
Ukraine,UKR,2021-07-07,7.34
Ukraine,UKR,2021-07-08,7.59
Ukraine,UKR,2021-07-09,7.86
Ukraine,UKR,2021-07-10,7.96
Ukraine,UKR,2021-07-11,8.02
Ukraine,UKR,2021-07-12,8.21
Ukraine,UKR,2021-07-13,8.44
Ukraine,UKR,2021-07-14,8.69
Ukraine,UKR,2021-07-15,8.96
Ukraine,UKR,2021-07-16,9.21
Ukraine,UKR,2021-07-17,9.33
Ukraine,UKR,2021-07-18,9.42
Ukraine,UKR,2021-07-19,9.6
Ukraine,UKR,2021-07-20,9.83
Ukraine,UKR,2021-07-21,10.11
Ukraine,UKR,2021-07-22,10.43
Ukraine,UKR,2021-07-23,10.78
Ukraine,UKR,2021-07-24,10.94
Ukraine,UKR,2021-07-25,11.06
Ukraine,UKR,2021-07-26,11.34
Ukraine,UKR,2021-07-27,11.67
Ukraine,UKR,2021-07-28,12
Ukraine,UKR,2021-07-29,12.35
Ukraine,UKR,2021-07-30,12.69
Ukraine,UKR,2021-07-31,12.85
Ukraine,UKR,2021-08-01,12.94
Ukraine,UKR,2021-08-02,13.23
Ukraine,UKR,2021-08-03,13.58
Ukraine,UKR,2021-08-04,13.94
Ukraine,UKR,2021-08-05,14.33
Ukraine,UKR,2021-08-06,14.72
Ukraine,UKR,2021-08-07,14.9
Ukraine,UKR,2021-08-08,15.02
Ukraine,UKR,2021-08-09,15.34
Ukraine,UKR,2021-08-10,15.73
Ukraine,UKR,2021-08-11,16.1
Ukraine,UKR,2021-08-12,16.47
Ukraine,UKR,2021-08-13,16.85
Ukraine,UKR,2021-08-14,17.02
Ukraine,UKR,2021-08-15,17.14
Ukraine,UKR,2021-08-16,17.42
Ukraine,UKR,2021-08-17,17.7
Ukraine,UKR,2021-08-18,17.97
Ukraine,UKR,2021-08-19,18.27
Ukraine,UKR,2021-08-20,18.61
Ukraine,UKR,2021-08-21,18.76
Ukraine,UKR,2021-08-22,18.86
Ukraine,UKR,2021-08-23,19.02
Ukraine,UKR,2021-08-24,19.07
Ukraine,UKR,2021-08-25,19.44
Ukraine,UKR,2021-08-26,19.84
Ukraine,UKR,2021-08-27,20.22
Ukraine,UKR,2021-08-28,20.42
Ukraine,UKR,2021-08-29,20.52
Ukraine,UKR,2021-08-30,20.86
Ukraine,UKR,2021-08-31,21.22
Ukraine,UKR,2021-09-01,21.5
Ukraine,UKR,2021-09-02,21.85
Ukraine,UKR,2021-09-03,22.23
Ukraine,UKR,2021-09-04,22.39
Ukraine,UKR,2021-09-05,22.49
Ukraine,UKR,2021-09-06,22.8
Ukraine,UKR,2021-09-07,23.14
Ukraine,UKR,2021-09-08,23.51
Ukraine,UKR,2021-09-09,23.91
Ukraine,UKR,2021-09-10,24.33
Ukraine,UKR,2021-09-11,24.5
Ukraine,UKR,2021-09-12,24.61
Ukraine,UKR,2021-09-13,24.92
Ukraine,UKR,2021-09-14,25.24
Ukraine,UKR,2021-09-15,25.51
Ukraine,UKR,2021-09-16,25.8
Ukraine,UKR,2021-09-17,26.1
Ukraine,UKR,2021-09-18,26.24
Ukraine,UKR,2021-09-19,26.32
Ukraine,UKR,2021-09-20,26.57
Ukraine,UKR,2021-09-21,26.83
Ukraine,UKR,2021-09-22,27.17
Ukraine,UKR,2021-09-23,27.52
Ukraine,UKR,2021-09-24,27.89
Ukraine,UKR,2021-09-25,28.03
Ukraine,UKR,2021-09-26,28.12
Ukraine,UKR,2021-09-27,28.39
Ukraine,UKR,2021-09-28,28.7
Ukraine,UKR,2021-09-29,28.99
Ukraine,UKR,2021-09-30,29.28
Ukraine,UKR,2021-10-01,29.58
Ukraine,UKR,2021-10-02,29.7
Ukraine,UKR,2021-10-03,29.78
Ukraine,UKR,2021-10-04,30.01
Ukraine,UKR,2021-10-05,30.28
Ukraine,UKR,2021-10-06,30.56
Ukraine,UKR,2021-10-07,30.85
Ukraine,UKR,2021-10-08,31.19
Ukraine,UKR,2021-10-09,31.34
Ukraine,UKR,2021-10-10,31.43
Ukraine,UKR,2021-10-11,31.72
Ukraine,UKR,2021-10-12,32.07
Ukraine,UKR,2021-10-13,32.45
Ukraine,UKR,2021-10-14,32.53
Ukraine,UKR,2021-10-15,32.87
Ukraine,UKR,2021-10-16,33.06
Ukraine,UKR,2021-10-17,33.19
Ukraine,UKR,2021-10-18,33.63
Ukraine,UKR,2021-10-19,34.15
Ukraine,UKR,2021-10-20,34.73
Ukraine,UKR,2021-10-21,35.35
Ukraine,UKR,2021-10-22,36.01
Ukraine,UKR,2021-10-23,36.42
Ukraine,UKR,2021-10-24,36.65
Ukraine,UKR,2021-10-25,37.24
Ukraine,UKR,2021-10-26,37.91
Ukraine,UKR,2021-10-27,38.58
Ukraine,UKR,2021-10-28,39.24
Ukraine,UKR,2021-10-29,39.97
Ukraine,UKR,2021-10-30,40.38
Ukraine,UKR,2021-10-31,40.65
Ukraine,UKR,2021-11-01,41.28
Ukraine,UKR,2021-11-02,41.99
Ukraine,UKR,2021-11-03,42.68
Ukraine,UKR,2021-11-04,43.3
Ukraine,UKR,2021-11-05,43.94
Ukraine,UKR,2021-11-06,44.24
Ukraine,UKR,2021-11-07,44.44
Ukraine,UKR,2021-11-08,44.99
Ukraine,UKR,2021-11-09,45.6
Ukraine,UKR,2021-11-10,46.24
Ukraine,UKR,2021-11-11,46.88
Ukraine,UKR,2021-11-12,47.57
Ukraine,UKR,2021-11-13,47.9
Ukraine,UKR,2021-11-14,48.13
Ukraine,UKR,2021-11-15,48.74
Ukraine,UKR,2021-11-16,49.42
Ukraine,UKR,2021-11-17,50.11
Ukraine,UKR,2021-11-18,50.78
Ukraine,UKR,2021-11-19,51.5
Ukraine,UKR,2021-11-20,51.85
Ukraine,UKR,2021-11-21,52.08
Ukraine,UKR,2021-11-22,52.7
Ukraine,UKR,2021-11-23,53.35
Ukraine,UKR,2021-11-24,53.99
Ukraine,UKR,2021-11-25,54.62
Ukraine,UKR,2021-11-26,55.26
Ukraine,UKR,2021-11-27,55.58
Ukraine,UKR,2021-11-28,55.79
Ukraine,UKR,2021-11-29,56.31
Ukraine,UKR,2021-11-30,56.85
Ukraine,UKR,2021-12-01,57.32
Ukraine,UKR,2021-12-02,57.8
Ukraine,UKR,2021-12-03,58.29
Ukraine,UKR,2021-12-04,58.55
Ukraine,UKR,2021-12-05,58.71
Ukraine,UKR,2021-12-06,59.15
Ukraine,UKR,2021-12-07,59.61
Ukraine,UKR,2021-12-08,60.02
Ukraine,UKR,2021-12-09,60.38
Ukraine,UKR,2021-12-10,60.77
Ukraine,UKR,2021-12-11,60.96
Ukraine,UKR,2021-12-12,61.08
Ukraine,UKR,2021-12-13,61.38
Ukraine,UKR,2021-12-14,61.71
Ukraine,UKR,2021-12-15,62.03
Ukraine,UKR,2021-12-16,62.34
Ukraine,UKR,2021-12-17,62.66
Ukraine,UKR,2021-12-18,62.8
Ukraine,UKR,2021-12-19,62.88
Ukraine,UKR,2021-12-20,63.14
Ukraine,UKR,2021-12-21,63.41
Ukraine,UKR,2021-12-22,63.68
Ukraine,UKR,2021-12-23,63.94
Ukraine,UKR,2021-12-24,64.21
Ukraine,UKR,2021-12-25,64.28
Ukraine,UKR,2021-12-26,64.34
Ukraine,UKR,2021-12-27,64.45
Ukraine,UKR,2021-12-28,64.75
Ukraine,UKR,2021-12-29,65.02
Ukraine,UKR,2021-12-30,65.25
Ukraine,UKR,2021-12-31,65.37
Ukraine,UKR,2022-01-03,65.46
Ukraine,UKR,2022-01-04,65.69
Ukraine,UKR,2022-01-05,65.93
Ukraine,UKR,2022-01-06,66.1
Ukraine,UKR,2022-01-08,66.16
Ukraine,UKR,2022-01-09,66.21
Ukraine,UKR,2022-01-10,66.43
Ukraine,UKR,2022-01-11,66.67
Ukraine,UKR,2022-01-12,66.91
Ukraine,UKR,2022-01-13,67.12
Ukraine,UKR,2022-01-14,67.33
Ukraine,UKR,2022-01-15,67.42
Ukraine,UKR,2022-01-16,67.47
Ukraine,UKR,2022-01-17,67.66
Ukraine,UKR,2022-01-18,67.86
Ukraine,UKR,2022-01-19,68.03
Ukraine,UKR,2022-01-20,68.23
Ukraine,UKR,2022-01-21,68.43
Ukraine,UKR,2022-01-22,68.52
Ukraine,UKR,2022-01-23,68.58
Ukraine,UKR,2022-01-24,68.74
Ukraine,UKR,2022-01-25,68.92
Ukraine,UKR,2022-01-26,69.11
Ukraine,UKR,2022-01-27,69.3
Ukraine,UKR,2022-01-28,69.48
Ukraine,UKR,2022-01-29,69.56
Ukraine,UKR,2022-01-30,69.61
Ukraine,UKR,2022-01-31,69.76
Ukraine,UKR,2022-02-01,69.93
Ukraine,UKR,2022-02-02,70.1
Ukraine,UKR,2022-02-03,70.27
Ukraine,UKR,2022-02-04,70.44
Ukraine,UKR,2022-02-05,70.52
Ukraine,UKR,2022-02-06,70.57
Ukraine,UKR,2022-02-07,70.71
Ukraine,UKR,2022-02-08,70.88
Ukraine,UKR,2022-02-09,71.04
Ukraine,UKR,2022-02-10,71.21
Ukraine,UKR,2022-02-11,71.38
Ukraine,UKR,2022-02-12,71.46
Ukraine,UKR,2022-02-13,71.5
Ukraine,UKR,2022-02-14,71.64
Ukraine,UKR,2022-02-15,71.79
Ukraine,UKR,2022-02-16,71.94
Ukraine,UKR,2022-02-17,72.09
Ukraine,UKR,2022-02-18,72.25
Ukraine,UKR,2022-02-19,72.32
Ukraine,UKR,2022-02-20,72.36
Ukraine,UKR,2022-02-21,72.49
Ukraine,UKR,2022-02-22,72.63
Ukraine,UKR,2022-02-27,72.75
United Arab Emirates,ARE,2021-01-05,8.82
United Arab Emirates,ARE,2021-01-07,9.48
United Arab Emirates,ARE,2021-01-08,10.05
United Arab Emirates,ARE,2021-01-09,10.9
United Arab Emirates,ARE,2021-01-10,11.6
United Arab Emirates,ARE,2021-01-11,12.46
United Arab Emirates,ARE,2021-01-12,13.62
United Arab Emirates,ARE,2021-01-13,14.89
United Arab Emirates,ARE,2021-01-14,16.31
United Arab Emirates,ARE,2021-01-15,17.79
United Arab Emirates,ARE,2021-01-16,19.2
United Arab Emirates,ARE,2021-01-17,20.1
United Arab Emirates,ARE,2021-01-18,21.05
United Arab Emirates,ARE,2021-01-19,22.05
United Arab Emirates,ARE,2021-01-20,23.08
United Arab Emirates,ARE,2021-01-21,23.98
United Arab Emirates,ARE,2021-01-22,24.98
United Arab Emirates,ARE,2021-01-23,25.91
United Arab Emirates,ARE,2021-01-24,26.56
United Arab Emirates,ARE,2021-01-25,27.45
United Arab Emirates,ARE,2021-01-26,28.59
United Arab Emirates,ARE,2021-01-27,29.52
United Arab Emirates,ARE,2021-01-28,30.63
United Arab Emirates,ARE,2021-01-29,32.1
United Arab Emirates,ARE,2021-01-30,33.25
United Arab Emirates,ARE,2021-01-31,35.6
United Arab Emirates,ARE,2021-02-01,36.74
United Arab Emirates,ARE,2021-02-02,38.06
United Arab Emirates,ARE,2021-02-03,39.42
United Arab Emirates,ARE,2021-02-04,41.1
United Arab Emirates,ARE,2021-02-05,42.8
United Arab Emirates,ARE,2021-02-06,44.86
United Arab Emirates,ARE,2021-02-07,46.06
United Arab Emirates,ARE,2021-02-08,47.13
United Arab Emirates,ARE,2021-02-09,48.34
United Arab Emirates,ARE,2021-02-10,50.02
United Arab Emirates,ARE,2021-02-11,51.17
United Arab Emirates,ARE,2021-02-12,52.34
United Arab Emirates,ARE,2021-02-13,53.45
United Arab Emirates,ARE,2021-02-14,53.98
United Arab Emirates,ARE,2021-02-15,54.32
United Arab Emirates,ARE,2021-02-16,55.51
United Arab Emirates,ARE,2021-02-17,56.43
United Arab Emirates,ARE,2021-02-18,57.38
United Arab Emirates,ARE,2021-02-19,58.37
United Arab Emirates,ARE,2021-02-20,59.3
United Arab Emirates,ARE,2021-02-21,59.31
United Arab Emirates,ARE,2021-02-22,59.35
United Arab Emirates,ARE,2021-02-23,60.53
United Arab Emirates,ARE,2021-02-24,61.52
United Arab Emirates,ARE,2021-02-25,62.42
United Arab Emirates,ARE,2021-02-26,63.36
United Arab Emirates,ARE,2021-02-27,64.23
United Arab Emirates,ARE,2021-02-28,64.29
United Arab Emirates,ARE,2021-03-01,64.37
United Arab Emirates,ARE,2021-03-02,65.08
United Arab Emirates,ARE,2021-03-03,65.86
United Arab Emirates,ARE,2021-03-04,66.25
United Arab Emirates,ARE,2021-03-05,66.58
United Arab Emirates,ARE,2021-03-06,66.91
United Arab Emirates,ARE,2021-03-07,66.98
United Arab Emirates,ARE,2021-03-08,67.14
United Arab Emirates,ARE,2021-03-09,67.54
United Arab Emirates,ARE,2021-03-10,68
United Arab Emirates,ARE,2021-03-11,68.42
United Arab Emirates,ARE,2021-03-12,69.01
United Arab Emirates,ARE,2021-03-13,69.58
United Arab Emirates,ARE,2021-03-14,69.84
United Arab Emirates,ARE,2021-03-15,70.25
United Arab Emirates,ARE,2021-03-16,71.21
United Arab Emirates,ARE,2021-03-17,72.93
United Arab Emirates,ARE,2021-03-18,74.54
United Arab Emirates,ARE,2021-03-19,76.07
United Arab Emirates,ARE,2021-03-20,76.68
United Arab Emirates,ARE,2021-03-21,77.94
United Arab Emirates,ARE,2021-03-22,78.75
United Arab Emirates,ARE,2021-03-23,79.85
United Arab Emirates,ARE,2021-03-24,81.19
United Arab Emirates,ARE,2021-03-25,82.54
United Arab Emirates,ARE,2021-03-26,83.28
United Arab Emirates,ARE,2021-03-27,84.99
United Arab Emirates,ARE,2021-03-28,86.3
United Arab Emirates,ARE,2021-03-29,86.85
United Arab Emirates,ARE,2021-03-30,87.78
United Arab Emirates,ARE,2021-03-31,88.72
United Arab Emirates,ARE,2021-04-01,89.6
United Arab Emirates,ARE,2021-04-02,90.67
United Arab Emirates,ARE,2021-04-03,91.4
United Arab Emirates,ARE,2021-04-04,91.61
United Arab Emirates,ARE,2021-04-05,91.79
United Arab Emirates,ARE,2021-04-06,92.47
United Arab Emirates,ARE,2021-04-07,92.97
United Arab Emirates,ARE,2021-04-08,94.92
United Arab Emirates,ARE,2021-04-09,95.28
United Arab Emirates,ARE,2021-04-10,95.83
United Arab Emirates,ARE,2021-04-11,96.16
United Arab Emirates,ARE,2021-04-12,96.51
United Arab Emirates,ARE,2021-04-13,97.77
United Arab Emirates,ARE,2021-04-14,99.26
United Arab Emirates,ARE,2021-04-15,100.24
United Arab Emirates,ARE,2021-04-16,101.33
United Arab Emirates,ARE,2021-04-17,102.52
United Arab Emirates,ARE,2021-04-18,102.83
United Arab Emirates,ARE,2021-04-19,103.31
United Arab Emirates,ARE,2021-04-21,105.71
United Arab Emirates,ARE,2021-04-22,106.79
United Arab Emirates,ARE,2021-04-23,108.85
United Arab Emirates,ARE,2021-04-25,109.08
United Arab Emirates,ARE,2021-04-26,109.49
United Arab Emirates,ARE,2021-04-27,110.37
United Arab Emirates,ARE,2021-04-28,111.76
United Arab Emirates,ARE,2021-04-29,112.63
United Arab Emirates,ARE,2021-05-01,113.29
United Arab Emirates,ARE,2021-05-02,113.56
United Arab Emirates,ARE,2021-05-03,113.9
United Arab Emirates,ARE,2021-05-04,115.1
United Arab Emirates,ARE,2021-05-05,115.69
United Arab Emirates,ARE,2021-05-06,116.47
United Arab Emirates,ARE,2021-05-07,117.98
United Arab Emirates,ARE,2021-05-08,118.81
United Arab Emirates,ARE,2021-05-09,119.02
United Arab Emirates,ARE,2021-05-10,119.45
United Arab Emirates,ARE,2021-05-11,120.38
United Arab Emirates,ARE,2021-05-12,121.38
United Arab Emirates,ARE,2021-05-13,121.97
United Arab Emirates,ARE,2021-05-14,122.22
United Arab Emirates,ARE,2021-05-15,122.24
United Arab Emirates,ARE,2021-05-16,122.27
United Arab Emirates,ARE,2021-05-17,122.68
United Arab Emirates,ARE,2021-05-18,123.8
United Arab Emirates,ARE,2021-05-19,124.98
United Arab Emirates,ARE,2021-05-20,126.23
United Arab Emirates,ARE,2021-05-21,128.5
United Arab Emirates,ARE,2021-05-23,129.91
United Arab Emirates,ARE,2021-05-25,132.57
United Arab Emirates,ARE,2021-05-26,133.82
United Arab Emirates,ARE,2021-05-28,135.03
United Arab Emirates,ARE,2021-05-29,136.21
United Arab Emirates,ARE,2021-05-30,136.8
United Arab Emirates,ARE,2021-05-31,137.43
United Arab Emirates,ARE,2021-06-01,138.47
United Arab Emirates,ARE,2021-06-02,139.52
United Arab Emirates,ARE,2021-06-03,141.24
United Arab Emirates,ARE,2021-06-05,141.95
United Arab Emirates,ARE,2021-06-06,142.18
United Arab Emirates,ARE,2021-06-07,142.52
United Arab Emirates,ARE,2021-06-09,144.24
United Arab Emirates,ARE,2021-06-10,145.11
United Arab Emirates,ARE,2021-06-11,146.12
United Arab Emirates,ARE,2021-06-12,147.2
United Arab Emirates,ARE,2021-06-13,147.44
United Arab Emirates,ARE,2021-06-14,147.87
United Arab Emirates,ARE,2021-06-15,149.11
United Arab Emirates,ARE,2021-06-16,150.22
United Arab Emirates,ARE,2021-06-17,151.43
United Arab Emirates,ARE,2021-06-18,152.68
United Arab Emirates,ARE,2021-06-19,154.07
United Arab Emirates,ARE,2021-06-20,154.96
United Arab Emirates,ARE,2021-06-21,156.23
United Arab Emirates,ARE,2021-06-23,157.35
United Arab Emirates,ARE,2021-06-24,158.4
United Arab Emirates,ARE,2021-06-25,159.53
United Arab Emirates,ARE,2021-06-26,160.63
United Arab Emirates,ARE,2021-06-27,160.96
United Arab Emirates,ARE,2021-06-28,161.36
United Arab Emirates,ARE,2021-06-29,162.29
United Arab Emirates,ARE,2021-06-30,164.04
United Arab Emirates,ARE,2021-07-02,164.74
United Arab Emirates,ARE,2021-07-03,165.55
United Arab Emirates,ARE,2021-07-04,165.87
United Arab Emirates,ARE,2021-07-05,166.3
United Arab Emirates,ARE,2021-07-06,167.12
United Arab Emirates,ARE,2021-07-07,167.95
United Arab Emirates,ARE,2021-07-08,168.67
United Arab Emirates,ARE,2021-07-09,169.41
United Arab Emirates,ARE,2021-07-10,169.95
United Arab Emirates,ARE,2021-07-11,170.14
United Arab Emirates,ARE,2021-07-12,170.51
United Arab Emirates,ARE,2021-07-13,171.3
United Arab Emirates,ARE,2021-07-14,172.13
United Arab Emirates,ARE,2021-07-15,172.92
United Arab Emirates,ARE,2021-07-16,173.66
United Arab Emirates,ARE,2021-07-18,174.67
United Arab Emirates,ARE,2021-07-19,174.85
United Arab Emirates,ARE,2021-07-20,175.6
United Arab Emirates,ARE,2021-07-25,176.14
United Arab Emirates,ARE,2021-07-26,176.44
United Arab Emirates,ARE,2021-07-27,177.12
United Arab Emirates,ARE,2021-07-28,177.74
United Arab Emirates,ARE,2021-07-29,178.07
United Arab Emirates,ARE,2021-07-31,179.34
United Arab Emirates,ARE,2021-08-01,179.51
United Arab Emirates,ARE,2021-08-02,179.73
United Arab Emirates,ARE,2021-08-03,180.29
United Arab Emirates,ARE,2021-08-04,180.84
United Arab Emirates,ARE,2021-08-05,181.4
United Arab Emirates,ARE,2021-08-06,181.93
United Arab Emirates,ARE,2021-08-07,182.56
United Arab Emirates,ARE,2021-08-08,182.73
United Arab Emirates,ARE,2021-08-09,183
United Arab Emirates,ARE,2021-08-10,183.63
United Arab Emirates,ARE,2021-08-11,184.15
United Arab Emirates,ARE,2021-08-12,184.6
United Arab Emirates,ARE,2021-08-13,184.87
United Arab Emirates,ARE,2021-08-15,185.54
United Arab Emirates,ARE,2021-08-16,185.78
United Arab Emirates,ARE,2021-08-17,186.37
United Arab Emirates,ARE,2021-08-18,186.93
United Arab Emirates,ARE,2021-08-19,187.57
United Arab Emirates,ARE,2021-08-20,188.17
United Arab Emirates,ARE,2021-08-21,188.82
United Arab Emirates,ARE,2021-08-24,189.82
United Arab Emirates,ARE,2021-08-25,190.53
United Arab Emirates,ARE,2021-08-26,191.23
United Arab Emirates,ARE,2021-08-28,191.93
United Arab Emirates,ARE,2021-08-29,192.85
United Arab Emirates,ARE,2021-08-30,193.22
United Arab Emirates,ARE,2021-08-31,193.9
United Arab Emirates,ARE,2021-09-01,195.29
United Arab Emirates,ARE,2021-09-03,195.82
United Arab Emirates,ARE,2021-09-04,196.36
United Arab Emirates,ARE,2021-09-06,196.89
United Arab Emirates,ARE,2021-09-07,197.99
United Arab Emirates,ARE,2021-09-09,199.79
United Arab Emirates,ARE,2021-09-10,200.76
United Arab Emirates,ARE,2021-09-11,201.4
United Arab Emirates,ARE,2021-09-12,202.27
United Arab Emirates,ARE,2021-09-13,202.86
United Arab Emirates,ARE,2021-09-14,203.67
United Arab Emirates,ARE,2021-09-15,204.63
United Arab Emirates,ARE,2021-09-16,205.52
United Arab Emirates,ARE,2021-09-17,206.4
United Arab Emirates,ARE,2021-09-18,207.29
United Arab Emirates,ARE,2021-09-19,207.64
United Arab Emirates,ARE,2021-09-20,208.08
United Arab Emirates,ARE,2021-09-21,208.74
United Arab Emirates,ARE,2021-09-22,209.86
United Arab Emirates,ARE,2021-09-23,210.5
United Arab Emirates,ARE,2021-09-24,211.16
United Arab Emirates,ARE,2021-09-25,211.93
United Arab Emirates,ARE,2021-09-27,212.2
United Arab Emirates,ARE,2021-09-28,213.17
United Arab Emirates,ARE,2021-09-29,213.75
United Arab Emirates,ARE,2021-09-30,214.12
United Arab Emirates,ARE,2021-10-01,214.86
United Arab Emirates,ARE,2021-10-03,215.66
United Arab Emirates,ARE,2021-10-04,216
United Arab Emirates,ARE,2021-10-05,216.48
United Arab Emirates,ARE,2021-10-06,216.98
United Arab Emirates,ARE,2021-10-07,217.45
United Arab Emirates,ARE,2021-10-08,217.93
United Arab Emirates,ARE,2021-10-09,218.4
United Arab Emirates,ARE,2021-10-10,218.67
United Arab Emirates,ARE,2021-10-13,219.46
United Arab Emirates,ARE,2021-10-14,219.84
United Arab Emirates,ARE,2021-10-15,220.18
United Arab Emirates,ARE,2021-10-16,220.62
United Arab Emirates,ARE,2021-10-17,220.78
United Arab Emirates,ARE,2021-10-18,221.03
United Arab Emirates,ARE,2021-10-19,221.47
United Arab Emirates,ARE,2021-10-20,221.85
United Arab Emirates,ARE,2021-10-21,222.09
United Arab Emirates,ARE,2021-10-23,222.76
United Arab Emirates,ARE,2021-10-24,222.9
United Arab Emirates,ARE,2021-10-25,223.12
United Arab Emirates,ARE,2021-10-26,223.6
United Arab Emirates,ARE,2021-10-27,223.96
United Arab Emirates,ARE,2021-10-28,224.39
United Arab Emirates,ARE,2021-10-29,224.78
United Arab Emirates,ARE,2021-10-30,225.04
United Arab Emirates,ARE,2021-10-31,225.57
United Arab Emirates,ARE,2021-11-01,225.81
United Arab Emirates,ARE,2021-11-02,226.09
United Arab Emirates,ARE,2021-11-03,226.57
United Arab Emirates,ARE,2021-11-04,226.89
United Arab Emirates,ARE,2021-11-05,227.17
United Arab Emirates,ARE,2021-11-06,227.42
United Arab Emirates,ARE,2021-11-07,227.72
United Arab Emirates,ARE,2021-11-08,227.95
United Arab Emirates,ARE,2021-11-09,228.26
United Arab Emirates,ARE,2021-11-10,228.55
United Arab Emirates,ARE,2021-11-11,228.88
United Arab Emirates,ARE,2021-11-12,229.33
United Arab Emirates,ARE,2021-11-15,230.09
United Arab Emirates,ARE,2021-11-16,230.39
United Arab Emirates,ARE,2021-11-17,230.59
United Arab Emirates,ARE,2021-11-18,230.87
United Arab Emirates,ARE,2021-11-19,231.07
United Arab Emirates,ARE,2021-11-20,231.35
United Arab Emirates,ARE,2021-11-21,231.5
United Arab Emirates,ARE,2021-11-22,231.67
United Arab Emirates,ARE,2021-11-23,232.06
United Arab Emirates,ARE,2021-11-24,232.17
United Arab Emirates,ARE,2021-11-25,232.32
United Arab Emirates,ARE,2021-11-26,232.53
United Arab Emirates,ARE,2021-11-27,232.7
United Arab Emirates,ARE,2021-11-28,232.88
United Arab Emirates,ARE,2021-11-29,232.98
United Arab Emirates,ARE,2021-11-30,233.27
United Arab Emirates,ARE,2021-12-01,233.53
United Arab Emirates,ARE,2021-12-06,234.35
United Arab Emirates,ARE,2021-12-07,234.78
United Arab Emirates,ARE,2021-12-08,235.15
United Arab Emirates,ARE,2021-12-09,235.5
United Arab Emirates,ARE,2021-12-10,235.85
United Arab Emirates,ARE,2021-12-11,236.25
United Arab Emirates,ARE,2021-12-12,236.48
United Arab Emirates,ARE,2021-12-13,236.69
United Arab Emirates,ARE,2021-12-14,236.85
United Arab Emirates,ARE,2021-12-23,238.94
United Arab Emirates,ARE,2021-12-24,239.26
United Arab Emirates,ARE,2022-01-03,242.14
United Arab Emirates,ARE,2022-01-04,242.34
United Arab Emirates,ARE,2022-01-05,242.66
United Arab Emirates,ARE,2022-01-06,243.06
United Arab Emirates,ARE,2022-01-07,243.42
United Arab Emirates,ARE,2022-01-08,243.81
United Arab Emirates,ARE,2022-01-10,244.28
United Arab Emirates,ARE,2022-01-11,244.48
United Arab Emirates,ARE,2022-01-12,244.84
United Arab Emirates,ARE,2022-01-13,245.3
United Arab Emirates,ARE,2022-01-14,245.44
United Arab Emirates,ARE,2022-01-17,246.48
United Arab Emirates,ARE,2022-01-18,246.67
United Arab Emirates,ARE,2022-01-19,246.84
United Arab Emirates,ARE,2022-01-20,247.48
United Arab Emirates,ARE,2022-01-22,248.32
United Arab Emirates,ARE,2022-01-23,248.67
United Arab Emirates,ARE,2022-01-24,248.95
United Arab Emirates,ARE,2022-01-25,249.24
United Arab Emirates,ARE,2022-01-26,249.66
United Arab Emirates,ARE,2022-01-27,250.08
United Arab Emirates,ARE,2022-01-28,250.42
United Arab Emirates,ARE,2022-01-29,250.81
United Arab Emirates,ARE,2022-01-30,250.96
United Arab Emirates,ARE,2022-02-02,251.83
United Arab Emirates,ARE,2022-02-03,252.13
United Arab Emirates,ARE,2022-02-04,252.48
United Arab Emirates,ARE,2022-02-05,252.78
United Arab Emirates,ARE,2022-02-06,253.02
United Arab Emirates,ARE,2022-02-07,253.18
United Arab Emirates,ARE,2022-02-08,253.39
United Arab Emirates,ARE,2022-02-09,253.66
United Arab Emirates,ARE,2022-02-10,253.93
United Arab Emirates,ARE,2022-02-11,254.21
United Arab Emirates,ARE,2022-02-12,254.3
United Arab Emirates,ARE,2022-02-13,254.67
United Arab Emirates,ARE,2022-02-14,254.73
United Arab Emirates,ARE,2022-02-15,255.01
United Arab Emirates,ARE,2022-02-16,255.33
United Arab Emirates,ARE,2022-02-17,255.53
United Arab Emirates,ARE,2022-02-19,255.99
United Arab Emirates,ARE,2022-02-20,256.19
United Arab Emirates,ARE,2022-02-21,256.31
United Arab Emirates,ARE,2022-02-22,256.5
United Arab Emirates,ARE,2022-02-23,256.7
United Arab Emirates,ARE,2022-02-24,256.93
United Arab Emirates,ARE,2022-02-25,257.12
United Arab Emirates,ARE,2022-02-26,257.24
United Arab Emirates,ARE,2022-02-27,257.39
United Arab Emirates,ARE,2022-02-28,257.54
United Arab Emirates,ARE,2022-03-01,257.82
United Arab Emirates,ARE,2022-03-02,258.02
United Arab Emirates,ARE,2022-03-04,258.19
United Arab Emirates,ARE,2022-03-31,261.45
United Arab Emirates,ARE,2022-04-04,261.86
United Arab Emirates,ARE,2022-05-20,264.78
United Arab Emirates,ARE,2022-05-22,264.95
United Arab Emirates,ARE,2022-05-25,265.15
United Arab Emirates,ARE,2022-05-26,265.24
United Arab Emirates,ARE,2022-05-29,265.46
United Arab Emirates,ARE,2022-05-31,265.61
United Arab Emirates,ARE,2022-06-01,265.67
United Arab Emirates,ARE,2022-06-05,265.98
United Arab Emirates,ARE,2022-06-20,266.12
United Kingdom,GBR,2021-01-10,3.98
United Kingdom,GBR,2021-01-11,4.23
United Kingdom,GBR,2021-01-12,4.56
United Kingdom,GBR,2021-01-13,4.99
United Kingdom,GBR,2021-01-14,5.47
United Kingdom,GBR,2021-01-15,5.98
United Kingdom,GBR,2021-01-16,6.42
United Kingdom,GBR,2021-01-17,6.71
United Kingdom,GBR,2021-01-18,7.02
United Kingdom,GBR,2021-01-19,7.54
United Kingdom,GBR,2021-01-20,8.08
United Kingdom,GBR,2021-01-21,8.69
United Kingdom,GBR,2021-01-22,9.41
United Kingdom,GBR,2021-01-23,10.14
United Kingdom,GBR,2021-01-24,10.47
United Kingdom,GBR,2021-01-25,10.89
United Kingdom,GBR,2021-01-26,11.35
United Kingdom,GBR,2021-01-27,11.82
United Kingdom,GBR,2021-01-28,12.44
United Kingdom,GBR,2021-01-29,13.17
United Kingdom,GBR,2021-01-30,14.07
United Kingdom,GBR,2021-01-31,14.55
United Kingdom,GBR,2021-02-01,15.08
United Kingdom,GBR,2021-02-02,15.64
United Kingdom,GBR,2021-02-03,16.34
United Kingdom,GBR,2021-02-04,17.06
United Kingdom,GBR,2021-02-05,17.8
United Kingdom,GBR,2021-02-06,18.62
United Kingdom,GBR,2021-02-07,19.03
United Kingdom,GBR,2021-02-08,19.56
United Kingdom,GBR,2021-02-09,20.18
United Kingdom,GBR,2021-02-10,20.86
United Kingdom,GBR,2021-02-11,21.61
United Kingdom,GBR,2021-02-12,22.43
United Kingdom,GBR,2021-02-13,23.19
United Kingdom,GBR,2021-02-14,23.54
United Kingdom,GBR,2021-02-15,23.96
United Kingdom,GBR,2021-02-16,24.52
United Kingdom,GBR,2021-02-17,25.26
United Kingdom,GBR,2021-02-18,25.96
United Kingdom,GBR,2021-02-19,26.53
United Kingdom,GBR,2021-02-20,27.05
United Kingdom,GBR,2021-02-21,27.27
United Kingdom,GBR,2021-02-22,27.58
United Kingdom,GBR,2021-02-23,28.11
United Kingdom,GBR,2021-02-24,28.82
United Kingdom,GBR,2021-02-25,29.6
United Kingdom,GBR,2021-02-26,30.4
United Kingdom,GBR,2021-02-27,31.04
United Kingdom,GBR,2021-02-28,31.35
United Kingdom,GBR,2021-03-01,31.69
United Kingdom,GBR,2021-03-02,32.1
United Kingdom,GBR,2021-03-03,32.62
United Kingdom,GBR,2021-03-04,33.28
United Kingdom,GBR,2021-03-05,34.02
United Kingdom,GBR,2021-03-06,34.68
United Kingdom,GBR,2021-03-07,34.96
United Kingdom,GBR,2021-03-08,35.34
United Kingdom,GBR,2021-03-09,35.77
United Kingdom,GBR,2021-03-10,36.27
United Kingdom,GBR,2021-03-11,36.8
United Kingdom,GBR,2021-03-12,37.48
United Kingdom,GBR,2021-03-13,38.32
United Kingdom,GBR,2021-03-14,38.74
United Kingdom,GBR,2021-03-15,39.39
United Kingdom,GBR,2021-03-16,40.18
United Kingdom,GBR,2021-03-17,41.04
United Kingdom,GBR,2021-03-18,42.02
United Kingdom,GBR,2021-03-19,43.13
United Kingdom,GBR,2021-03-20,44.38
United Kingdom,GBR,2021-03-21,45
United Kingdom,GBR,2021-03-22,45.62
United Kingdom,GBR,2021-03-23,46.35
United Kingdom,GBR,2021-03-24,47.21
United Kingdom,GBR,2021-03-25,48.05
United Kingdom,GBR,2021-03-26,49.08
United Kingdom,GBR,2021-03-27,50.06
United Kingdom,GBR,2021-03-28,50.72
United Kingdom,GBR,2021-03-29,51.32
United Kingdom,GBR,2021-03-30,52.07
United Kingdom,GBR,2021-03-31,53
United Kingdom,GBR,2021-04-01,53.92
United Kingdom,GBR,2021-04-02,54.45
United Kingdom,GBR,2021-04-03,54.87
United Kingdom,GBR,2021-04-04,55.01
United Kingdom,GBR,2021-04-05,55.17
United Kingdom,GBR,2021-04-06,55.57
United Kingdom,GBR,2021-04-07,56.33
United Kingdom,GBR,2021-04-08,57.14
United Kingdom,GBR,2021-04-09,57.97
United Kingdom,GBR,2021-04-10,58.84
United Kingdom,GBR,2021-04-11,59.22
United Kingdom,GBR,2021-04-12,59.61
United Kingdom,GBR,2021-04-13,60.19
United Kingdom,GBR,2021-04-14,60.88
United Kingdom,GBR,2021-04-15,61.69
United Kingdom,GBR,2021-04-16,62.63
United Kingdom,GBR,2021-04-17,63.58
United Kingdom,GBR,2021-04-18,64.04
United Kingdom,GBR,2021-04-19,64.59
United Kingdom,GBR,2021-04-20,65.27
United Kingdom,GBR,2021-04-21,66.07
United Kingdom,GBR,2021-04-22,66.9
United Kingdom,GBR,2021-04-23,67.79
United Kingdom,GBR,2021-04-24,68.83
United Kingdom,GBR,2021-04-25,69.34
United Kingdom,GBR,2021-04-26,69.92
United Kingdom,GBR,2021-04-27,70.66
United Kingdom,GBR,2021-04-28,71.55
United Kingdom,GBR,2021-04-29,72.46
United Kingdom,GBR,2021-04-30,73.3
United Kingdom,GBR,2021-05-01,74.07
United Kingdom,GBR,2021-05-02,74.46
United Kingdom,GBR,2021-05-03,74.76
United Kingdom,GBR,2021-05-04,75.33
United Kingdom,GBR,2021-05-05,76.14
United Kingdom,GBR,2021-05-06,77.04
United Kingdom,GBR,2021-05-07,77.93
United Kingdom,GBR,2021-05-08,78.84
United Kingdom,GBR,2021-05-09,79.26
United Kingdom,GBR,2021-05-10,79.78
United Kingdom,GBR,2021-05-11,80.5
United Kingdom,GBR,2021-05-12,81.45
United Kingdom,GBR,2021-05-13,82.39
United Kingdom,GBR,2021-05-14,83.3
United Kingdom,GBR,2021-05-15,84.24
United Kingdom,GBR,2021-05-16,84.71
United Kingdom,GBR,2021-05-17,85.25
United Kingdom,GBR,2021-05-18,85.99
United Kingdom,GBR,2021-05-19,86.93
United Kingdom,GBR,2021-05-20,87.96
United Kingdom,GBR,2021-05-21,88.92
United Kingdom,GBR,2021-05-22,90.05
United Kingdom,GBR,2021-05-23,90.61
United Kingdom,GBR,2021-05-24,91.29
United Kingdom,GBR,2021-05-25,92.14
United Kingdom,GBR,2021-05-26,93.13
United Kingdom,GBR,2021-05-27,94.16
United Kingdom,GBR,2021-05-28,95.11
United Kingdom,GBR,2021-05-29,96
United Kingdom,GBR,2021-05-30,96.5
United Kingdom,GBR,2021-05-31,96.92
United Kingdom,GBR,2021-06-01,97.59
United Kingdom,GBR,2021-06-02,98.36
United Kingdom,GBR,2021-06-03,99.21
United Kingdom,GBR,2021-06-04,100.05
United Kingdom,GBR,2021-06-05,101.06
United Kingdom,GBR,2021-06-06,101.64
United Kingdom,GBR,2021-06-07,102.26
United Kingdom,GBR,2021-06-08,102.93
United Kingdom,GBR,2021-06-09,103.66
United Kingdom,GBR,2021-06-10,104.42
United Kingdom,GBR,2021-06-11,105.18
United Kingdom,GBR,2021-06-12,106.04
United Kingdom,GBR,2021-06-13,106.53
United Kingdom,GBR,2021-06-14,107.07
United Kingdom,GBR,2021-06-15,107.7
United Kingdom,GBR,2021-06-16,108.34
United Kingdom,GBR,2021-06-17,109.03
United Kingdom,GBR,2021-06-18,109.67
United Kingdom,GBR,2021-06-19,110.44
United Kingdom,GBR,2021-06-20,110.85
United Kingdom,GBR,2021-06-21,110.93
United Kingdom,GBR,2021-06-22,111.75
United Kingdom,GBR,2021-06-23,112.31
United Kingdom,GBR,2021-06-24,112.91
United Kingdom,GBR,2021-06-25,113.47
United Kingdom,GBR,2021-06-26,114.11
United Kingdom,GBR,2021-06-27,114.5
United Kingdom,GBR,2021-06-28,114.9
United Kingdom,GBR,2021-06-29,115.33
United Kingdom,GBR,2021-06-30,115.8
United Kingdom,GBR,2021-07-01,116.31
United Kingdom,GBR,2021-07-02,116.76
United Kingdom,GBR,2021-07-03,117.25
United Kingdom,GBR,2021-07-04,117.53
United Kingdom,GBR,2021-07-05,117.87
United Kingdom,GBR,2021-07-06,118.22
United Kingdom,GBR,2021-07-07,118.61
United Kingdom,GBR,2021-07-08,119.01
United Kingdom,GBR,2021-07-09,119.41
United Kingdom,GBR,2021-07-10,119.86
United Kingdom,GBR,2021-07-11,120.09
United Kingdom,GBR,2021-07-12,120.35
United Kingdom,GBR,2021-07-13,120.68
United Kingdom,GBR,2021-07-14,121.04
United Kingdom,GBR,2021-07-15,121.43
United Kingdom,GBR,2021-07-16,121.84
United Kingdom,GBR,2021-07-17,122.27
United Kingdom,GBR,2021-07-18,122.49
United Kingdom,GBR,2021-07-19,122.76
United Kingdom,GBR,2021-07-20,123.06
United Kingdom,GBR,2021-07-21,123.4
United Kingdom,GBR,2021-07-22,123.74
United Kingdom,GBR,2021-07-23,124.09
United Kingdom,GBR,2021-07-24,124.45
United Kingdom,GBR,2021-07-25,124.67
United Kingdom,GBR,2021-07-26,124.93
United Kingdom,GBR,2021-07-27,125.21
United Kingdom,GBR,2021-07-28,125.53
United Kingdom,GBR,2021-07-29,125.86
United Kingdom,GBR,2021-07-30,126.17
United Kingdom,GBR,2021-07-31,126.54
United Kingdom,GBR,2021-08-01,126.75
United Kingdom,GBR,2021-08-02,126.98
United Kingdom,GBR,2021-08-03,127.23
United Kingdom,GBR,2021-08-04,127.53
United Kingdom,GBR,2021-08-05,127.84
United Kingdom,GBR,2021-08-06,128.14
United Kingdom,GBR,2021-08-07,128.52
United Kingdom,GBR,2021-08-08,128.73
United Kingdom,GBR,2021-08-09,128.98
United Kingdom,GBR,2021-08-10,129.26
United Kingdom,GBR,2021-08-11,129.58
United Kingdom,GBR,2021-08-12,129.93
United Kingdom,GBR,2021-08-13,130.25
United Kingdom,GBR,2021-08-14,130.62
United Kingdom,GBR,2021-08-15,130.85
United Kingdom,GBR,2021-08-16,131.11
United Kingdom,GBR,2021-08-17,131.39
United Kingdom,GBR,2021-08-18,131.71
United Kingdom,GBR,2021-08-19,132.06
United Kingdom,GBR,2021-08-20,132.4
United Kingdom,GBR,2021-08-21,132.79
United Kingdom,GBR,2021-08-22,133.03
United Kingdom,GBR,2021-08-23,133.29
United Kingdom,GBR,2021-08-24,133.57
United Kingdom,GBR,2021-08-25,133.91
United Kingdom,GBR,2021-08-26,134.21
United Kingdom,GBR,2021-08-27,134.47
United Kingdom,GBR,2021-08-28,134.73
United Kingdom,GBR,2021-08-29,134.89
United Kingdom,GBR,2021-08-30,135.01
United Kingdom,GBR,2021-08-31,135.25
United Kingdom,GBR,2021-09-01,135.48
United Kingdom,GBR,2021-09-02,135.72
United Kingdom,GBR,2021-09-03,135.94
United Kingdom,GBR,2021-09-04,136.19
United Kingdom,GBR,2021-09-05,136.33
United Kingdom,GBR,2021-09-06,136.48
United Kingdom,GBR,2021-09-07,136.65
United Kingdom,GBR,2021-09-08,136.82
United Kingdom,GBR,2021-09-09,137
United Kingdom,GBR,2021-09-10,137.18
United Kingdom,GBR,2021-09-11,137.36
United Kingdom,GBR,2021-09-12,137.46
United Kingdom,GBR,2021-09-13,137.58
United Kingdom,GBR,2021-09-14,137.71
United Kingdom,GBR,2021-09-15,137.84
United Kingdom,GBR,2021-09-16,137.97
United Kingdom,GBR,2021-09-17,138.09
United Kingdom,GBR,2021-09-18,138.24
United Kingdom,GBR,2021-09-19,138.31
United Kingdom,GBR,2021-09-20,138.41
United Kingdom,GBR,2021-09-21,138.5
United Kingdom,GBR,2021-09-22,138.6
United Kingdom,GBR,2021-09-23,138.7
United Kingdom,GBR,2021-09-24,138.81
United Kingdom,GBR,2021-09-25,138.92
United Kingdom,GBR,2021-09-26,138.98
United Kingdom,GBR,2021-09-27,139.07
United Kingdom,GBR,2021-09-28,139.16
United Kingdom,GBR,2021-09-29,139.26
United Kingdom,GBR,2021-09-30,140.65
United Kingdom,GBR,2021-10-01,140.99
United Kingdom,GBR,2021-10-02,141.38
United Kingdom,GBR,2021-10-03,141.58
United Kingdom,GBR,2021-10-04,141.86
United Kingdom,GBR,2021-10-05,142.2
United Kingdom,GBR,2021-10-06,142.53
United Kingdom,GBR,2021-10-07,142.89
United Kingdom,GBR,2021-10-08,143.23
United Kingdom,GBR,2021-10-09,143.7
United Kingdom,GBR,2021-10-10,143.9
United Kingdom,GBR,2021-10-11,144.17
United Kingdom,GBR,2021-10-12,144.51
United Kingdom,GBR,2021-10-13,145.29
United Kingdom,GBR,2021-10-14,145.75
United Kingdom,GBR,2021-10-15,146.19
United Kingdom,GBR,2021-10-16,146.74
United Kingdom,GBR,2021-10-17,146.96
United Kingdom,GBR,2021-10-18,147.32
United Kingdom,GBR,2021-10-19,147.78
United Kingdom,GBR,2021-10-20,148.27
United Kingdom,GBR,2021-10-21,149.3
United Kingdom,GBR,2021-10-22,149.85
United Kingdom,GBR,2021-10-23,150.5
United Kingdom,GBR,2021-10-24,150.82
United Kingdom,GBR,2021-10-25,151.27
United Kingdom,GBR,2021-10-26,151.76
United Kingdom,GBR,2021-10-27,152.29
United Kingdom,GBR,2021-10-28,152.83
United Kingdom,GBR,2021-10-29,153.35
United Kingdom,GBR,2021-10-30,154
United Kingdom,GBR,2021-10-31,154.3
United Kingdom,GBR,2021-11-01,154.74
United Kingdom,GBR,2021-11-02,155.28
United Kingdom,GBR,2021-11-03,155.91
United Kingdom,GBR,2021-11-04,156.5
United Kingdom,GBR,2021-11-05,157.08
United Kingdom,GBR,2021-11-06,157.8
United Kingdom,GBR,2021-11-07,158.17
United Kingdom,GBR,2021-11-08,158.66
United Kingdom,GBR,2021-11-09,159.26
United Kingdom,GBR,2021-11-10,160.3
United Kingdom,GBR,2021-11-11,160.94
United Kingdom,GBR,2021-11-12,161.55
United Kingdom,GBR,2021-11-13,162.32
United Kingdom,GBR,2021-11-14,162.71
United Kingdom,GBR,2021-11-15,163.21
United Kingdom,GBR,2021-11-16,163.8
United Kingdom,GBR,2021-11-17,164.45
United Kingdom,GBR,2021-11-18,165.1
United Kingdom,GBR,2021-11-19,165.72
United Kingdom,GBR,2021-11-20,166.48
United Kingdom,GBR,2021-11-21,166.88
United Kingdom,GBR,2021-11-22,167.4
United Kingdom,GBR,2021-11-23,168.01
United Kingdom,GBR,2021-11-24,168.65
United Kingdom,GBR,2021-11-25,169.31
United Kingdom,GBR,2021-11-26,169.92
United Kingdom,GBR,2021-11-27,170.69
United Kingdom,GBR,2021-11-28,171.19
United Kingdom,GBR,2021-11-29,171.74
United Kingdom,GBR,2021-11-30,172.41
United Kingdom,GBR,2021-12-01,173.11
United Kingdom,GBR,2021-12-02,173.82
United Kingdom,GBR,2021-12-03,174.47
United Kingdom,GBR,2021-12-04,175.26
United Kingdom,GBR,2021-12-05,175.76
United Kingdom,GBR,2021-12-06,176.32
United Kingdom,GBR,2021-12-07,176.98
United Kingdom,GBR,2021-12-08,177.67
United Kingdom,GBR,2021-12-09,178.46
United Kingdom,GBR,2021-12-10,179.17
United Kingdom,GBR,2021-12-11,180.09
United Kingdom,GBR,2021-12-12,180.76
United Kingdom,GBR,2021-12-13,181.59
United Kingdom,GBR,2021-12-14,182.68
United Kingdom,GBR,2021-12-15,183.88
United Kingdom,GBR,2021-12-16,185.28
United Kingdom,GBR,2021-12-17,186.66
United Kingdom,GBR,2021-12-18,188.18
United Kingdom,GBR,2021-12-19,189.55
United Kingdom,GBR,2021-12-20,191.01
United Kingdom,GBR,2021-12-21,192.59
United Kingdom,GBR,2021-12-22,193.98
United Kingdom,GBR,2021-12-23,194.99
United Kingdom,GBR,2021-12-24,195.28
United Kingdom,GBR,2021-12-25,195.3
United Kingdom,GBR,2021-12-26,195.34
United Kingdom,GBR,2021-12-27,195.81
United Kingdom,GBR,2021-12-28,196.37
United Kingdom,GBR,2021-12-29,197.13
United Kingdom,GBR,2021-12-30,197.84
United Kingdom,GBR,2021-12-31,198.14
United Kingdom,GBR,2022-01-01,198.18
United Kingdom,GBR,2022-01-02,198.39
United Kingdom,GBR,2022-01-03,198.67
United Kingdom,GBR,2022-01-04,199.1
United Kingdom,GBR,2022-01-05,199.57
United Kingdom,GBR,2022-01-06,200
United Kingdom,GBR,2022-01-07,200.42
United Kingdom,GBR,2022-01-08,200.89
United Kingdom,GBR,2022-01-09,201.18
United Kingdom,GBR,2022-01-10,201.47
United Kingdom,GBR,2022-01-11,201.75
United Kingdom,GBR,2022-01-12,202.01
United Kingdom,GBR,2022-01-13,202.26
United Kingdom,GBR,2022-01-14,202.5
United Kingdom,GBR,2022-01-15,202.79
United Kingdom,GBR,2022-01-16,202.96
United Kingdom,GBR,2022-01-17,203.13
United Kingdom,GBR,2022-01-18,203.31
United Kingdom,GBR,2022-01-19,203.48
United Kingdom,GBR,2022-01-20,203.66
United Kingdom,GBR,2022-01-21,203.84
United Kingdom,GBR,2022-01-22,204.05
United Kingdom,GBR,2022-01-23,204.18
United Kingdom,GBR,2022-01-24,204.33
United Kingdom,GBR,2022-01-25,204.47
United Kingdom,GBR,2022-01-26,204.62
United Kingdom,GBR,2022-01-27,204.77
United Kingdom,GBR,2022-01-28,204.93
United Kingdom,GBR,2022-01-29,205.1
United Kingdom,GBR,2022-01-30,205.21
United Kingdom,GBR,2022-01-31,205.32
United Kingdom,GBR,2022-02-01,205.44
United Kingdom,GBR,2022-02-02,205.55
United Kingdom,GBR,2022-02-03,205.67
United Kingdom,GBR,2022-02-04,205.79
United Kingdom,GBR,2022-02-05,205.91
United Kingdom,GBR,2022-02-06,205.98
United Kingdom,GBR,2022-02-07,206.08
United Kingdom,GBR,2022-02-08,206.18
United Kingdom,GBR,2022-02-09,206.28
United Kingdom,GBR,2022-02-10,206.38
United Kingdom,GBR,2022-02-11,206.5
United Kingdom,GBR,2022-02-12,206.62
United Kingdom,GBR,2022-02-13,206.68
United Kingdom,GBR,2022-02-14,206.77
United Kingdom,GBR,2022-02-15,206.9
United Kingdom,GBR,2022-02-16,207
United Kingdom,GBR,2022-02-17,207.1
United Kingdom,GBR,2022-02-18,207.17
United Kingdom,GBR,2022-02-19,207.26
United Kingdom,GBR,2022-02-20,207.31
United Kingdom,GBR,2022-02-21,207.39
United Kingdom,GBR,2022-02-22,207.48
United Kingdom,GBR,2022-02-23,207.56
United Kingdom,GBR,2022-02-24,207.63
United Kingdom,GBR,2022-02-25,207.71
United Kingdom,GBR,2022-02-26,207.8
United Kingdom,GBR,2022-02-27,207.85
United Kingdom,GBR,2022-02-28,207.91
United Kingdom,GBR,2022-03-01,207.98
United Kingdom,GBR,2022-03-02,208.04
United Kingdom,GBR,2022-03-03,208.12
United Kingdom,GBR,2022-03-04,208.2
United Kingdom,GBR,2022-03-05,208.27
United Kingdom,GBR,2022-03-06,208.32
United Kingdom,GBR,2022-03-07,208.37
United Kingdom,GBR,2022-03-08,208.43
United Kingdom,GBR,2022-03-09,208.83
United Kingdom,GBR,2022-03-10,208.9
United Kingdom,GBR,2022-03-11,208.96
United Kingdom,GBR,2022-03-12,209.04
United Kingdom,GBR,2022-03-13,209.08
United Kingdom,GBR,2022-03-14,209.15
United Kingdom,GBR,2022-03-15,209.21
United Kingdom,GBR,2022-03-16,209.27
United Kingdom,GBR,2022-03-17,209.33
United Kingdom,GBR,2022-03-18,209.39
United Kingdom,GBR,2022-03-19,209.46
United Kingdom,GBR,2022-03-20,209.5
United Kingdom,GBR,2022-03-21,209.86
United Kingdom,GBR,2022-03-22,209.97
United Kingdom,GBR,2022-03-23,210.16
United Kingdom,GBR,2022-03-24,210.31
United Kingdom,GBR,2022-03-25,210.46
United Kingdom,GBR,2022-03-26,210.63
United Kingdom,GBR,2022-03-27,210.7
United Kingdom,GBR,2022-03-28,210.85
United Kingdom,GBR,2022-03-29,211.02
United Kingdom,GBR,2022-03-30,211.2
United Kingdom,GBR,2022-03-31,211.39
United Kingdom,GBR,2022-04-01,211.58
United Kingdom,GBR,2022-04-02,211.8
United Kingdom,GBR,2022-04-03,211.9
United Kingdom,GBR,2022-04-04,212.07
United Kingdom,GBR,2022-04-05,212.25
United Kingdom,GBR,2022-04-06,212.48
United Kingdom,GBR,2022-04-07,212.69
United Kingdom,GBR,2022-04-08,212.91
United Kingdom,GBR,2022-04-09,213.2
United Kingdom,GBR,2022-04-10,213.33
United Kingdom,GBR,2022-04-11,213.53
United Kingdom,GBR,2022-04-12,213.76
United Kingdom,GBR,2022-04-13,214
United Kingdom,GBR,2022-04-14,214.24
United Kingdom,GBR,2022-04-15,214.32
United Kingdom,GBR,2022-04-16,214.46
United Kingdom,GBR,2022-04-17,214.5
United Kingdom,GBR,2022-04-18,214.55
United Kingdom,GBR,2022-04-19,214.73
United Kingdom,GBR,2022-04-20,214.95
United Kingdom,GBR,2022-04-21,215.35
United Kingdom,GBR,2022-04-22,215.57
United Kingdom,GBR,2022-04-23,215.9
United Kingdom,GBR,2022-04-24,216.03
United Kingdom,GBR,2022-04-25,216.2
United Kingdom,GBR,2022-04-26,216.41
United Kingdom,GBR,2022-04-27,216.63
United Kingdom,GBR,2022-04-28,216.84
United Kingdom,GBR,2022-04-29,217.04
United Kingdom,GBR,2022-04-30,217.26
United Kingdom,GBR,2022-05-01,217.34
United Kingdom,GBR,2022-05-02,217.38
United Kingdom,GBR,2022-05-03,217.52
United Kingdom,GBR,2022-05-04,217.7
United Kingdom,GBR,2022-05-05,217.87
United Kingdom,GBR,2022-05-06,218.03
United Kingdom,GBR,2022-05-07,218.24
United Kingdom,GBR,2022-05-08,218.31
United Kingdom,GBR,2022-05-09,218.44
United Kingdom,GBR,2022-05-10,218.6
United Kingdom,GBR,2022-05-11,218.75
United Kingdom,GBR,2022-05-12,218.9
United Kingdom,GBR,2022-05-13,219.03
United Kingdom,GBR,2022-05-14,219.18
United Kingdom,GBR,2022-05-15,219.24
United Kingdom,GBR,2022-05-16,219.34
United Kingdom,GBR,2022-05-17,219.46
United Kingdom,GBR,2022-05-18,219.58
United Kingdom,GBR,2022-05-19,219.7
United Kingdom,GBR,2022-05-20,219.81
United Kingdom,GBR,2022-05-21,219.95
United Kingdom,GBR,2022-05-22,219.99
United Kingdom,GBR,2022-05-23,220.08
United Kingdom,GBR,2022-05-24,220.18
United Kingdom,GBR,2022-05-25,220.26
United Kingdom,GBR,2022-05-26,220.39
United Kingdom,GBR,2022-05-27,220.48
United Kingdom,GBR,2022-05-28,220.58
United Kingdom,GBR,2022-05-29,220.62
United Kingdom,GBR,2022-05-30,220.7
United Kingdom,GBR,2022-05-31,220.79
United Kingdom,GBR,2022-06-01,220.87
United Kingdom,GBR,2022-06-02,220.89
United Kingdom,GBR,2022-06-03,220.9
United Kingdom,GBR,2022-06-04,220.94
United Kingdom,GBR,2022-06-05,220.99
United Kingdom,GBR,2022-06-06,221.05
United Kingdom,GBR,2022-06-07,221.11
United Kingdom,GBR,2022-06-08,221.18
United Kingdom,GBR,2022-06-09,221.25
United Kingdom,GBR,2022-06-10,221.31
United Kingdom,GBR,2022-06-11,221.39
United Kingdom,GBR,2022-06-12,221.43
United Kingdom,GBR,2022-06-13,221.48
United Kingdom,GBR,2022-06-14,221.52
United Kingdom,GBR,2022-06-15,221.58
United Kingdom,GBR,2022-06-16,221.64
United Kingdom,GBR,2022-06-17,221.69
United Kingdom,GBR,2022-06-18,221.76
United Kingdom,GBR,2022-06-19,221.79
United Kingdom,GBR,2022-06-20,221.94
United Kingdom,GBR,2022-06-21,221.99
United Kingdom,GBR,2022-06-22,222.05
United Kingdom,GBR,2022-06-23,222.1
United Kingdom,GBR,2022-06-24,222.16
United Kingdom,GBR,2022-06-25,222.24
United Kingdom,GBR,2022-06-26,222.28
United Kingdom,GBR,2022-06-27,222.33
United Kingdom,GBR,2022-06-28,222.39
United Kingdom,GBR,2022-06-29,222.45
United Kingdom,GBR,2022-06-30,222.59
United Kingdom,GBR,2022-07-01,222.64
United Kingdom,GBR,2022-07-02,222.71
United Kingdom,GBR,2022-07-03,222.75
United Kingdom,GBR,2022-07-04,222.8
United Kingdom,GBR,2022-07-05,222.85
United Kingdom,GBR,2022-07-06,222.9
United Kingdom,GBR,2022-07-07,222.95
United Kingdom,GBR,2022-07-08,223
United Kingdom,GBR,2022-07-09,223.08
United Kingdom,GBR,2022-07-10,223.11
United Kingdom,GBR,2022-07-11,223.15
United Kingdom,GBR,2022-07-12,223.19
United Kingdom,GBR,2022-07-13,223.24
United Kingdom,GBR,2022-07-14,223.28
United Kingdom,GBR,2022-07-15,223.33
United Kingdom,GBR,2022-07-16,223.4
United Kingdom,GBR,2022-07-17,223.43
United Kingdom,GBR,2022-07-18,223.46
United Kingdom,GBR,2022-07-19,223.49
United Kingdom,GBR,2022-07-20,223.53
United Kingdom,GBR,2022-07-21,223.57
United Kingdom,GBR,2022-07-22,223.61
United Kingdom,GBR,2022-07-23,223.68
United Kingdom,GBR,2022-07-24,223.7
United Kingdom,GBR,2022-07-25,223.75
United Kingdom,GBR,2022-07-26,223.78
United Kingdom,GBR,2022-07-27,223.82
United States,USA,2020-12-13,0.01
United States,USA,2020-12-14,0.01
United States,USA,2020-12-15,0.03
United States,USA,2020-12-16,0.07
United States,USA,2020-12-17,0.16
United States,USA,2020-12-18,0.28
United States,USA,2020-12-19,0.34
United States,USA,2020-12-20,0.37
United States,USA,2020-12-21,0.49
United States,USA,2020-12-22,0.62
United States,USA,2020-12-23,0.8
United States,USA,2020-12-24,0.86
United States,USA,2020-12-25,0.86
United States,USA,2020-12-26,0.9
United States,USA,2020-12-27,0.93
United States,USA,2020-12-28,1.11
United States,USA,2020-12-29,1.33
United States,USA,2020-12-30,1.58
United States,USA,2020-12-31,1.71
United States,USA,2021-01-01,1.75
United States,USA,2021-01-02,1.83
United States,USA,2021-01-03,1.87
United States,USA,2021-01-04,2.07
United States,USA,2021-01-05,2.32
United States,USA,2021-01-06,2.63
United States,USA,2021-01-07,2.98
United States,USA,2021-01-08,3.36
United States,USA,2021-01-09,3.51
United States,USA,2021-01-10,3.59
United States,USA,2021-01-11,3.91
United States,USA,2021-01-12,4.29
United States,USA,2021-01-13,4.69
United States,USA,2021-01-14,5.09
United States,USA,2021-01-15,5.47
United States,USA,2021-01-16,5.67
United States,USA,2021-01-17,5.76
United States,USA,2021-01-18,6.03
United States,USA,2021-01-19,6.44
United States,USA,2021-01-20,6.92
United States,USA,2021-01-21,7.42
United States,USA,2021-01-22,7.91
United States,USA,2021-01-23,8.19
United States,USA,2021-01-24,8.31
United States,USA,2021-01-25,8.72
United States,USA,2021-01-26,9.22
United States,USA,2021-01-27,9.81
United States,USA,2021-01-28,10.4
United States,USA,2021-01-29,10.98
United States,USA,2021-01-30,11.29
United States,USA,2021-01-31,11.43
United States,USA,2021-02-01,11.85
United States,USA,2021-02-02,12.36
United States,USA,2021-02-03,13.01
United States,USA,2021-02-04,13.72
United States,USA,2021-02-05,14.43
United States,USA,2021-02-06,14.82
United States,USA,2021-02-07,14.95
United States,USA,2021-02-08,15.43
United States,USA,2021-02-09,16.03
United States,USA,2021-02-10,16.73
United States,USA,2021-02-11,17.45
United States,USA,2021-02-12,18.24
United States,USA,2021-02-13,18.68
United States,USA,2021-02-14,18.86
United States,USA,2021-02-15,19.22
United States,USA,2021-02-16,19.71
United States,USA,2021-02-17,20.3
United States,USA,2021-02-18,20.86
United States,USA,2021-02-19,21.46
United States,USA,2021-02-20,21.85
United States,USA,2021-02-21,22.03
United States,USA,2021-02-22,22.48
United States,USA,2021-02-23,23.06
United States,USA,2021-02-24,23.82
United States,USA,2021-02-25,24.71
United States,USA,2021-02-26,25.65
United States,USA,2021-02-27,26.26
United States,USA,2021-02-28,26.51
United States,USA,2021-03-01,27.14
United States,USA,2021-03-02,27.88
United States,USA,2021-03-03,28.76
United States,USA,2021-03-04,29.73
United States,USA,2021-03-05,30.71
United States,USA,2021-03-06,31.33
United States,USA,2021-03-07,31.61
United States,USA,2021-03-08,32.26
United States,USA,2021-03-09,33.08
United States,USA,2021-03-10,34.03
United States,USA,2021-03-11,35.08
United States,USA,2021-03-12,36.11
United States,USA,2021-03-13,36.77
United States,USA,2021-03-14,37.07
United States,USA,2021-03-15,37.76
United States,USA,2021-03-16,38.63
United States,USA,2021-03-17,39.58
United States,USA,2021-03-18,40.61
United States,USA,2021-03-19,41.61
United States,USA,2021-03-20,42.26
United States,USA,2021-03-21,42.57
United States,USA,2021-03-22,43.27
United States,USA,2021-03-23,44.2
United States,USA,2021-03-24,45.26
United States,USA,2021-03-25,46.42
United States,USA,2021-03-26,47.56
United States,USA,2021-03-27,48.31
United States,USA,2021-03-28,48.67
United States,USA,2021-03-29,49.53
United States,USA,2021-03-30,50.61
United States,USA,2021-03-31,51.86
United States,USA,2021-04-01,53.23
United States,USA,2021-04-02,54.33
United States,USA,2021-04-03,55.02
United States,USA,2021-04-04,55.25
United States,USA,2021-04-05,56.19
United States,USA,2021-04-06,57.38
United States,USA,2021-04-07,58.7
United States,USA,2021-04-08,60.05
United States,USA,2021-04-09,61.35
United States,USA,2021-04-10,62.21
United States,USA,2021-04-11,62.64
United States,USA,2021-04-12,63.55
United States,USA,2021-04-13,64.59
United States,USA,2021-04-14,65.71
United States,USA,2021-04-15,66.84
United States,USA,2021-04-16,67.93
United States,USA,2021-04-17,68.64
United States,USA,2021-04-18,68.98
United States,USA,2021-04-19,69.76
United States,USA,2021-04-20,70.74
United States,USA,2021-04-21,71.79
United States,USA,2021-04-22,72.84
United States,USA,2021-04-23,73.84
United States,USA,2021-04-24,74.5
United States,USA,2021-04-25,74.8
United States,USA,2021-04-26,75.52
United States,USA,2021-04-27,76.4
United States,USA,2021-04-28,77.33
United States,USA,2021-04-29,78.25
United States,USA,2021-04-30,79.13
United States,USA,2021-05-01,79.69
United States,USA,2021-05-02,79.96
United States,USA,2021-05-03,80.55
United States,USA,2021-05-04,81.31
United States,USA,2021-05-05,82.08
United States,USA,2021-05-06,82.84
United States,USA,2021-05-07,83.6
United States,USA,2021-05-08,84.06
United States,USA,2021-05-09,84.25
United States,USA,2021-05-10,84.73
United States,USA,2021-05-11,85.35
United States,USA,2021-05-12,85.96
United States,USA,2021-05-13,86.65
United States,USA,2021-05-14,87.39
United States,USA,2021-05-15,87.95
United States,USA,2021-05-16,88.23
United States,USA,2021-05-17,88.78
United States,USA,2021-05-18,89.4
United States,USA,2021-05-19,90.03
United States,USA,2021-05-20,90.65
United States,USA,2021-05-21,91.27
United States,USA,2021-05-22,91.71
United States,USA,2021-05-23,91.9
United States,USA,2021-05-24,92.3
United States,USA,2021-05-25,92.74
United States,USA,2021-05-26,93.17
United States,USA,2021-05-27,93.58
United States,USA,2021-05-28,93.98
United States,USA,2021-05-29,94.21
United States,USA,2021-05-30,94.33
United States,USA,2021-05-31,94.39
United States,USA,2021-06-01,94.78
United States,USA,2021-06-02,95.12
United States,USA,2021-06-03,95.49
United States,USA,2021-06-04,95.92
United States,USA,2021-06-05,96.24
United States,USA,2021-06-06,96.4
United States,USA,2021-06-07,96.72
United States,USA,2021-06-08,97.08
United States,USA,2021-06-09,97.43
United States,USA,2021-06-10,97.78
United States,USA,2021-06-11,98.16
United States,USA,2021-06-12,98.43
United States,USA,2021-06-13,98.55
United States,USA,2021-06-14,98.82
United States,USA,2021-06-15,99.12
United States,USA,2021-06-16,99.41
United States,USA,2021-06-17,99.68
United States,USA,2021-06-18,99.96
United States,USA,2021-06-19,100.13
United States,USA,2021-06-20,100.21
United States,USA,2021-06-21,100.38
United States,USA,2021-06-22,100.61
United States,USA,2021-06-23,100.83
United States,USA,2021-06-24,101.05
United States,USA,2021-06-25,101.28
United States,USA,2021-06-26,101.43
United States,USA,2021-06-27,101.51
United States,USA,2021-06-28,101.68
United States,USA,2021-06-29,101.87
United States,USA,2021-06-30,102.06
United States,USA,2021-07-01,102.24
United States,USA,2021-07-02,102.43
United States,USA,2021-07-03,102.54
United States,USA,2021-07-04,102.55
United States,USA,2021-07-05,102.67
United States,USA,2021-07-06,102.85
United States,USA,2021-07-07,103.02
United States,USA,2021-07-08,103.19
United States,USA,2021-07-09,103.38
United States,USA,2021-07-10,103.51
United States,USA,2021-07-11,103.57
United States,USA,2021-07-12,103.73
United States,USA,2021-07-13,103.89
United States,USA,2021-07-14,104.05
United States,USA,2021-07-15,104.21
United States,USA,2021-07-16,104.4
United States,USA,2021-07-17,104.52
United States,USA,2021-07-18,104.59
United States,USA,2021-07-19,104.76
United States,USA,2021-07-20,104.94
United States,USA,2021-07-21,105.14
United States,USA,2021-07-22,105.33
United States,USA,2021-07-23,105.56
United States,USA,2021-07-24,105.7
United States,USA,2021-07-25,105.77
United States,USA,2021-07-26,105.97
United States,USA,2021-07-27,106.18
United States,USA,2021-07-28,106.4
United States,USA,2021-07-29,106.62
United States,USA,2021-07-30,106.87
United States,USA,2021-07-31,107.03
United States,USA,2021-08-01,107.13
United States,USA,2021-08-02,107.34
United States,USA,2021-08-03,107.57
United States,USA,2021-08-04,107.81
United States,USA,2021-08-05,108.05
United States,USA,2021-08-06,108.32
United States,USA,2021-08-07,108.49
United States,USA,2021-08-08,108.6
United States,USA,2021-08-09,108.84
United States,USA,2021-08-10,109.08
United States,USA,2021-08-11,109.31
United States,USA,2021-08-12,109.55
United States,USA,2021-08-13,109.84
United States,USA,2021-08-14,110.03
United States,USA,2021-08-15,110.15
United States,USA,2021-08-16,110.42
United States,USA,2021-08-17,110.7
United States,USA,2021-08-18,110.99
United States,USA,2021-08-19,111.27
United States,USA,2021-08-20,111.61
United States,USA,2021-08-21,111.81
United States,USA,2021-08-22,111.93
United States,USA,2021-08-23,112.21
United States,USA,2021-08-24,112.5
United States,USA,2021-08-25,112.79
United States,USA,2021-08-26,113.09
United States,USA,2021-08-27,113.45
United States,USA,2021-08-28,113.66
United States,USA,2021-08-29,113.79
United States,USA,2021-08-30,114.08
United States,USA,2021-08-31,114.36
United States,USA,2021-09-01,114.65
United States,USA,2021-09-02,114.92
United States,USA,2021-09-03,115.23
United States,USA,2021-09-04,115.4
United States,USA,2021-09-05,115.51
United States,USA,2021-09-06,115.57
United States,USA,2021-09-07,115.84
United States,USA,2021-09-08,116.1
United States,USA,2021-09-09,116.36
United States,USA,2021-09-10,116.67
United States,USA,2021-09-11,116.85
United States,USA,2021-09-12,116.96
United States,USA,2021-09-13,117.2
United States,USA,2021-09-14,117.43
United States,USA,2021-09-15,117.66
United States,USA,2021-09-16,117.89
United States,USA,2021-09-17,118.16
United States,USA,2021-09-18,118.32
United States,USA,2021-09-19,118.41
United States,USA,2021-09-20,118.63
United States,USA,2021-09-21,118.83
United States,USA,2021-09-22,119.03
United States,USA,2021-09-23,119.24
United States,USA,2021-09-24,119.54
United States,USA,2021-09-25,119.74
United States,USA,2021-09-26,119.87
United States,USA,2021-09-27,120.18
United States,USA,2021-09-28,120.52
United States,USA,2021-09-29,120.87
United States,USA,2021-09-30,121.22
United States,USA,2021-10-01,121.62
United States,USA,2021-10-02,121.82
United States,USA,2021-10-03,121.93
United States,USA,2021-10-04,122.22
United States,USA,2021-10-05,122.53
United States,USA,2021-10-06,122.85
United States,USA,2021-10-07,123.16
United States,USA,2021-10-08,123.51
United States,USA,2021-10-09,123.67
United States,USA,2021-10-10,123.77
United States,USA,2021-10-11,124.03
United States,USA,2021-10-12,124.31
United States,USA,2021-10-13,124.58
United States,USA,2021-10-14,124.86
United States,USA,2021-10-15,125.18
United States,USA,2021-10-16,125.33
United States,USA,2021-10-17,125.41
United States,USA,2021-10-18,125.66
United States,USA,2021-10-19,125.91
United States,USA,2021-10-20,126.16
United States,USA,2021-10-21,126.42
United States,USA,2021-10-22,126.84
United States,USA,2021-10-23,127.09
United States,USA,2021-10-24,127.24
United States,USA,2021-10-25,127.7
United States,USA,2021-10-26,128.18
United States,USA,2021-10-27,128.67
United States,USA,2021-10-28,129.16
United States,USA,2021-10-29,129.7
United States,USA,2021-10-30,129.94
United States,USA,2021-10-31,130.08
United States,USA,2021-11-01,130.52
United States,USA,2021-11-02,130.98
United States,USA,2021-11-03,131.45
United States,USA,2021-11-04,131.95
United States,USA,2021-11-05,132.53
United States,USA,2021-11-06,132.85
United States,USA,2021-11-07,133.01
United States,USA,2021-11-08,133.46
United States,USA,2021-11-09,133.95
United States,USA,2021-11-10,134.49
United States,USA,2021-11-11,134.98
United States,USA,2021-11-12,135.58
United States,USA,2021-11-13,135.94
United States,USA,2021-11-14,136.11
United States,USA,2021-11-15,136.58
United States,USA,2021-11-16,137.09
United States,USA,2021-11-17,137.63
United States,USA,2021-11-18,138.17
United States,USA,2021-11-19,138.8
United States,USA,2021-11-20,139.17
United States,USA,2021-11-21,139.37
United States,USA,2021-11-22,139.92
United States,USA,2021-11-23,140.46
United States,USA,2021-11-24,140.88
United States,USA,2021-11-25,140.89
United States,USA,2021-11-26,141.25
United States,USA,2021-11-27,141.52
United States,USA,2021-11-28,141.7
United States,USA,2021-11-29,142.21
United States,USA,2021-11-30,142.79
United States,USA,2021-12-01,143.45
United States,USA,2021-12-02,144.11
United States,USA,2021-12-03,144.85
United States,USA,2021-12-04,145.3
United States,USA,2021-12-05,145.52
United States,USA,2021-12-06,146.07
United States,USA,2021-12-07,146.65
United States,USA,2021-12-08,147.24
United States,USA,2021-12-09,147.82
United States,USA,2021-12-10,148.46
United States,USA,2021-12-11,148.84
United States,USA,2021-12-12,149.03
United States,USA,2021-12-13,149.52
United States,USA,2021-12-14,150.04
United States,USA,2021-12-15,150.56
United States,USA,2021-12-16,151.07
United States,USA,2021-12-17,151.66
United States,USA,2021-12-18,152
United States,USA,2021-12-19,152.19
United States,USA,2021-12-20,152.75
United States,USA,2021-12-21,153.34
United States,USA,2021-12-22,153.91
United States,USA,2021-12-23,154.35
United States,USA,2021-12-24,154.46
United States,USA,2021-12-25,154.47
United States,USA,2021-12-26,154.61
United States,USA,2021-12-27,155.07
United States,USA,2021-12-28,155.58
United States,USA,2021-12-29,156.09
United States,USA,2021-12-30,156.55
United States,USA,2021-12-31,156.74
United States,USA,2022-01-01,156.77
United States,USA,2022-01-02,156.92
United States,USA,2022-01-03,157.3
United States,USA,2022-01-04,157.72
United States,USA,2022-01-05,158.16
United States,USA,2022-01-06,158.6
United States,USA,2022-01-07,159.1
United States,USA,2022-01-08,159.42
United States,USA,2022-01-09,159.56
United States,USA,2022-01-10,159.94
United States,USA,2022-01-11,160.34
United States,USA,2022-01-12,160.74
United States,USA,2022-01-13,161.13
United States,USA,2022-01-14,161.57
United States,USA,2022-01-15,161.81
United States,USA,2022-01-16,161.93
United States,USA,2022-01-17,162.18
United States,USA,2022-01-18,162.48
United States,USA,2022-01-19,162.77
United States,USA,2022-01-20,163.06
United States,USA,2022-01-21,163.38
United States,USA,2022-01-22,163.57
United States,USA,2022-01-23,163.67
United States,USA,2022-01-24,163.91
United States,USA,2022-01-25,164.15
United States,USA,2022-01-26,164.39
United States,USA,2022-01-27,164.63
United States,USA,2022-01-28,164.92
United States,USA,2022-01-29,165.06
United States,USA,2022-01-30,165.14
United States,USA,2022-01-31,165.33
United States,USA,2022-02-01,165.52
United States,USA,2022-02-02,165.69
United States,USA,2022-02-03,165.85
United States,USA,2022-02-04,166.05
United States,USA,2022-02-05,166.18
United States,USA,2022-02-06,166.24
United States,USA,2022-02-07,166.39
United States,USA,2022-02-08,166.54
United States,USA,2022-02-09,166.69
United States,USA,2022-02-10,166.85
United States,USA,2022-02-11,167.04
United States,USA,2022-02-12,167.14
United States,USA,2022-02-13,167.19
United States,USA,2022-02-14,167.29
United States,USA,2022-02-15,167.41
United States,USA,2022-02-16,167.54
United States,USA,2022-02-17,167.66
United States,USA,2022-02-18,167.82
United States,USA,2022-02-19,167.9
United States,USA,2022-02-20,167.95
United States,USA,2022-02-21,168.05
United States,USA,2022-02-22,168.15
United States,USA,2022-02-23,168.25
United States,USA,2022-02-24,168.35
United States,USA,2022-02-25,168.47
United States,USA,2022-02-26,168.55
United States,USA,2022-02-27,168.58
United States,USA,2022-02-28,168.68
United States,USA,2022-03-01,168.76
United States,USA,2022-03-02,168.84
United States,USA,2022-03-03,168.92
United States,USA,2022-03-04,169.01
United States,USA,2022-03-05,169.07
United States,USA,2022-03-06,169.09
United States,USA,2022-03-07,169.16
United States,USA,2022-03-08,169.22
United States,USA,2022-03-09,169.29
United States,USA,2022-03-10,169.35
United States,USA,2022-03-11,169.43
United States,USA,2022-03-12,169.47
United States,USA,2022-03-13,169.5
United States,USA,2022-03-14,169.55
United States,USA,2022-03-15,169.62
United States,USA,2022-03-16,169.68
United States,USA,2022-03-17,169.74
United States,USA,2022-03-18,169.81
United States,USA,2022-03-19,169.86
United States,USA,2022-03-20,169.88
United States,USA,2022-03-21,169.94
United States,USA,2022-03-22,169.99
United States,USA,2022-03-23,170.05
United States,USA,2022-03-24,170.11
United States,USA,2022-03-25,170.18
United States,USA,2022-03-26,170.22
United States,USA,2022-03-27,170.24
United States,USA,2022-03-28,170.29
United States,USA,2022-03-29,170.35
United States,USA,2022-03-30,170.47
United States,USA,2022-03-31,170.64
United States,USA,2022-04-01,170.83
United States,USA,2022-04-02,170.94
United States,USA,2022-04-03,171
United States,USA,2022-04-04,171.17
United States,USA,2022-04-05,171.34
United States,USA,2022-04-06,171.51
United States,USA,2022-04-07,171.69
United States,USA,2022-04-08,171.89
United States,USA,2022-04-09,172
United States,USA,2022-04-10,172.06
United States,USA,2022-04-11,172.23
United States,USA,2022-04-12,172.42
United States,USA,2022-04-13,172.59
United States,USA,2022-04-14,172.77
United States,USA,2022-04-15,172.94
United States,USA,2022-04-16,173.02
United States,USA,2022-04-17,173.04
United States,USA,2022-04-18,173.19
United States,USA,2022-04-19,173.36
United States,USA,2022-04-20,173.52
United States,USA,2022-04-21,173.67
United States,USA,2022-04-22,173.82
United States,USA,2022-04-23,173.9
United States,USA,2022-04-24,173.94
United States,USA,2022-04-25,174.07
United States,USA,2022-04-26,174.21
United States,USA,2022-04-27,174.35
United States,USA,2022-04-28,174.49
United States,USA,2022-04-29,174.65
United States,USA,2022-04-30,174.72
United States,USA,2022-05-01,174.76
United States,USA,2022-05-02,174.88
United States,USA,2022-05-03,175
United States,USA,2022-05-04,175.13
United States,USA,2022-05-05,175.25
United States,USA,2022-05-06,175.39
United States,USA,2022-05-07,175.45
United States,USA,2022-05-08,175.48
United States,USA,2022-05-09,175.6
United States,USA,2022-05-10,175.72
United States,USA,2022-05-11,175.85
United States,USA,2022-05-12,175.98
United States,USA,2022-05-13,176.12
United States,USA,2022-05-14,176.19
United States,USA,2022-05-15,176.23
United States,USA,2022-05-16,176.35
United States,USA,2022-05-17,176.47
United States,USA,2022-05-18,176.6
United States,USA,2022-05-19,176.73
United States,USA,2022-05-20,176.88
United States,USA,2022-05-21,176.97
United States,USA,2022-05-22,177.01
United States,USA,2022-05-23,177.14
United States,USA,2022-05-24,177.27
United States,USA,2022-05-25,177.4
United States,USA,2022-05-26,177.52
United States,USA,2022-05-27,177.65
United States,USA,2022-05-28,177.71
United States,USA,2022-05-29,177.75
United States,USA,2022-05-30,177.75
United States,USA,2022-05-31,177.87
United States,USA,2022-06-01,177.98
United States,USA,2022-06-02,178.09
United States,USA,2022-06-03,178.21
United States,USA,2022-06-04,178.26
United States,USA,2022-06-05,178.3
United States,USA,2022-06-06,178.39
United States,USA,2022-06-07,178.49
United States,USA,2022-06-08,178.58
United States,USA,2022-06-09,178.68
United States,USA,2022-06-10,178.78
United States,USA,2022-06-11,178.83
United States,USA,2022-06-12,178.85
United States,USA,2022-06-13,178.93
United States,USA,2022-06-14,179.02
United States,USA,2022-06-15,179.1
United States,USA,2022-06-16,179.19
United States,USA,2022-06-17,179.27
United States,USA,2022-06-18,179.31
United States,USA,2022-06-19,179.33
United States,USA,2022-06-20,179.4
United States,USA,2022-06-21,179.48
United States,USA,2022-06-22,179.56
United States,USA,2022-06-23,179.65
United States,USA,2022-06-24,179.74
United States,USA,2022-06-25,179.78
United States,USA,2022-06-26,179.81
United States,USA,2022-06-27,179.88
United States,USA,2022-06-28,179.96
United States,USA,2022-06-29,180.03
United States,USA,2022-06-30,180.11
United States,USA,2022-07-01,180.19
United States,USA,2022-07-02,180.23
United States,USA,2022-07-03,180.24
United States,USA,2022-07-04,180.25
United States,USA,2022-07-05,180.32
United States,USA,2022-07-06,180.4
United States,USA,2022-07-07,180.47
United States,USA,2022-07-08,180.56
United States,USA,2022-07-09,180.61
United States,USA,2022-07-10,180.63
United States,USA,2022-07-11,180.7
United States,USA,2022-07-12,180.79
United States,USA,2022-07-13,180.89
United States,USA,2022-07-14,180.99
United States,USA,2022-07-15,181.11
United States,USA,2022-07-16,181.17
United States,USA,2022-07-17,181.21
United States,USA,2022-07-18,181.31
United States,USA,2022-07-19,181.4
United States,USA,2022-07-20,181.5
United States,USA,2022-07-21,181.59
United States,USA,2022-07-22,181.7
United States,USA,2022-07-23,181.75
United States,USA,2022-07-24,181.78
United States,USA,2022-07-25,181.82
United States,USA,2022-07-26,181.83
Upper middle income,,2020-12-15,0.06
Upper middle income,,2020-12-16,0.06
Upper middle income,,2020-12-17,0.06
Upper middle income,,2020-12-18,0.06
Upper middle income,,2020-12-19,0.06
Upper middle income,,2020-12-20,0.06
Upper middle income,,2020-12-21,0.06
Upper middle income,,2020-12-22,0.06
Upper middle income,,2020-12-23,0.06
Upper middle income,,2020-12-24,0.06
Upper middle income,,2020-12-25,0.06
Upper middle income,,2020-12-26,0.06
Upper middle income,,2020-12-27,0.06
Upper middle income,,2020-12-28,0.06
Upper middle income,,2020-12-29,0.06
Upper middle income,,2020-12-30,0.07
Upper middle income,,2020-12-31,0.19
Upper middle income,,2021-01-01,0.19
Upper middle income,,2021-01-02,0.22
Upper middle income,,2021-01-03,0.22
Upper middle income,,2021-01-04,0.22
Upper middle income,,2021-01-05,0.22
Upper middle income,,2021-01-06,0.22
Upper middle income,,2021-01-07,0.22
Upper middle income,,2021-01-08,0.22
Upper middle income,,2021-01-09,0.41
Upper middle income,,2021-01-10,0.41
Upper middle income,,2021-01-11,0.41
Upper middle income,,2021-01-12,0.41
Upper middle income,,2021-01-13,0.46
Upper middle income,,2021-01-14,0.48
Upper middle income,,2021-01-15,0.5
Upper middle income,,2021-01-16,0.5
Upper middle income,,2021-01-17,0.51
Upper middle income,,2021-01-18,0.51
Upper middle income,,2021-01-19,0.52
Upper middle income,,2021-01-20,0.73
Upper middle income,,2021-01-21,0.75
Upper middle income,,2021-01-22,0.77
Upper middle income,,2021-01-23,0.78
Upper middle income,,2021-01-24,0.78
Upper middle income,,2021-01-25,0.8
Upper middle income,,2021-01-26,1.13
Upper middle income,,2021-01-27,1.15
Upper middle income,,2021-01-28,1.17
Upper middle income,,2021-01-29,1.19
Upper middle income,,2021-01-30,1.2
Upper middle income,,2021-01-31,1.26
Upper middle income,,2021-02-01,1.27
Upper middle income,,2021-02-02,1.29
Upper middle income,,2021-02-03,1.6
Upper middle income,,2021-02-04,1.62
Upper middle income,,2021-02-05,1.64
Upper middle income,,2021-02-06,1.65
Upper middle income,,2021-02-07,1.65
Upper middle income,,2021-02-08,1.67
Upper middle income,,2021-02-09,2.06
Upper middle income,,2021-02-10,2.08
Upper middle income,,2021-02-11,2.1
Upper middle income,,2021-02-12,2.15
Upper middle income,,2021-02-13,2.17
Upper middle income,,2021-02-14,2.18
Upper middle income,,2021-02-15,2.21
Upper middle income,,2021-02-16,2.25
Upper middle income,,2021-02-17,2.3
Upper middle income,,2021-02-18,2.35
Upper middle income,,2021-02-19,2.4
Upper middle income,,2021-02-20,2.42
Upper middle income,,2021-02-21,2.43
Upper middle income,,2021-02-22,2.46
Upper middle income,,2021-02-23,2.51
Upper middle income,,2021-02-24,2.55
Upper middle income,,2021-02-25,2.6
Upper middle income,,2021-02-26,2.64
Upper middle income,,2021-02-27,2.66
Upper middle income,,2021-02-28,3.15
Upper middle income,,2021-03-01,3.2
Upper middle income,,2021-03-02,3.41
Upper middle income,,2021-03-03,3.46
Upper middle income,,2021-03-04,3.53
Upper middle income,,2021-03-05,3.59
Upper middle income,,2021-03-06,3.63
Upper middle income,,2021-03-07,3.64
Upper middle income,,2021-03-08,3.68
Upper middle income,,2021-03-09,3.74
Upper middle income,,2021-03-10,3.81
Upper middle income,,2021-03-11,3.88
Upper middle income,,2021-03-12,3.94
Upper middle income,,2021-03-13,3.98
Upper middle income,,2021-03-14,4.49
Upper middle income,,2021-03-15,4.55
Upper middle income,,2021-03-16,4.61
Upper middle income,,2021-03-17,4.69
Upper middle income,,2021-03-18,4.75
Upper middle income,,2021-03-19,4.82
Upper middle income,,2021-03-20,5.26
Upper middle income,,2021-03-21,5.28
Upper middle income,,2021-03-22,5.56
Upper middle income,,2021-03-23,5.71
Upper middle income,,2021-03-24,5.91
Upper middle income,,2021-03-25,6.19
Upper middle income,,2021-03-26,6.52
Upper middle income,,2021-03-27,6.76
Upper middle income,,2021-03-28,6.95
Upper middle income,,2021-03-29,7.31
Upper middle income,,2021-03-30,7.56
Upper middle income,,2021-03-31,7.87
Upper middle income,,2021-04-01,8.24
Upper middle income,,2021-04-02,8.6
Upper middle income,,2021-04-03,8.78
Upper middle income,,2021-04-04,8.94
Upper middle income,,2021-04-05,9.13
Upper middle income,,2021-04-06,9.35
Upper middle income,,2021-04-07,9.62
Upper middle income,,2021-04-08,9.98
Upper middle income,,2021-04-09,10.32
Upper middle income,,2021-04-10,10.53
Upper middle income,,2021-04-11,10.69
Upper middle income,,2021-04-12,10.97
Upper middle income,,2021-04-13,11.24
Upper middle income,,2021-04-14,11.52
Upper middle income,,2021-04-15,11.78
Upper middle income,,2021-04-16,12.05
Upper middle income,,2021-04-17,12.21
Upper middle income,,2021-04-18,12.37
Upper middle income,,2021-04-19,12.57
Upper middle income,,2021-04-20,12.83
Upper middle income,,2021-04-21,13.13
Upper middle income,,2021-04-22,13.52
Upper middle income,,2021-04-23,13.86
Upper middle income,,2021-04-24,14.1
Upper middle income,,2021-04-25,14.32
Upper middle income,,2021-04-26,14.61
Upper middle income,,2021-04-27,14.98
Upper middle income,,2021-04-28,15.46
Upper middle income,,2021-04-29,15.97
Upper middle income,,2021-04-30,16.54
Upper middle income,,2021-05-01,16.8
Upper middle income,,2021-05-02,17.03
Upper middle income,,2021-05-03,17.3
Upper middle income,,2021-05-04,17.61
Upper middle income,,2021-05-05,17.96
Upper middle income,,2021-05-06,18.41
Upper middle income,,2021-05-07,18.98
Upper middle income,,2021-05-08,19.42
Upper middle income,,2021-05-09,19.71
Upper middle income,,2021-05-10,20.16
Upper middle income,,2021-05-11,20.67
Upper middle income,,2021-05-12,21.27
Upper middle income,,2021-05-13,21.87
Upper middle income,,2021-05-14,22.51
Upper middle income,,2021-05-15,23.08
Upper middle income,,2021-05-16,23.71
Upper middle income,,2021-05-17,24.4
Upper middle income,,2021-05-18,25.1
Upper middle income,,2021-05-19,25.79
Upper middle income,,2021-05-20,26.61
Upper middle income,,2021-05-21,27.43
Upper middle income,,2021-05-22,28.09
Upper middle income,,2021-05-23,28.73
Upper middle income,,2021-05-24,29.49
Upper middle income,,2021-05-25,30.38
Upper middle income,,2021-05-26,31.33
Upper middle income,,2021-05-27,32.12
Upper middle income,,2021-05-28,33.03
Upper middle income,,2021-05-29,33.87
Upper middle income,,2021-05-30,34.67
Upper middle income,,2021-05-31,35.75
Upper middle income,,2021-06-01,36.74
Upper middle income,,2021-06-02,37.84
Upper middle income,,2021-06-03,38.75
Upper middle income,,2021-06-04,39.75
Upper middle income,,2021-06-05,40.61
Upper middle income,,2021-06-06,41.29
Upper middle income,,2021-06-07,42.08
Upper middle income,,2021-06-08,42.87
Upper middle income,,2021-06-09,43.71
Upper middle income,,2021-06-10,44.69
Upper middle income,,2021-06-11,45.63
Upper middle income,,2021-06-12,46.36
Upper middle income,,2021-06-13,47.03
Upper middle income,,2021-06-14,47.65
Upper middle income,,2021-06-15,48.65
Upper middle income,,2021-06-16,49.7
Upper middle income,,2021-06-17,50.88
Upper middle income,,2021-06-18,52.07
Upper middle income,,2021-06-19,53.05
Upper middle income,,2021-06-20,53.95
Upper middle income,,2021-06-21,54.97
Upper middle income,,2021-06-22,56.07
Upper middle income,,2021-06-23,57.23
Upper middle income,,2021-06-24,58.48
Upper middle income,,2021-06-25,59.64
Upper middle income,,2021-06-26,60.64
Upper middle income,,2021-06-27,61.57
Upper middle income,,2021-06-28,62.61
Upper middle income,,2021-06-29,63.6
Upper middle income,,2021-06-30,64.63
Upper middle income,,2021-07-01,65.63
Upper middle income,,2021-07-02,66.63
Upper middle income,,2021-07-03,67.29
Upper middle income,,2021-07-04,67.8
Upper middle income,,2021-07-05,68.59
Upper middle income,,2021-07-06,69.39
Upper middle income,,2021-07-07,70.1
Upper middle income,,2021-07-08,70.82
Upper middle income,,2021-07-09,71.51
Upper middle income,,2021-07-10,72.04
Upper middle income,,2021-07-11,72.53
Upper middle income,,2021-07-12,73.18
Upper middle income,,2021-07-13,73.87
Upper middle income,,2021-07-14,74.67
Upper middle income,,2021-07-15,75.44
Upper middle income,,2021-07-16,76.15
Upper middle income,,2021-07-17,76.72
Upper middle income,,2021-07-18,77.24
Upper middle income,,2021-07-19,77.86
Upper middle income,,2021-07-20,78.57
Upper middle income,,2021-07-21,79.34
Upper middle income,,2021-07-22,80.3
Upper middle income,,2021-07-23,81.29
Upper middle income,,2021-07-24,82.04
Upper middle income,,2021-07-25,82.7
Upper middle income,,2021-07-26,83.58
Upper middle income,,2021-07-27,84.59
Upper middle income,,2021-07-28,85.62
Upper middle income,,2021-07-29,86.67
Upper middle income,,2021-07-30,87.71
Upper middle income,,2021-07-31,88.59
Upper middle income,,2021-08-01,89.43
Upper middle income,,2021-08-02,90.38
Upper middle income,,2021-08-03,91.44
Upper middle income,,2021-08-04,92.46
Upper middle income,,2021-08-05,93.34
Upper middle income,,2021-08-06,94.27
Upper middle income,,2021-08-07,94.97
Upper middle income,,2021-08-08,95.65
Upper middle income,,2021-08-09,96.37
Upper middle income,,2021-08-10,97.22
Upper middle income,,2021-08-11,98.01
Upper middle income,,2021-08-12,98.83
Upper middle income,,2021-08-13,99.67
Upper middle income,,2021-08-14,100.33
Upper middle income,,2021-08-15,100.89
Upper middle income,,2021-08-16,101.64
Upper middle income,,2021-08-17,102.46
Upper middle income,,2021-08-18,103.31
Upper middle income,,2021-08-19,104.11
Upper middle income,,2021-08-20,104.88
Upper middle income,,2021-08-21,105.54
Upper middle income,,2021-08-22,106.15
Upper middle income,,2021-08-23,107
Upper middle income,,2021-08-24,107.84
Upper middle income,,2021-08-25,108.66
Upper middle income,,2021-08-26,109.52
Upper middle income,,2021-08-27,110.66
Upper middle income,,2021-08-28,111.4
Upper middle income,,2021-08-29,112.03
Upper middle income,,2021-08-30,112.71
Upper middle income,,2021-08-31,113.43
Upper middle income,,2021-09-01,114.08
Upper middle income,,2021-09-02,114.66
Upper middle income,,2021-09-03,115.22
Upper middle income,,2021-09-04,115.75
Upper middle income,,2021-09-05,116.18
Upper middle income,,2021-09-06,116.58
Upper middle income,,2021-09-07,117.06
Upper middle income,,2021-09-08,117.6
Upper middle income,,2021-09-09,118.15
Upper middle income,,2021-09-10,118.81
Upper middle income,,2021-09-11,119.34
Upper middle income,,2021-09-12,119.72
Upper middle income,,2021-09-13,120.11
Upper middle income,,2021-09-14,120.54
Upper middle income,,2021-09-15,120.98
Upper middle income,,2021-09-16,121.38
Upper middle income,,2021-09-17,121.81
Upper middle income,,2021-09-18,122.13
Upper middle income,,2021-09-19,122.45
Upper middle income,,2021-09-20,122.77
Upper middle income,,2021-09-21,123.17
Upper middle income,,2021-09-22,123.58
Upper middle income,,2021-09-23,123.99
Upper middle income,,2021-09-24,124.34
Upper middle income,,2021-09-25,124.62
Upper middle income,,2021-09-26,124.84
Upper middle income,,2021-09-27,125.21
Upper middle income,,2021-09-28,125.5
Upper middle income,,2021-09-29,125.81
Upper middle income,,2021-09-30,126.15
Upper middle income,,2021-10-01,126.38
Upper middle income,,2021-10-02,126.56
Upper middle income,,2021-10-03,126.69
Upper middle income,,2021-10-04,126.89
Upper middle income,,2021-10-05,127.49
Upper middle income,,2021-10-06,127.83
Upper middle income,,2021-10-07,128.16
Upper middle income,,2021-10-08,128.47
Upper middle income,,2021-10-09,128.72
Upper middle income,,2021-10-10,128.88
Upper middle income,,2021-10-11,129.11
Upper middle income,,2021-10-12,129.32
Upper middle income,,2021-10-13,129.57
Upper middle income,,2021-10-14,129.9
Upper middle income,,2021-10-15,130.22
Upper middle income,,2021-10-16,130.4
Upper middle income,,2021-10-17,130.69
Upper middle income,,2021-10-18,130.98
Upper middle income,,2021-10-19,131.27
Upper middle income,,2021-10-20,131.7
Upper middle income,,2021-10-21,131.96
Upper middle income,,2021-10-22,132.3
Upper middle income,,2021-10-23,132.56
Upper middle income,,2021-10-24,132.77
Upper middle income,,2021-10-25,133.07
Upper middle income,,2021-10-26,133.42
Upper middle income,,2021-10-27,133.71
Upper middle income,,2021-10-28,134.07
Upper middle income,,2021-10-29,134.51
Upper middle income,,2021-10-30,135.25
Upper middle income,,2021-10-31,135.6
Upper middle income,,2021-11-01,135.92
Upper middle income,,2021-11-02,136.31
Upper middle income,,2021-11-03,136.82
Upper middle income,,2021-11-04,137.44
Upper middle income,,2021-11-05,138.25
Upper middle income,,2021-11-06,138.82
Upper middle income,,2021-11-07,139.35
Upper middle income,,2021-11-08,139.83
Upper middle income,,2021-11-09,140.34
Upper middle income,,2021-11-10,140.92
Upper middle income,,2021-11-11,141.48
Upper middle income,,2021-11-12,142.05
Upper middle income,,2021-11-13,142.57
Upper middle income,,2021-11-14,143.02
Upper middle income,,2021-11-15,143.47
Upper middle income,,2021-11-16,143.9
Upper middle income,,2021-11-17,144.4
Upper middle income,,2021-11-18,144.86
Upper middle income,,2021-11-19,145.29
Upper middle income,,2021-11-20,145.84
Upper middle income,,2021-11-21,146.24
Upper middle income,,2021-11-22,146.62
Upper middle income,,2021-11-23,147.04
Upper middle income,,2021-11-24,147.54
Upper middle income,,2021-11-25,148.01
Upper middle income,,2021-11-26,148.57
Upper middle income,,2021-11-27,149.13
Upper middle income,,2021-11-28,149.64
Upper middle income,,2021-11-29,150.19
Upper middle income,,2021-11-30,150.72
Upper middle income,,2021-12-01,151.32
Upper middle income,,2021-12-02,151.83
Upper middle income,,2021-12-03,152.36
Upper middle income,,2021-12-04,152.93
Upper middle income,,2021-12-05,153.45
Upper middle income,,2021-12-06,153.85
Upper middle income,,2021-12-07,154.31
Upper middle income,,2021-12-08,154.78
Upper middle income,,2021-12-09,155.28
Upper middle income,,2021-12-10,155.79
Upper middle income,,2021-12-11,156.41
Upper middle income,,2021-12-12,156.92
Upper middle income,,2021-12-13,157.41
Upper middle income,,2021-12-14,157.94
Upper middle income,,2021-12-15,158.55
Upper middle income,,2021-12-16,159.13
Upper middle income,,2021-12-17,159.94
Upper middle income,,2021-12-18,160.52
Upper middle income,,2021-12-19,161.14
Upper middle income,,2021-12-20,161.98
Upper middle income,,2021-12-21,162.67
Upper middle income,,2021-12-22,163.38
Upper middle income,,2021-12-23,164.07
Upper middle income,,2021-12-24,164.7
Upper middle income,,2021-12-25,165.24
Upper middle income,,2021-12-26,165.75
Upper middle income,,2021-12-27,166.39
Upper middle income,,2021-12-28,167.12
Upper middle income,,2021-12-29,167.92
Upper middle income,,2021-12-30,168.58
Upper middle income,,2021-12-31,169.11
Upper middle income,,2022-01-01,169.39
Upper middle income,,2022-01-02,169.73
Upper middle income,,2022-01-03,170.14
Upper middle income,,2022-01-04,170.62
Upper middle income,,2022-01-05,171.14
Upper middle income,,2022-01-06,171.62
Upper middle income,,2022-01-07,172.09
Upper middle income,,2022-01-08,172.49
Upper middle income,,2022-01-09,172.89
Upper middle income,,2022-01-10,173.32
Upper middle income,,2022-01-11,173.78
Upper middle income,,2022-01-12,174.2
Upper middle income,,2022-01-13,174.66
Upper middle income,,2022-01-14,175.08
Upper middle income,,2022-01-15,175.38
Upper middle income,,2022-01-16,175.77
Upper middle income,,2022-01-17,176.23
Upper middle income,,2022-01-18,176.61
Upper middle income,,2022-01-19,177.01
Upper middle income,,2022-01-20,177.35
Upper middle income,,2022-01-21,177.72
Upper middle income,,2022-01-22,178
Upper middle income,,2022-01-23,178.31
Upper middle income,,2022-01-24,178.71
Upper middle income,,2022-01-25,179.08
Upper middle income,,2022-01-26,179.47
Upper middle income,,2022-01-27,179.96
Upper middle income,,2022-01-28,180.54
Upper middle income,,2022-01-29,180.8
Upper middle income,,2022-01-30,181.01
Upper middle income,,2022-01-31,181.16
Upper middle income,,2022-02-01,181.32
Upper middle income,,2022-02-02,181.5
Upper middle income,,2022-02-03,181.69
Upper middle income,,2022-02-04,181.99
Upper middle income,,2022-02-05,182.15
Upper middle income,,2022-02-06,182.38
Upper middle income,,2022-02-07,182.65
Upper middle income,,2022-02-08,183.01
Upper middle income,,2022-02-09,183.45
Upper middle income,,2022-02-10,183.9
Upper middle income,,2022-02-11,184.42
Upper middle income,,2022-02-12,184.76
Upper middle income,,2022-02-13,185.12
Upper middle income,,2022-02-14,185.47
Upper middle income,,2022-02-15,185.8
Upper middle income,,2022-02-16,186.22
Upper middle income,,2022-02-17,186.7
Upper middle income,,2022-02-18,187.14
Upper middle income,,2022-02-19,187.43
Upper middle income,,2022-02-20,187.72
Upper middle income,,2022-02-21,188.06
Upper middle income,,2022-02-22,188.38
Upper middle income,,2022-02-23,188.78
Upper middle income,,2022-02-24,189.18
Upper middle income,,2022-02-25,189.56
Upper middle income,,2022-02-26,189.82
Upper middle income,,2022-02-27,190.1
Upper middle income,,2022-02-28,190.41
Upper middle income,,2022-03-01,190.69
Upper middle income,,2022-03-02,190.99
Upper middle income,,2022-03-03,191.31
Upper middle income,,2022-03-04,191.66
Upper middle income,,2022-03-05,191.91
Upper middle income,,2022-03-06,192.42
Upper middle income,,2022-03-07,192.69
Upper middle income,,2022-03-08,192.94
Upper middle income,,2022-03-09,193.27
Upper middle income,,2022-03-10,193.63
Upper middle income,,2022-03-11,193.93
Upper middle income,,2022-03-12,194.21
Upper middle income,,2022-03-13,194.39
Upper middle income,,2022-03-14,194.67
Upper middle income,,2022-03-15,194.97
Upper middle income,,2022-03-16,195.3
Upper middle income,,2022-03-17,195.57
Upper middle income,,2022-03-18,195.88
Upper middle income,,2022-03-19,196.09
Upper middle income,,2022-03-20,196.28
Upper middle income,,2022-03-21,196.51
Upper middle income,,2022-03-22,196.75
Upper middle income,,2022-03-23,197.06
Upper middle income,,2022-03-24,197.3
Upper middle income,,2022-03-25,197.57
Upper middle income,,2022-03-26,197.8
Upper middle income,,2022-03-27,198
Upper middle income,,2022-03-28,198.22
Upper middle income,,2022-03-29,198.54
Upper middle income,,2022-03-30,198.79
Upper middle income,,2022-03-31,199.01
Upper middle income,,2022-04-01,199.17
Upper middle income,,2022-04-02,199.31
Upper middle income,,2022-04-03,199.49
Upper middle income,,2022-04-04,199.67
Upper middle income,,2022-04-05,199.82
Upper middle income,,2022-04-06,199.99
Upper middle income,,2022-04-07,200.19
Upper middle income,,2022-04-08,200.4
Upper middle income,,2022-04-09,200.53
Upper middle income,,2022-04-10,200.65
Upper middle income,,2022-04-11,200.82
Upper middle income,,2022-04-12,200.98
Upper middle income,,2022-04-13,201.24
Upper middle income,,2022-04-14,201.4
Upper middle income,,2022-04-15,201.54
Upper middle income,,2022-04-16,201.63
Upper middle income,,2022-04-17,201.79
Upper middle income,,2022-04-18,201.93
Upper middle income,,2022-04-19,202.09
Upper middle income,,2022-04-20,202.29
Upper middle income,,2022-04-21,202.47
Upper middle income,,2022-04-22,202.63
Upper middle income,,2022-04-23,202.75
Upper middle income,,2022-04-24,202.88
Upper middle income,,2022-04-25,203.03
Upper middle income,,2022-04-26,203.16
Upper middle income,,2022-04-27,203.31
Upper middle income,,2022-04-28,203.45
Upper middle income,,2022-04-29,203.62
Upper middle income,,2022-04-30,203.7
Upper middle income,,2022-05-01,203.79
Upper middle income,,2022-05-02,203.86
Upper middle income,,2022-05-03,203.94
Upper middle income,,2022-05-04,204.03
Upper middle income,,2022-05-05,204.11
Upper middle income,,2022-05-06,204.37
Upper middle income,,2022-05-07,204.43
Upper middle income,,2022-05-08,204.48
Upper middle income,,2022-05-09,204.56
Upper middle income,,2022-05-10,204.65
Upper middle income,,2022-05-11,204.8
Upper middle income,,2022-05-12,204.92
Upper middle income,,2022-05-13,205.2
Upper middle income,,2022-05-14,205.27
Upper middle income,,2022-05-15,205.34
Upper middle income,,2022-05-16,205.46
Upper middle income,,2022-05-17,205.54
Upper middle income,,2022-05-18,205.65
Upper middle income,,2022-05-19,205.76
Upper middle income,,2022-05-20,205.86
Upper middle income,,2022-05-21,205.93
Upper middle income,,2022-05-22,205.99
Upper middle income,,2022-05-23,206.06
Upper middle income,,2022-05-24,206.14
Upper middle income,,2022-05-25,206.21
Upper middle income,,2022-05-26,206.36
Upper middle income,,2022-05-27,206.5
Upper middle income,,2022-05-28,206.58
Upper middle income,,2022-05-29,206.65
Upper middle income,,2022-05-30,206.72
Upper middle income,,2022-05-31,206.81
Upper middle income,,2022-06-01,206.87
Upper middle income,,2022-06-02,206.93
Upper middle income,,2022-06-03,207.13
Upper middle income,,2022-06-04,207.19
Upper middle income,,2022-06-05,207.24
Upper middle income,,2022-06-06,207.3
Upper middle income,,2022-06-07,207.37
Upper middle income,,2022-06-08,207.45
Upper middle income,,2022-06-09,207.56
Upper middle income,,2022-06-10,207.65
Upper middle income,,2022-06-11,207.72
Upper middle income,,2022-06-12,207.75
Upper middle income,,2022-06-13,207.81
Upper middle income,,2022-06-14,207.89
Upper middle income,,2022-06-15,207.96
Upper middle income,,2022-06-16,208.05
Upper middle income,,2022-06-17,208.14
Upper middle income,,2022-06-18,208.19
Upper middle income,,2022-06-19,208.22
Upper middle income,,2022-06-20,208.28
Upper middle income,,2022-06-21,208.35
Upper middle income,,2022-06-22,208.42
Upper middle income,,2022-06-23,208.48
Upper middle income,,2022-06-24,208.58
Upper middle income,,2022-06-25,208.61
Upper middle income,,2022-06-26,208.65
Upper middle income,,2022-06-27,208.72
Upper middle income,,2022-06-28,208.77
Upper middle income,,2022-06-29,208.92
Upper middle income,,2022-06-30,208.97
Upper middle income,,2022-07-01,209.04
Upper middle income,,2022-07-02,209.07
Upper middle income,,2022-07-03,209.11
Upper middle income,,2022-07-04,209.18
Upper middle income,,2022-07-05,209.23
Upper middle income,,2022-07-06,209.27
Upper middle income,,2022-07-07,209.35
Upper middle income,,2022-07-08,209.44
Upper middle income,,2022-07-09,209.49
Upper middle income,,2022-07-10,209.53
Upper middle income,,2022-07-11,209.62
Upper middle income,,2022-07-12,209.67
Upper middle income,,2022-07-13,209.73
Upper middle income,,2022-07-14,209.82
Upper middle income,,2022-07-15,209.9
Upper middle income,,2022-07-16,209.95
Upper middle income,,2022-07-17,209.99
Upper middle income,,2022-07-18,210.05
Upper middle income,,2022-07-19,210.12
Upper middle income,,2022-07-20,210.17
Upper middle income,,2022-07-21,210.23
Upper middle income,,2022-07-22,210.3
Upper middle income,,2022-07-23,210.33
Upper middle income,,2022-07-24,210.52
Upper middle income,,2022-07-25,210.57
Upper middle income,,2022-07-26,210.64
Upper middle income,,2022-07-27,210.7
Upper middle income,,2022-07-28,210.75
Upper middle income,,2022-07-29,210.81
Upper middle income,,2022-07-30,210.85
Upper middle income,,2022-07-31,210.89
Upper middle income,,2022-08-01,210.91
Upper middle income,,2022-08-02,210.96
Upper middle income,,2022-08-03,210.99
Uruguay,URY,2021-02-27,0.01
Uruguay,URY,2021-02-28,0.01
Uruguay,URY,2021-03-01,0.54
Uruguay,URY,2021-03-02,0.97
Uruguay,URY,2021-03-03,1.59
Uruguay,URY,2021-03-04,1.85
Uruguay,URY,2021-03-05,2.12
Uruguay,URY,2021-03-06,2.12
Uruguay,URY,2021-03-07,2.12
Uruguay,URY,2021-03-08,2.95
Uruguay,URY,2021-03-09,3.58
Uruguay,URY,2021-03-10,4.32
Uruguay,URY,2021-03-11,4.97
Uruguay,URY,2021-03-12,5.64
Uruguay,URY,2021-03-13,5.94
Uruguay,URY,2021-03-14,5.94
Uruguay,URY,2021-03-15,6.27
Uruguay,URY,2021-03-16,6.47
Uruguay,URY,2021-03-17,6.7
Uruguay,URY,2021-03-18,7.76
Uruguay,URY,2021-03-19,8.83
Uruguay,URY,2021-03-20,9.19
Uruguay,URY,2021-03-21,9.19
Uruguay,URY,2021-03-22,10.32
Uruguay,URY,2021-03-23,11.39
Uruguay,URY,2021-03-24,12.42
Uruguay,URY,2021-03-25,13.69
Uruguay,URY,2021-03-26,14.89
Uruguay,URY,2021-03-27,15.28
Uruguay,URY,2021-03-28,15.28
Uruguay,URY,2021-03-29,16.86
Uruguay,URY,2021-03-30,18.39
Uruguay,URY,2021-03-31,20.08
Uruguay,URY,2021-04-01,21.48
Uruguay,URY,2021-04-02,22.92
Uruguay,URY,2021-04-03,23.28
Uruguay,URY,2021-04-04,23.28
Uruguay,URY,2021-04-05,24.4
Uruguay,URY,2021-04-06,25.69
Uruguay,URY,2021-04-07,27.04
Uruguay,URY,2021-04-08,28.46
Uruguay,URY,2021-04-09,29.63
Uruguay,URY,2021-04-10,30.42
Uruguay,URY,2021-04-11,30.43
Uruguay,URY,2021-04-12,31.98
Uruguay,URY,2021-04-13,33.66
Uruguay,URY,2021-04-14,35.34
Uruguay,URY,2021-04-15,37.21
Uruguay,URY,2021-04-16,39.04
Uruguay,URY,2021-04-17,40.07
Uruguay,URY,2021-04-18,40.54
Uruguay,URY,2021-04-19,41.68
Uruguay,URY,2021-04-20,43.02
Uruguay,URY,2021-04-21,44.39
Uruguay,URY,2021-04-22,45.89
Uruguay,URY,2021-04-23,47.39
Uruguay,URY,2021-04-24,48.04
Uruguay,URY,2021-04-25,48.06
Uruguay,URY,2021-04-26,49.38
Uruguay,URY,2021-04-27,50.7
Uruguay,URY,2021-04-28,51.99
Uruguay,URY,2021-04-29,53.34
Uruguay,URY,2021-04-30,54.74
Uruguay,URY,2021-05-01,54.75
Uruguay,URY,2021-05-02,54.76
Uruguay,URY,2021-05-03,55.71
Uruguay,URY,2021-05-04,56.71
Uruguay,URY,2021-05-05,57.66
Uruguay,URY,2021-05-06,58.73
Uruguay,URY,2021-05-07,59.29
Uruguay,URY,2021-05-08,59.5
Uruguay,URY,2021-05-09,59.51
Uruguay,URY,2021-05-10,60.81
Uruguay,URY,2021-05-11,62.07
Uruguay,URY,2021-05-12,63.37
Uruguay,URY,2021-05-13,65.21
Uruguay,URY,2021-05-14,66.97
Uruguay,URY,2021-05-15,67.6
Uruguay,URY,2021-05-16,67.62
Uruguay,URY,2021-05-17,69.18
Uruguay,URY,2021-05-18,70.7
Uruguay,URY,2021-05-19,71.99
Uruguay,URY,2021-05-20,73.39
Uruguay,URY,2021-05-21,74.84
Uruguay,URY,2021-05-22,75.27
Uruguay,URY,2021-05-23,75.31
Uruguay,URY,2021-05-24,76.53
Uruguay,URY,2021-05-25,77.67
Uruguay,URY,2021-05-26,78.8
Uruguay,URY,2021-05-27,79.95
Uruguay,URY,2021-05-28,81.04
Uruguay,URY,2021-05-29,81.77
Uruguay,URY,2021-05-30,81.81
Uruguay,URY,2021-05-31,83.17
Uruguay,URY,2021-06-01,84.51
Uruguay,URY,2021-06-02,85.83
Uruguay,URY,2021-06-03,87.13
Uruguay,URY,2021-06-04,88.41
Uruguay,URY,2021-06-05,88.85
Uruguay,URY,2021-06-06,88.88
Uruguay,URY,2021-06-07,90.06
Uruguay,URY,2021-06-08,91.16
Uruguay,URY,2021-06-09,92.59
Uruguay,URY,2021-06-10,93.89
Uruguay,URY,2021-06-11,95.07
Uruguay,URY,2021-06-12,95.74
Uruguay,URY,2021-06-13,95.78
Uruguay,URY,2021-06-14,97.46
Uruguay,URY,2021-06-15,99.06
Uruguay,URY,2021-06-16,100.62
Uruguay,URY,2021-06-17,101.92
Uruguay,URY,2021-06-18,103.32
Uruguay,URY,2021-06-19,103.74
Uruguay,URY,2021-06-20,103.77
Uruguay,URY,2021-06-21,105.31
Uruguay,URY,2021-06-22,106.67
Uruguay,URY,2021-06-23,107.92
Uruguay,URY,2021-06-24,109.16
Uruguay,URY,2021-06-25,110.3
Uruguay,URY,2021-06-26,110.69
Uruguay,URY,2021-06-27,110.72
Uruguay,URY,2021-06-28,112.31
Uruguay,URY,2021-06-29,113.91
Uruguay,URY,2021-06-30,115.46
Uruguay,URY,2021-07-01,117.02
Uruguay,URY,2021-07-02,118.61
Uruguay,URY,2021-07-03,119.14
Uruguay,URY,2021-07-04,119.17
Uruguay,URY,2021-07-05,120.65
Uruguay,URY,2021-07-06,122.09
Uruguay,URY,2021-07-07,123.59
Uruguay,URY,2021-07-08,124.46
Uruguay,URY,2021-07-09,125.22
Uruguay,URY,2021-07-10,125.39
Uruguay,URY,2021-07-11,125.4
Uruguay,URY,2021-07-12,126.91
Uruguay,URY,2021-07-13,128.22
Uruguay,URY,2021-07-14,129.51
Uruguay,URY,2021-07-15,130.88
Uruguay,URY,2021-07-16,132.31
Uruguay,URY,2021-07-17,132.51
Uruguay,URY,2021-07-18,132.52
Uruguay,URY,2021-07-19,133.42
Uruguay,URY,2021-07-20,134.18
Uruguay,URY,2021-07-21,134.87
Uruguay,URY,2021-07-22,135.68
Uruguay,URY,2021-07-23,136.85
Uruguay,URY,2021-07-24,136.98
Uruguay,URY,2021-07-25,137.01
Uruguay,URY,2021-07-26,137.95
Uruguay,URY,2021-07-27,138.73
Uruguay,URY,2021-07-28,139.37
Uruguay,URY,2021-07-29,139.96
Uruguay,URY,2021-07-30,140.53
Uruguay,URY,2021-07-31,140.7
Uruguay,URY,2021-08-01,140.7
Uruguay,URY,2021-08-02,141.23
Uruguay,URY,2021-08-03,141.88
Uruguay,URY,2021-08-04,142.37
Uruguay,URY,2021-08-05,142.95
Uruguay,URY,2021-08-06,143.46
Uruguay,URY,2021-08-07,143.54
Uruguay,URY,2021-08-08,143.55
Uruguay,URY,2021-08-09,144.38
Uruguay,URY,2021-08-10,145.09
Uruguay,URY,2021-08-11,145.75
Uruguay,URY,2021-08-12,146.39
Uruguay,URY,2021-08-13,146.94
Uruguay,URY,2021-08-14,147.01
Uruguay,URY,2021-08-15,147.01
Uruguay,URY,2021-08-16,148.53
Uruguay,URY,2021-08-17,150.21
Uruguay,URY,2021-08-18,151.9
Uruguay,URY,2021-08-19,153.29
Uruguay,URY,2021-08-20,154.73
Uruguay,URY,2021-08-21,154.97
Uruguay,URY,2021-08-22,155
Uruguay,URY,2021-08-23,156.57
Uruguay,URY,2021-08-24,157.8
Uruguay,URY,2021-08-25,157.8
Uruguay,URY,2021-08-26,159.38
Uruguay,URY,2021-08-27,160.67
Uruguay,URY,2021-08-28,160.89
Uruguay,URY,2021-08-29,160.91
Uruguay,URY,2021-08-30,162.42
Uruguay,URY,2021-08-31,163.88
Uruguay,URY,2021-09-01,165.33
Uruguay,URY,2021-09-02,166.77
Uruguay,URY,2021-09-03,168.19
Uruguay,URY,2021-09-04,168.38
Uruguay,URY,2021-09-05,168.4
Uruguay,URY,2021-09-06,169.55
Uruguay,URY,2021-09-07,170.59
Uruguay,URY,2021-09-08,171.63
Uruguay,URY,2021-09-09,172.75
Uruguay,URY,2021-09-10,173.61
Uruguay,URY,2021-09-11,173.65
Uruguay,URY,2021-09-12,173.65
Uruguay,URY,2021-09-13,174.32
Uruguay,URY,2021-09-14,174.65
Uruguay,URY,2021-09-15,174.85
Uruguay,URY,2021-09-16,175.56
Uruguay,URY,2021-09-17,176.57
Uruguay,URY,2021-09-18,176.58
Uruguay,URY,2021-09-19,176.58
Uruguay,URY,2021-09-20,177.31
Uruguay,URY,2021-09-21,178.1
Uruguay,URY,2021-09-22,178.99
Uruguay,URY,2021-09-23,179.85
Uruguay,URY,2021-09-24,180.82
Uruguay,URY,2021-09-25,180.83
Uruguay,URY,2021-09-26,180.85
Uruguay,URY,2021-09-27,181.71
Uruguay,URY,2021-09-28,182.42
Uruguay,URY,2021-09-29,183.13
Uruguay,URY,2021-09-30,183.72
Uruguay,URY,2021-10-01,184.32
Uruguay,URY,2021-10-02,184.34
Uruguay,URY,2021-10-03,184.35
Uruguay,URY,2021-10-04,185.09
Uruguay,URY,2021-10-05,185.78
Uruguay,URY,2021-10-06,186.4
Uruguay,URY,2021-10-07,187.06
Uruguay,URY,2021-10-08,187.79
Uruguay,URY,2021-10-09,187.81
Uruguay,URY,2021-10-10,187.82
Uruguay,URY,2021-10-11,188.03
Uruguay,URY,2021-10-12,188.37
Uruguay,URY,2021-10-13,188.93
Uruguay,URY,2021-10-14,189.59
Uruguay,URY,2021-10-15,190.13
Uruguay,URY,2021-10-16,190.13
Uruguay,URY,2021-10-17,190.13
Uruguay,URY,2021-10-18,190.63
Uruguay,URY,2021-10-19,191.08
Uruguay,URY,2021-10-20,191.15
Uruguay,URY,2021-10-21,191.58
Uruguay,URY,2021-10-22,192.29
Uruguay,URY,2021-10-23,192.29
Uruguay,URY,2021-10-24,192.3
Uruguay,URY,2021-10-25,192.73
Uruguay,URY,2021-10-26,193.08
Uruguay,URY,2021-10-27,193.44
Uruguay,URY,2021-10-28,193.73
Uruguay,URY,2021-10-29,194.31
Uruguay,URY,2021-10-30,194.32
Uruguay,URY,2021-10-31,194.32
Uruguay,URY,2021-11-01,194.53
Uruguay,URY,2021-11-02,194.53
Uruguay,URY,2021-11-03,194.76
Uruguay,URY,2021-11-04,195.03
Uruguay,URY,2021-11-05,195.53
Uruguay,URY,2021-11-06,195.55
Uruguay,URY,2021-11-07,195.55
Uruguay,URY,2021-11-08,195.71
Uruguay,URY,2021-11-09,195.94
Uruguay,URY,2021-11-10,196.1
Uruguay,URY,2021-11-11,196.34
Uruguay,URY,2021-11-12,196.71
Uruguay,URY,2021-11-13,196.71
Uruguay,URY,2021-11-14,196.71
Uruguay,URY,2021-11-15,196.79
Uruguay,URY,2021-11-16,196.88
Uruguay,URY,2021-11-17,196.95
Uruguay,URY,2021-11-18,197.18
Uruguay,URY,2021-11-19,197.48
Uruguay,URY,2021-11-20,197.48
Uruguay,URY,2021-11-21,197.48
Uruguay,URY,2021-11-22,197.58
Uruguay,URY,2021-11-23,197.68
Uruguay,URY,2021-11-24,197.88
Uruguay,URY,2021-11-25,198.14
Uruguay,URY,2021-11-26,198.36
Uruguay,URY,2021-11-27,198.37
Uruguay,URY,2021-11-28,198.37
Uruguay,URY,2021-11-29,198.49
Uruguay,URY,2021-11-30,198.59
Uruguay,URY,2021-12-01,198.78
Uruguay,URY,2021-12-02,199.07
Uruguay,URY,2021-12-03,199.66
Uruguay,URY,2021-12-04,199.66
Uruguay,URY,2021-12-05,199.66
Uruguay,URY,2021-12-06,199.72
Uruguay,URY,2021-12-07,199.82
Uruguay,URY,2021-12-08,200
Uruguay,URY,2021-12-09,200.21
Uruguay,URY,2021-12-10,200.55
Uruguay,URY,2021-12-11,200.55
Uruguay,URY,2021-12-12,200.55
Uruguay,URY,2021-12-13,200.78
Uruguay,URY,2021-12-14,201.03
Uruguay,URY,2021-12-15,201.15
Uruguay,URY,2021-12-16,201.38
Uruguay,URY,2021-12-17,201.78
Uruguay,URY,2021-12-18,201.78
Uruguay,URY,2021-12-19,201.78
Uruguay,URY,2021-12-20,202.17
Uruguay,URY,2021-12-21,202.38
Uruguay,URY,2021-12-22,202.71
Uruguay,URY,2021-12-23,202.72
Uruguay,URY,2021-12-24,202.72
Uruguay,URY,2021-12-25,202.72
Uruguay,URY,2021-12-26,202.72
Uruguay,URY,2021-12-27,202.98
Uruguay,URY,2021-12-28,203.11
Uruguay,URY,2021-12-29,203.46
Uruguay,URY,2021-12-30,203.57
Uruguay,URY,2021-12-31,203.57
Uruguay,URY,2022-01-01,203.57
Uruguay,URY,2022-01-02,203.57
Uruguay,URY,2022-01-03,203.83
Uruguay,URY,2022-01-04,204.1
Uruguay,URY,2022-01-05,204.4
Uruguay,URY,2022-01-06,204.4
Uruguay,URY,2022-01-07,204.53
Uruguay,URY,2022-01-08,204.53
Uruguay,URY,2022-01-09,204.53
Uruguay,URY,2022-01-10,205.33
Uruguay,URY,2022-01-11,205.93
Uruguay,URY,2022-01-12,206.87
Uruguay,URY,2022-01-13,207.79
Uruguay,URY,2022-01-14,208.85
Uruguay,URY,2022-01-15,208.89
Uruguay,URY,2022-01-16,208.89
Uruguay,URY,2022-01-17,209.79
Uruguay,URY,2022-01-18,210.44
Uruguay,URY,2022-01-19,211.28
Uruguay,URY,2022-01-20,212.15
Uruguay,URY,2022-01-21,212.93
Uruguay,URY,2022-01-22,212.99
Uruguay,URY,2022-01-23,212.99
Uruguay,URY,2022-01-24,213.77
Uruguay,URY,2022-01-25,214.37
Uruguay,URY,2022-01-26,215.05
Uruguay,URY,2022-01-27,215.76
Uruguay,URY,2022-01-28,216.51
Uruguay,URY,2022-01-29,216.52
Uruguay,URY,2022-01-30,216.52
Uruguay,URY,2022-01-31,217.05
Uruguay,URY,2022-02-01,217.37
Uruguay,URY,2022-02-02,217.73
Uruguay,URY,2022-02-03,218.2
Uruguay,URY,2022-02-04,218.77
Uruguay,URY,2022-02-05,218.77
Uruguay,URY,2022-02-06,218.77
Uruguay,URY,2022-02-07,219.37
Uruguay,URY,2022-02-08,219.52
Uruguay,URY,2022-02-09,219.76
Uruguay,URY,2022-02-10,220.05
Uruguay,URY,2022-02-11,220.28
Uruguay,URY,2022-02-12,220.3
Uruguay,URY,2022-02-13,220.3
Uruguay,URY,2022-02-14,220.65
Uruguay,URY,2022-02-15,220.75
Uruguay,URY,2022-02-16,220.89
Uruguay,URY,2022-02-17,221.02
Uruguay,URY,2022-02-18,221.18
Uruguay,URY,2022-02-19,221.19
Uruguay,URY,2022-02-20,221.19
Uruguay,URY,2022-02-21,221.53
Uruguay,URY,2022-02-22,221.65
Uruguay,URY,2022-02-23,221.97
Uruguay,URY,2022-02-24,222.44
Uruguay,URY,2022-02-25,222.79
Uruguay,URY,2022-02-26,222.83
Uruguay,URY,2022-02-27,222.83
Uruguay,URY,2022-02-28,222.94
Uruguay,URY,2022-03-01,223.13
Uruguay,URY,2022-03-02,223.48
Uruguay,URY,2022-03-03,223.81
Uruguay,URY,2022-03-04,224.22
Uruguay,URY,2022-03-05,224.22
Uruguay,URY,2022-03-06,224.22
Uruguay,URY,2022-03-07,225.19
Uruguay,URY,2022-03-08,225.99
Uruguay,URY,2022-03-09,226.82
Uruguay,URY,2022-03-10,227.64
Uruguay,URY,2022-03-11,228.54
Uruguay,URY,2022-03-12,228.55
Uruguay,URY,2022-03-13,228.55
Uruguay,URY,2022-03-14,229.41
Uruguay,URY,2022-03-15,229.99
Uruguay,URY,2022-03-16,230.47
Uruguay,URY,2022-03-17,230.97
Uruguay,URY,2022-03-18,231.28
Uruguay,URY,2022-03-19,231.29
Uruguay,URY,2022-03-20,231.29
Uruguay,URY,2022-03-21,232
Uruguay,URY,2022-03-22,232.38
Uruguay,URY,2022-03-23,232.77
Uruguay,URY,2022-03-24,233.21
Uruguay,URY,2022-03-25,233.73
Uruguay,URY,2022-03-26,233.74
Uruguay,URY,2022-03-27,233.74
Uruguay,URY,2022-03-28,234.14
Uruguay,URY,2022-03-29,234.46
Uruguay,URY,2022-03-30,234.79
Uruguay,URY,2022-03-31,235
Uruguay,URY,2022-04-01,235.65
Uruguay,URY,2022-04-02,235.65
Uruguay,URY,2022-04-03,235.65
Uruguay,URY,2022-04-04,235.92
Uruguay,URY,2022-04-05,236.08
Uruguay,URY,2022-04-06,236.16
Uruguay,URY,2022-04-07,236.26
Uruguay,URY,2022-04-08,236.81
Uruguay,URY,2022-04-09,236.81
Uruguay,URY,2022-04-10,236.81
Uruguay,URY,2022-04-11,236.82
Uruguay,URY,2022-04-12,236.85
Uruguay,URY,2022-04-13,236.87
Uruguay,URY,2022-04-14,236.87
Uruguay,URY,2022-04-18,236.88
Uruguay,URY,2022-04-19,237.12
Uruguay,URY,2022-04-20,237.36
Uruguay,URY,2022-04-21,237.59
Uruguay,URY,2022-04-22,238
Uruguay,URY,2022-04-23,238
Uruguay,URY,2022-04-25,238.15
Uruguay,URY,2022-04-26,238.21
Uruguay,URY,2022-04-27,238.29
Uruguay,URY,2022-04-28,238.41
Uruguay,URY,2022-04-29,238.66
Uruguay,URY,2022-04-30,238.66
Uruguay,URY,2022-05-02,238.8
Uruguay,URY,2022-05-03,238.89
Uruguay,URY,2022-05-04,238.98
Uruguay,URY,2022-05-05,239.11
Uruguay,URY,2022-05-06,239.33
Uruguay,URY,2022-05-07,239.34
Uruguay,URY,2022-05-09,239.74
Uruguay,URY,2022-05-10,240.07
Uruguay,URY,2022-05-11,240.45
Uruguay,URY,2022-05-12,240.62
Uruguay,URY,2022-05-13,241.22
Uruguay,URY,2022-05-14,241.23
Uruguay,URY,2022-05-16,241.23
Uruguay,URY,2022-05-17,241.33
Uruguay,URY,2022-05-18,241.67
Uruguay,URY,2022-05-19,241.95
Uruguay,URY,2022-05-20,242.32
Uruguay,URY,2022-05-21,242.32
Uruguay,URY,2022-05-22,242.32
Uruguay,URY,2022-05-23,242.85
Uruguay,URY,2022-05-24,243.25
Uruguay,URY,2022-05-25,243.73
Uruguay,URY,2022-05-26,244.12
Uruguay,URY,2022-05-27,244.79
Uruguay,URY,2022-05-28,244.8
Uruguay,URY,2022-05-30,245.03
Uruguay,URY,2022-05-31,245.42
Uruguay,URY,2022-06-01,245.82
Uruguay,URY,2022-06-02,246.22
Uruguay,URY,2022-06-03,246.73
Uruguay,URY,2022-06-04,246.73
Uruguay,URY,2022-06-06,247.2
Uruguay,URY,2022-06-07,247.58
Uruguay,URY,2022-06-08,248.03
Uruguay,URY,2022-06-09,248.24
Uruguay,URY,2022-06-10,248.9
Uruguay,URY,2022-06-11,248.91
Uruguay,URY,2022-06-12,248.91
Uruguay,URY,2022-06-13,249.15
Uruguay,URY,2022-06-14,249.48
Uruguay,URY,2022-06-15,249.87
Uruguay,URY,2022-06-16,250.03
Uruguay,URY,2022-06-17,250.54
Uruguay,URY,2022-06-18,250.54
Uruguay,URY,2022-06-20,250.86
Uruguay,URY,2022-06-21,251.15
Uruguay,URY,2022-06-22,251.44
Uruguay,URY,2022-06-23,251.79
Uruguay,URY,2022-06-24,252.23
Uruguay,URY,2022-06-25,252.23
Uruguay,URY,2022-06-26,252.23
Uruguay,URY,2022-06-27,252.58
Uruguay,URY,2022-06-28,252.85
Uruguay,URY,2022-06-29,253.11
Uruguay,URY,2022-06-30,253.33
Uruguay,URY,2022-07-01,253.34
Uruguay,URY,2022-07-02,253.34
Uruguay,URY,2022-07-04,253.4
Uruguay,URY,2022-07-05,253.54
Uruguay,URY,2022-07-06,253.63
Uruguay,URY,2022-07-07,253.69
Uruguay,URY,2022-07-08,253.75
Uruguay,URY,2022-07-09,253.75
Uruguay,URY,2022-07-11,253.8
Uruguay,URY,2022-07-12,253.9
Uruguay,URY,2022-07-13,253.95
Uruguay,URY,2022-07-14,253.99
Uruguay,URY,2022-07-15,254.02
Uruguay,URY,2022-07-19,254.08
Uruguay,URY,2022-07-20,254.1
Uruguay,URY,2022-07-21,254.13
Uruguay,URY,2022-07-22,254.16
Uruguay,URY,2022-07-25,254.17
Uruguay,URY,2022-07-26,254.22
Uruguay,URY,2022-07-27,254.24
Uruguay,URY,2022-07-28,254.27
Uruguay,URY,2022-07-29,254.29
Uruguay,URY,2022-07-30,254.29
Uruguay,URY,2022-08-01,254.31
Uruguay,URY,2022-08-02,254.36
Uruguay,URY,2022-08-03,254.37
Uzbekistan,UZB,2021-03-31,0
Uzbekistan,UZB,2021-04-06,0.1
Uzbekistan,UZB,2021-04-11,0.44
Uzbekistan,UZB,2021-04-14,0.75
Uzbekistan,UZB,2021-04-15,0.98
Uzbekistan,UZB,2021-04-20,1.35
Uzbekistan,UZB,2021-04-25,1.6
Uzbekistan,UZB,2021-04-27,1.76
Uzbekistan,UZB,2021-05-10,3.44
Uzbekistan,UZB,2021-05-12,3.77
Uzbekistan,UZB,2021-05-18,4.14
Uzbekistan,UZB,2021-05-23,4.7
Uzbekistan,UZB,2021-05-25,4.82
Uzbekistan,UZB,2021-06-01,6.27
Uzbekistan,UZB,2021-06-15,7.91
Uzbekistan,UZB,2021-07-20,17.03
Uzbekistan,UZB,2021-08-02,23.5
Uzbekistan,UZB,2021-08-05,25.43
Uzbekistan,UZB,2021-08-08,29.42
Uzbekistan,UZB,2021-08-10,31.29
Uzbekistan,UZB,2021-08-11,32.53
Uzbekistan,UZB,2021-08-12,33.4
Uzbekistan,UZB,2021-08-13,35.51
Uzbekistan,UZB,2021-08-16,35.99
Uzbekistan,UZB,2021-08-17,36.36
Uzbekistan,UZB,2021-08-18,36.67
Uzbekistan,UZB,2021-08-21,37.41
Uzbekistan,UZB,2021-08-23,37.65
Uzbekistan,UZB,2021-08-24,38.03
Uzbekistan,UZB,2021-08-25,38.63
Uzbekistan,UZB,2021-08-26,39.52
Uzbekistan,UZB,2021-08-28,41.16
Uzbekistan,UZB,2021-08-30,42.07
Uzbekistan,UZB,2021-08-31,42.93
Uzbekistan,UZB,2021-09-04,44.03
Uzbekistan,UZB,2021-09-06,45.06
Uzbekistan,UZB,2021-09-07,46.06
Uzbekistan,UZB,2021-09-08,46.88
Uzbekistan,UZB,2021-09-15,51.16
Uzbekistan,UZB,2021-09-21,55.03
Uzbekistan,UZB,2021-09-24,57
Uzbekistan,UZB,2021-09-25,57.71
Uzbekistan,UZB,2021-09-27,58.59
Uzbekistan,UZB,2021-09-28,59.33
Uzbekistan,UZB,2021-09-29,60.17
Uzbekistan,UZB,2021-09-30,60.98
Uzbekistan,UZB,2021-10-02,61.72
Uzbekistan,UZB,2021-10-04,62.47
Uzbekistan,UZB,2021-10-05,63.15
Uzbekistan,UZB,2021-10-06,63.8
Uzbekistan,UZB,2021-10-07,64.49
Uzbekistan,UZB,2021-10-13,66.67
Uzbekistan,UZB,2021-10-14,68.02
Uzbekistan,UZB,2021-10-15,68.71
Uzbekistan,UZB,2021-10-16,69.38
Uzbekistan,UZB,2021-10-17,69.97
Uzbekistan,UZB,2021-10-19,70.67
Uzbekistan,UZB,2021-10-20,71.3
Uzbekistan,UZB,2021-10-21,71.91
Uzbekistan,UZB,2021-10-22,72.5
Uzbekistan,UZB,2021-10-23,73.09
Uzbekistan,UZB,2021-10-24,73.65
Uzbekistan,UZB,2021-10-26,74.23
Uzbekistan,UZB,2021-10-27,74.74
Uzbekistan,UZB,2021-10-28,75.28
Uzbekistan,UZB,2021-10-29,75.8
Uzbekistan,UZB,2021-10-30,76.38
Uzbekistan,UZB,2021-11-02,77.67
Uzbekistan,UZB,2021-11-03,78.43
Uzbekistan,UZB,2021-11-07,81.7
Uzbekistan,UZB,2021-11-09,82.66
Uzbekistan,UZB,2021-11-10,83.61
Uzbekistan,UZB,2021-11-11,84.57
Uzbekistan,UZB,2021-11-12,85.49
Uzbekistan,UZB,2021-11-13,86.42
Uzbekistan,UZB,2021-11-14,87.25
Uzbekistan,UZB,2021-11-16,88.06
Uzbekistan,UZB,2021-11-17,88.95
Uzbekistan,UZB,2021-11-18,89.76
Uzbekistan,UZB,2021-11-19,90.64
Uzbekistan,UZB,2021-11-20,91.52
Uzbekistan,UZB,2021-11-21,92.4
Uzbekistan,UZB,2021-11-23,93.32
Uzbekistan,UZB,2021-11-26,96.25
Uzbekistan,UZB,2021-11-27,97.18
Uzbekistan,UZB,2021-11-28,98.02
Uzbekistan,UZB,2021-11-30,98.8
Uzbekistan,UZB,2021-12-02,100.3
Uzbekistan,UZB,2021-12-04,101.7
Uzbekistan,UZB,2021-12-05,102.33
Uzbekistan,UZB,2021-12-07,103.04
Uzbekistan,UZB,2021-12-08,103.73
Uzbekistan,UZB,2021-12-10,104.49
Uzbekistan,UZB,2021-12-11,105.17
Uzbekistan,UZB,2021-12-14,106.52
Uzbekistan,UZB,2021-12-15,107.2
Uzbekistan,UZB,2021-12-16,107.82
Uzbekistan,UZB,2021-12-17,108.41
Uzbekistan,UZB,2021-12-18,109.01
Uzbekistan,UZB,2021-12-19,109.58
Uzbekistan,UZB,2021-12-21,110.17
Uzbekistan,UZB,2021-12-22,110.75
Uzbekistan,UZB,2021-12-23,111.31
Uzbekistan,UZB,2021-12-24,111.88
Uzbekistan,UZB,2021-12-25,112.44
Uzbekistan,UZB,2021-12-28,113.5
Uzbekistan,UZB,2021-12-29,114.03
Uzbekistan,UZB,2021-12-30,114.54
Uzbekistan,UZB,2022-01-06,115.47
Uzbekistan,UZB,2022-01-07,115.91
Uzbekistan,UZB,2022-01-08,116.37
Uzbekistan,UZB,2022-01-11,117.22
Uzbekistan,UZB,2022-01-12,117.64
Uzbekistan,UZB,2022-01-30,117.85
Uzbekistan,UZB,2022-02-06,119.93
Uzbekistan,UZB,2022-02-13,121.93
Uzbekistan,UZB,2022-02-20,123.59
Uzbekistan,UZB,2022-03-06,127.82
Uzbekistan,UZB,2022-03-13,129.62
Uzbekistan,UZB,2022-03-27,132.28
Uzbekistan,UZB,2022-04-03,134.41
Uzbekistan,UZB,2022-04-10,136.64
Uzbekistan,UZB,2022-04-17,139.13
Uzbekistan,UZB,2022-04-24,141.68
Uzbekistan,UZB,2022-05-15,147.98
Uzbekistan,UZB,2022-05-22,150.8
Uzbekistan,UZB,2022-05-29,153.73
Uzbekistan,UZB,2022-06-05,155.98
Uzbekistan,UZB,2022-06-19,161
Uzbekistan,UZB,2022-06-26,163.68
Uzbekistan,UZB,2022-07-10,170.74
Vanuatu,VUT,2021-06-01,0
Vanuatu,VUT,2021-06-03,0.08
Vanuatu,VUT,2021-06-08,0.27
Vanuatu,VUT,2021-06-15,1.61
Vanuatu,VUT,2021-06-21,2.34
Vanuatu,VUT,2021-07-06,3.28
Vanuatu,VUT,2021-07-13,4.39
Vanuatu,VUT,2021-07-20,6.06
Vanuatu,VUT,2021-07-27,7.52
Vanuatu,VUT,2021-08-16,9.73
Vanuatu,VUT,2021-08-31,11.99
Vanuatu,VUT,2021-09-07,13.68
Vanuatu,VUT,2021-09-14,15.86
Vanuatu,VUT,2021-09-21,17.92
Vanuatu,VUT,2021-10-05,23.11
Vanuatu,VUT,2021-10-12,27.44
Vanuatu,VUT,2021-10-25,30.25
Vanuatu,VUT,2021-11-01,32.91
Vanuatu,VUT,2021-11-08,36.01
Vanuatu,VUT,2021-11-15,38.5
Vanuatu,VUT,2021-11-22,40.6
Vanuatu,VUT,2021-12-06,44.34
Vanuatu,VUT,2021-12-13,46.25
Vanuatu,VUT,2021-12-20,47.85
Vanuatu,VUT,2022-01-24,55.92
Vanuatu,VUT,2022-02-07,57.67
Vanuatu,VUT,2022-02-21,59.27
Vanuatu,VUT,2022-02-28,62.5
Vanuatu,VUT,2022-04-04,62.61
Vanuatu,VUT,2022-04-11,82.01
Vanuatu,VUT,2022-04-25,94.32
Vanuatu,VUT,2022-06-20,96.96
Vanuatu,VUT,2022-07-25,98.22
Venezuela,VEN,2021-02-17,0
Venezuela,VEN,2021-02-22,0
Venezuela,VEN,2021-03-04,0.04
Venezuela,VEN,2021-03-26,0.05
Venezuela,VEN,2021-04-02,0.35
Venezuela,VEN,2021-04-12,0.89
Venezuela,VEN,2021-05-19,1.12
Venezuela,VEN,2021-06-11,2.62
Venezuela,VEN,2021-06-18,4.62
Venezuela,VEN,2021-06-25,5.2
Venezuela,VEN,2021-07-05,8.89
Venezuela,VEN,2021-07-12,14.18
Venezuela,VEN,2021-08-17,16.59
Venezuela,VEN,2021-08-27,33.13
Venezuela,VEN,2021-09-10,39.34
Venezuela,VEN,2021-09-21,49.82
Venezuela,VEN,2021-09-27,55.73
Venezuela,VEN,2021-10-08,57.19
Venezuela,VEN,2021-11-05,82.12
Venezuela,VEN,2021-11-29,93.31
Venezuela,VEN,2021-12-17,106.56
Venezuela,VEN,2022-01-28,125.36
Venezuela,VEN,2022-02-04,131.07
Venezuela,VEN,2022-02-11,134.26
Venezuela,VEN,2022-03-25,134.26
Vietnam,VNM,2021-03-07,0
Vietnam,VNM,2021-03-08,0
Vietnam,VNM,2021-03-09,0
Vietnam,VNM,2021-03-10,0
Vietnam,VNM,2021-03-11,0
Vietnam,VNM,2021-03-12,0.01
Vietnam,VNM,2021-03-13,0.01
Vietnam,VNM,2021-03-14,0.01
Vietnam,VNM,2021-03-15,0.02
Vietnam,VNM,2021-03-16,0.02
Vietnam,VNM,2021-03-17,0.02
Vietnam,VNM,2021-03-18,0.03
Vietnam,VNM,2021-03-19,0.03
Vietnam,VNM,2021-03-20,0.03
Vietnam,VNM,2021-03-21,0.03
Vietnam,VNM,2021-03-22,0.04
Vietnam,VNM,2021-03-23,0.04
Vietnam,VNM,2021-03-24,0.04
Vietnam,VNM,2021-03-25,0.04
Vietnam,VNM,2021-03-26,0.05
Vietnam,VNM,2021-03-27,0.05
Vietnam,VNM,2021-03-28,0.05
Vietnam,VNM,2021-03-29,0.05
Vietnam,VNM,2021-03-30,0.05
Vietnam,VNM,2021-03-31,0.05
Vietnam,VNM,2021-04-01,0.05
Vietnam,VNM,2021-04-02,0.05
Vietnam,VNM,2021-04-03,0.05
Vietnam,VNM,2021-04-04,0.05
Vietnam,VNM,2021-04-05,0.05
Vietnam,VNM,2021-04-06,0.06
Vietnam,VNM,2021-04-07,0.06
Vietnam,VNM,2021-04-08,0.06
Vietnam,VNM,2021-04-09,0.06
Vietnam,VNM,2021-04-10,0.06
Vietnam,VNM,2021-04-11,0.06
Vietnam,VNM,2021-04-12,0.06
Vietnam,VNM,2021-04-13,0.06
Vietnam,VNM,2021-04-14,0.06
Vietnam,VNM,2021-04-15,0.07
Vietnam,VNM,2021-04-16,0.07
Vietnam,VNM,2021-04-17,0.07
Vietnam,VNM,2021-04-18,0.08
Vietnam,VNM,2021-04-19,0.08
Vietnam,VNM,2021-04-20,0.11
Vietnam,VNM,2021-04-21,0.11
Vietnam,VNM,2021-04-22,0.13
Vietnam,VNM,2021-04-23,0.18
Vietnam,VNM,2021-04-24,0.2
Vietnam,VNM,2021-04-25,0.22
Vietnam,VNM,2021-04-26,0.27
Vietnam,VNM,2021-04-27,0.33
Vietnam,VNM,2021-04-28,0.44
Vietnam,VNM,2021-04-29,0.52
Vietnam,VNM,2021-04-30,0.53
Vietnam,VNM,2021-05-10,0.92
Vietnam,VNM,2021-05-12,0.97
Vietnam,VNM,2021-05-13,0.98
Vietnam,VNM,2021-05-14,0.99
Vietnam,VNM,2021-05-15,1
Vietnam,VNM,2021-05-16,1
Vietnam,VNM,2021-05-18,1.04
Vietnam,VNM,2021-05-22,1.05
Vietnam,VNM,2021-05-26,1.06
Vietnam,VNM,2021-05-31,1.13
Vietnam,VNM,2021-06-02,1.14
Vietnam,VNM,2021-06-03,1.19
Vietnam,VNM,2021-06-04,1.25
Vietnam,VNM,2021-06-05,1.28
Vietnam,VNM,2021-06-06,1.28
Vietnam,VNM,2021-06-07,1.37
Vietnam,VNM,2021-06-08,1.39
Vietnam,VNM,2021-06-09,1.43
Vietnam,VNM,2021-06-10,1.45
Vietnam,VNM,2021-06-11,1.48
Vietnam,VNM,2021-06-12,1.49
Vietnam,VNM,2021-06-13,1.54
Vietnam,VNM,2021-06-14,1.59
Vietnam,VNM,2021-06-15,1.69
Vietnam,VNM,2021-06-16,1.82
Vietnam,VNM,2021-06-17,2.04
Vietnam,VNM,2021-06-18,2.29
Vietnam,VNM,2021-06-19,2.42
Vietnam,VNM,2021-06-20,2.49
Vietnam,VNM,2021-06-22,2.64
Vietnam,VNM,2021-06-23,2.69
Vietnam,VNM,2021-06-24,3
Vietnam,VNM,2021-06-25,3.17
Vietnam,VNM,2021-06-26,3.38
Vietnam,VNM,2021-06-27,3.47
Vietnam,VNM,2021-06-28,3.59
Vietnam,VNM,2021-06-29,3.69
Vietnam,VNM,2021-06-30,3.88
Vietnam,VNM,2021-07-01,3.91
Vietnam,VNM,2021-07-02,3.94
Vietnam,VNM,2021-07-03,3.97
Vietnam,VNM,2021-07-04,3.99
Vietnam,VNM,2021-07-05,4
Vietnam,VNM,2021-07-06,4.03
Vietnam,VNM,2021-07-07,4.06
Vietnam,VNM,2021-07-08,4.09
Vietnam,VNM,2021-07-09,4.11
Vietnam,VNM,2021-07-10,4.15
Vietnam,VNM,2021-07-11,4.16
Vietnam,VNM,2021-07-12,4.17
Vietnam,VNM,2021-07-13,4.19
Vietnam,VNM,2021-07-14,4.25
Vietnam,VNM,2021-07-15,4.29
Vietnam,VNM,2021-07-16,4.34
Vietnam,VNM,2021-07-17,4.37
Vietnam,VNM,2021-07-18,4.4
Vietnam,VNM,2021-07-19,4.42
Vietnam,VNM,2021-07-20,4.45
Vietnam,VNM,2021-07-21,4.48
Vietnam,VNM,2021-07-22,4.53
Vietnam,VNM,2021-07-23,4.6
Vietnam,VNM,2021-07-24,4.65
Vietnam,VNM,2021-07-25,4.73
Vietnam,VNM,2021-07-26,4.87
Vietnam,VNM,2021-07-27,5.14
Vietnam,VNM,2021-07-28,5.46
Vietnam,VNM,2021-07-29,5.67
Vietnam,VNM,2021-07-30,6.09
Vietnam,VNM,2021-07-31,6.37
Vietnam,VNM,2021-08-01,6.58
Vietnam,VNM,2021-08-02,7.14
Vietnam,VNM,2021-08-03,7.48
Vietnam,VNM,2021-08-04,7.75
Vietnam,VNM,2021-08-05,8.27
Vietnam,VNM,2021-08-06,8.75
Vietnam,VNM,2021-08-07,9.13
Vietnam,VNM,2021-08-08,9.65
Vietnam,VNM,2021-08-09,10.25
Vietnam,VNM,2021-08-10,11.64
Vietnam,VNM,2021-08-11,12.41
Vietnam,VNM,2021-08-12,13.6
Vietnam,VNM,2021-08-13,14.13
Vietnam,VNM,2021-08-14,14.81
Vietnam,VNM,2021-08-15,15.05
Vietnam,VNM,2021-08-16,15.67
Vietnam,VNM,2021-08-17,15.92
Vietnam,VNM,2021-08-18,16.34
Vietnam,VNM,2021-08-19,16.73
Vietnam,VNM,2021-08-20,16.92
Vietnam,VNM,2021-08-21,17.51
Vietnam,VNM,2021-08-22,17.82
Vietnam,VNM,2021-08-23,18.11
Vietnam,VNM,2021-08-24,18.57
Vietnam,VNM,2021-08-25,19
Vietnam,VNM,2021-08-26,19.33
Vietnam,VNM,2021-08-27,19.65
Vietnam,VNM,2021-08-28,19.94
Vietnam,VNM,2021-08-29,20.22
Vietnam,VNM,2021-08-30,20.49
Vietnam,VNM,2021-08-31,20.74
Vietnam,VNM,2021-09-01,21.08
Vietnam,VNM,2021-09-02,21.37
Vietnam,VNM,2021-09-03,21.59
Vietnam,VNM,2021-09-04,22
Vietnam,VNM,2021-09-05,22.58
Vietnam,VNM,2021-09-06,23.26
Vietnam,VNM,2021-09-07,24.19
Vietnam,VNM,2021-09-08,25.42
Vietnam,VNM,2021-09-09,26.6
Vietnam,VNM,2021-09-10,27.81
Vietnam,VNM,2021-09-11,28.95
Vietnam,VNM,2021-09-12,30.04
Vietnam,VNM,2021-09-13,31.14
Vietnam,VNM,2021-09-14,32.07
Vietnam,VNM,2021-09-15,33.14
Vietnam,VNM,2021-09-16,33.86
Vietnam,VNM,2021-09-17,34.43
Vietnam,VNM,2021-09-18,34.98
Vietnam,VNM,2021-09-19,35.45
Vietnam,VNM,2021-09-20,35.98
Vietnam,VNM,2021-09-21,36.6
Vietnam,VNM,2021-09-22,37.09
Vietnam,VNM,2021-09-23,37.75
Vietnam,VNM,2021-09-24,38.56
Vietnam,VNM,2021-09-25,39.36
Vietnam,VNM,2021-09-26,40.25
Vietnam,VNM,2021-09-27,41.14
Vietnam,VNM,2021-09-28,42.22
Vietnam,VNM,2021-09-29,43.26
Vietnam,VNM,2021-09-30,44
Vietnam,VNM,2021-10-01,44.79
Vietnam,VNM,2021-10-02,45.8
Vietnam,VNM,2021-10-03,46.68
Vietnam,VNM,2021-10-04,48.19
Vietnam,VNM,2021-10-05,49.41
Vietnam,VNM,2021-10-06,50.53
Vietnam,VNM,2021-10-08,53.32
Vietnam,VNM,2021-10-10,55.69
Vietnam,VNM,2021-10-11,56.66
Vietnam,VNM,2021-10-12,57.79
Vietnam,VNM,2021-10-13,58.95
Vietnam,VNM,2021-10-14,60.54
Vietnam,VNM,2021-10-16,63.53
Vietnam,VNM,2021-10-17,65.08
Vietnam,VNM,2021-10-18,66.68
Vietnam,VNM,2021-10-19,68.83
Vietnam,VNM,2021-10-20,70.6
Vietnam,VNM,2021-10-22,73.76
Vietnam,VNM,2021-10-23,74.82
Vietnam,VNM,2021-10-25,76.9
Vietnam,VNM,2021-10-26,77.94
Vietnam,VNM,2021-10-27,79.15
Vietnam,VNM,2021-10-28,80.99
Vietnam,VNM,2021-10-29,82.62
Vietnam,VNM,2021-10-30,83.49
Vietnam,VNM,2021-10-31,84.06
Vietnam,VNM,2021-11-01,85.29
Vietnam,VNM,2021-11-02,86.28
Vietnam,VNM,2021-11-03,87.09
Vietnam,VNM,2021-11-04,88.56
Vietnam,VNM,2021-11-06,91.95
Vietnam,VNM,2021-11-08,94.61
Vietnam,VNM,2021-11-09,96.4
Vietnam,VNM,2021-11-11,99.07
Vietnam,VNM,2021-11-12,100.37
Vietnam,VNM,2021-11-13,101.5
Vietnam,VNM,2021-11-14,102.34
Vietnam,VNM,2021-11-15,103.48
Vietnam,VNM,2021-11-16,104.68
Vietnam,VNM,2021-11-17,106.26
Vietnam,VNM,2021-11-19,109.31
Vietnam,VNM,2021-11-20,110.66
Vietnam,VNM,2021-11-21,111.75
Vietnam,VNM,2021-11-22,113.8
Vietnam,VNM,2021-11-23,115.88
Vietnam,VNM,2021-11-24,117.57
Vietnam,VNM,2021-11-25,119.35
Vietnam,VNM,2021-11-26,120.75
Vietnam,VNM,2021-11-27,121.85
Vietnam,VNM,2021-11-28,123.78
Vietnam,VNM,2021-11-29,125.25
Vietnam,VNM,2021-12-01,128.42
Vietnam,VNM,2021-12-02,129.23
Vietnam,VNM,2021-12-03,130.14
Vietnam,VNM,2021-12-05,131.15
Vietnam,VNM,2021-12-06,132.02
Vietnam,VNM,2021-12-07,132.77
Vietnam,VNM,2021-12-08,133.34
Vietnam,VNM,2021-12-09,134.44
Vietnam,VNM,2021-12-10,135.24
Vietnam,VNM,2021-12-11,135.7
Vietnam,VNM,2021-12-12,136.33
Vietnam,VNM,2021-12-14,138.72
Vietnam,VNM,2021-12-15,139.26
Vietnam,VNM,2021-12-17,141.15
Vietnam,VNM,2021-12-18,142.38
Vietnam,VNM,2021-12-23,147.25
Vietnam,VNM,2021-12-24,148.27
Vietnam,VNM,2021-12-25,149.38
Vietnam,VNM,2021-12-26,150.14
Vietnam,VNM,2021-12-28,152.05
Vietnam,VNM,2021-12-30,154.86
Vietnam,VNM,2022-01-02,157.59
Vietnam,VNM,2022-01-03,158.35
Vietnam,VNM,2022-01-05,160.98
Vietnam,VNM,2022-01-06,161.84
Vietnam,VNM,2022-01-08,164.19
Vietnam,VNM,2022-01-09,165.47
Vietnam,VNM,2022-01-10,166.59
Vietnam,VNM,2022-01-11,167.78
Vietnam,VNM,2022-01-13,169.82
Vietnam,VNM,2022-01-23,181.01
Vietnam,VNM,2022-01-24,182
Vietnam,VNM,2022-01-26,184.26
Vietnam,VNM,2022-01-28,185.58
Vietnam,VNM,2022-01-29,185.82
Vietnam,VNM,2022-01-30,185.99
Vietnam,VNM,2022-02-01,186.3
Vietnam,VNM,2022-02-02,186.38
Vietnam,VNM,2022-02-03,186.38
Vietnam,VNM,2022-02-04,186.38
Vietnam,VNM,2022-02-08,188.5
Vietnam,VNM,2022-02-09,188.91
Vietnam,VNM,2022-02-10,189.67
Vietnam,VNM,2022-02-11,190.07
Vietnam,VNM,2022-02-12,190.56
Vietnam,VNM,2022-02-13,190.83
Vietnam,VNM,2022-02-19,196.34
Vietnam,VNM,2022-02-20,196.65
Vietnam,VNM,2022-02-21,196.98
Vietnam,VNM,2022-02-22,197.4
Vietnam,VNM,2022-02-23,197.68
Vietnam,VNM,2022-02-24,197.88
Vietnam,VNM,2022-02-25,198.3
Vietnam,VNM,2022-02-26,198.43
Vietnam,VNM,2022-02-27,198.65
Vietnam,VNM,2022-02-28,200.04
Vietnam,VNM,2022-03-01,200.38
Vietnam,VNM,2022-03-02,200.76
Vietnam,VNM,2022-03-05,202.7
Vietnam,VNM,2022-03-06,203.05
Vietnam,VNM,2022-03-07,203.41
Vietnam,VNM,2022-03-08,203.81
Vietnam,VNM,2022-03-09,204.07
Vietnam,VNM,2022-03-12,205.38
Vietnam,VNM,2022-03-15,205.94
Vietnam,VNM,2022-03-18,206.8
Vietnam,VNM,2022-03-19,206.9
Vietnam,VNM,2022-03-20,207.07
Vietnam,VNM,2022-03-21,207.28
Vietnam,VNM,2022-03-22,208.42
Vietnam,VNM,2022-03-25,210.18
Vietnam,VNM,2022-03-26,210.33
Vietnam,VNM,2022-03-27,210.55
Vietnam,VNM,2022-03-28,210.83
Vietnam,VNM,2022-03-29,211.23
Vietnam,VNM,2022-03-31,211.7
Vietnam,VNM,2022-04-02,211.89
Vietnam,VNM,2022-04-05,212.62
Vietnam,VNM,2022-04-06,212.77
Vietnam,VNM,2022-04-08,213.88
Vietnam,VNM,2022-04-09,213.94
Vietnam,VNM,2022-04-12,214.24
Vietnam,VNM,2022-04-13,214.4
Vietnam,VNM,2022-04-14,214.53
Vietnam,VNM,2022-04-15,214.74
Vietnam,VNM,2022-04-16,214.93
Vietnam,VNM,2022-04-17,215.08
Vietnam,VNM,2022-04-18,215.27
Vietnam,VNM,2022-04-19,215.57
Vietnam,VNM,2022-04-20,216.03
Vietnam,VNM,2022-04-21,216.77
Vietnam,VNM,2022-04-23,217.91
Vietnam,VNM,2022-04-24,218.12
Vietnam,VNM,2022-04-25,218.6
Vietnam,VNM,2022-04-26,218.86
Vietnam,VNM,2022-04-27,219.2
Vietnam,VNM,2022-04-28,220.11
Vietnam,VNM,2022-04-29,220.35
Vietnam,VNM,2022-04-30,220.52
Vietnam,VNM,2022-05-01,220.58
Vietnam,VNM,2022-05-02,220.59
Vietnam,VNM,2022-05-03,220.61
Vietnam,VNM,2022-05-04,220.75
Vietnam,VNM,2022-05-05,220.95
Vietnam,VNM,2022-05-06,221.14
Vietnam,VNM,2022-05-07,221.29
Vietnam,VNM,2022-05-08,221.35
Vietnam,VNM,2022-05-09,221.45
Vietnam,VNM,2022-05-10,221.76
Vietnam,VNM,2022-05-12,222.14
Vietnam,VNM,2022-05-15,222.68
Vietnam,VNM,2022-05-16,223.02
Vietnam,VNM,2022-05-17,223.23
Vietnam,VNM,2022-05-18,223.81
Vietnam,VNM,2022-05-20,224.74
Vietnam,VNM,2022-05-21,224.78
Vietnam,VNM,2022-05-22,224.81
Vietnam,VNM,2022-05-24,225.51
Vietnam,VNM,2022-05-25,225.86
Vietnam,VNM,2022-05-26,226.17
Vietnam,VNM,2022-05-27,226.37
Vietnam,VNM,2022-05-29,226.51
Vietnam,VNM,2022-05-31,227.15
Vietnam,VNM,2022-06-01,227.31
Vietnam,VNM,2022-06-02,227.42
Vietnam,VNM,2022-06-03,227.65
Vietnam,VNM,2022-06-04,227.79
Vietnam,VNM,2022-06-05,227.84
Vietnam,VNM,2022-06-06,228.03
Vietnam,VNM,2022-06-07,228.16
Vietnam,VNM,2022-06-08,228.39
Vietnam,VNM,2022-06-09,228.86
Vietnam,VNM,2022-06-10,229.19
Vietnam,VNM,2022-06-11,229.32
Vietnam,VNM,2022-06-12,229.44
Vietnam,VNM,2022-06-13,229.79
Vietnam,VNM,2022-06-16,230.76
Vietnam,VNM,2022-06-17,231.11
Vietnam,VNM,2022-06-18,231.51
Vietnam,VNM,2022-06-19,231.7
Vietnam,VNM,2022-06-23,234.42
Vietnam,VNM,2022-06-24,235.16
Vietnam,VNM,2022-06-25,235.51
Vietnam,VNM,2022-06-26,235.83
Vietnam,VNM,2022-06-27,236.93
Vietnam,VNM,2022-06-29,238.16
Vietnam,VNM,2022-06-30,238.72
Vietnam,VNM,2022-07-02,239.53
Vietnam,VNM,2022-07-03,239.6
Vietnam,VNM,2022-07-07,240.96
Wales,,2021-01-10,2.72
Wales,,2021-01-11,2.88
Wales,,2021-01-12,3.2
Wales,,2021-01-13,3.57
Wales,,2021-01-14,3.99
Wales,,2021-01-17,4.79
Wales,,2021-01-18,5.12
Wales,,2021-01-19,5.56
Wales,,2021-01-20,6.02
Wales,,2021-01-21,6.71
Wales,,2021-01-22,7.6
Wales,,2021-01-23,8.36
Wales,,2021-01-24,8.56
Wales,,2021-01-25,9.15
Wales,,2021-01-26,9.87
Wales,,2021-01-27,10.62
Wales,,2021-01-28,11.45
Wales,,2021-01-29,11.95
Wales,,2021-01-30,12.75
Wales,,2021-01-31,13.16
Wales,,2021-02-01,13.9
Wales,,2021-02-02,14.63
Wales,,2021-02-03,15.51
Wales,,2021-02-04,16.55
Wales,,2021-02-05,17.65
Wales,,2021-02-06,18.68
Wales,,2021-02-07,19.14
Wales,,2021-02-08,19.94
Wales,,2021-02-09,20.79
Wales,,2021-02-10,21.7
Wales,,2021-02-11,22.71
Wales,,2021-02-12,23.78
Wales,,2021-02-13,24.49
Wales,,2021-02-14,24.93
Wales,,2021-02-15,25.34
Wales,,2021-02-16,25.88
Wales,,2021-02-17,26.56
Wales,,2021-02-18,27.27
Wales,,2021-02-19,27.95
Wales,,2021-02-20,28.32
Wales,,2021-02-21,28.55
Wales,,2021-02-22,29
Wales,,2021-02-23,29.58
Wales,,2021-02-24,30.26
Wales,,2021-02-25,30.99
Wales,,2021-02-26,31.72
Wales,,2021-02-27,32.18
Wales,,2021-02-28,32.48
Wales,,2021-03-01,32.97
Wales,,2021-03-02,33.65
Wales,,2021-03-03,34.42
Wales,,2021-03-04,35.39
Wales,,2021-03-05,36.33
Wales,,2021-03-06,36.94
Wales,,2021-03-07,37.29
Wales,,2021-03-08,37.84
Wales,,2021-03-09,38.66
Wales,,2021-03-10,39.62
Wales,,2021-03-11,40.82
Wales,,2021-03-12,42.09
Wales,,2021-03-13,43.25
Wales,,2021-03-14,43.76
Wales,,2021-03-15,44.57
Wales,,2021-03-16,45.63
Wales,,2021-03-17,46.83
Wales,,2021-03-18,48.05
Wales,,2021-03-19,49.25
Wales,,2021-03-20,50.4
Wales,,2021-03-21,51.08
Wales,,2021-03-22,51.79
Wales,,2021-03-23,52.67
Wales,,2021-03-24,53.6
Wales,,2021-03-25,54.61
Wales,,2021-03-26,55.71
Wales,,2021-03-27,56.79
Wales,,2021-03-28,57.34
Wales,,2021-03-29,57.97
Wales,,2021-03-30,58.84
Wales,,2021-03-31,59.73
Wales,,2021-04-01,60.59
Wales,,2021-04-02,61.08
Wales,,2021-04-03,61.49
Wales,,2021-04-04,61.77
Wales,,2021-04-05,61.91
Wales,,2021-04-06,62.4
Wales,,2021-04-07,63.23
Wales,,2021-04-08,64.21
Wales,,2021-04-09,65.17
Wales,,2021-04-10,66.18
Wales,,2021-04-11,66.75
Wales,,2021-04-12,67.51
Wales,,2021-04-13,68.47
Wales,,2021-04-14,69.4
Wales,,2021-04-15,70.4
Wales,,2021-04-16,71.36
Wales,,2021-04-17,72.14
Wales,,2021-04-18,72.41
Wales,,2021-04-19,72.87
Wales,,2021-04-20,73.66
Wales,,2021-04-21,74.55
Wales,,2021-04-22,75.58
Wales,,2021-04-23,76.61
Wales,,2021-04-24,77.46
Wales,,2021-04-25,77.82
Wales,,2021-04-26,78.44
Wales,,2021-04-27,79.36
Wales,,2021-04-28,80.41
Wales,,2021-04-29,81.38
Wales,,2021-04-30,82.4
Wales,,2021-05-01,82.79
Wales,,2021-05-02,83.05
Wales,,2021-05-03,83.18
Wales,,2021-05-04,83.79
Wales,,2021-05-05,84.65
Wales,,2021-05-06,85.52
Wales,,2021-05-07,86.46
Wales,,2021-05-08,87.22
Wales,,2021-05-09,87.73
Wales,,2021-05-10,88.43
Wales,,2021-05-11,89.12
Wales,,2021-05-12,90.02
Wales,,2021-05-13,90.93
Wales,,2021-05-14,91.85
Wales,,2021-05-15,92.58
Wales,,2021-05-16,92.91
Wales,,2021-05-17,93.47
Wales,,2021-05-18,94.17
Wales,,2021-05-19,94.97
Wales,,2021-05-20,95.88
Wales,,2021-05-21,96.71
Wales,,2021-05-22,97.56
Wales,,2021-05-23,97.88
Wales,,2021-05-24,98.57
Wales,,2021-05-25,99.38
Wales,,2021-05-26,100.27
Wales,,2021-05-27,101.24
Wales,,2021-05-28,102.15
Wales,,2021-05-29,102.63
Wales,,2021-05-30,102.84
Wales,,2021-05-31,103.02
Wales,,2021-06-01,103.81
Wales,,2021-06-02,104.7
Wales,,2021-06-03,105.71
Wales,,2021-06-04,106.74
Wales,,2021-06-05,107.79
Wales,,2021-06-06,108.29
Wales,,2021-06-07,109.02
Wales,,2021-06-08,109.85
Wales,,2021-06-09,110.72
Wales,,2021-06-10,111.61
Wales,,2021-06-11,112.48
Wales,,2021-06-12,113.28
Wales,,2021-06-13,113.59
Wales,,2021-06-14,114.48
Wales,,2021-06-15,115.28
Wales,,2021-06-16,116.07
Wales,,2021-06-17,116.8
Wales,,2021-06-18,117.47
Wales,,2021-06-19,118.15
Wales,,2021-06-20,118.46
Wales,,2021-06-21,119.04
Wales,,2021-06-22,119.73
Wales,,2021-06-23,120.43
Wales,,2021-06-24,121.11
Wales,,2021-06-25,121.7
Wales,,2021-06-26,122.11
Wales,,2021-06-27,122.41
Wales,,2021-06-28,122.96
Wales,,2021-06-29,123.58
Wales,,2021-06-30,124.21
Wales,,2021-07-01,124.82
Wales,,2021-07-02,125.39
Wales,,2021-07-03,125.79
Wales,,2021-07-04,126.04
Wales,,2021-07-05,126.57
Wales,,2021-07-06,127.2
Wales,,2021-07-07,127.83
Wales,,2021-07-08,128.35
Wales,,2021-07-09,128.77
Wales,,2021-07-10,129.3
Wales,,2021-07-11,129.56
Wales,,2021-07-12,130.03
Wales,,2021-07-13,130.56
Wales,,2021-07-14,131.07
Wales,,2021-07-15,131.58
Wales,,2021-07-16,132.05
Wales,,2021-07-17,132.49
Wales,,2021-07-18,132.73
Wales,,2021-07-19,133.02
Wales,,2021-07-20,133.46
Wales,,2021-07-21,133.9
Wales,,2021-07-22,134.36
Wales,,2021-07-23,134.77
Wales,,2021-07-24,135.08
Wales,,2021-07-25,135.37
Wales,,2021-07-26,135.75
Wales,,2021-07-27,136.12
Wales,,2021-07-28,136.57
Wales,,2021-07-29,136.96
Wales,,2021-07-30,137.21
Wales,,2021-07-31,137.49
Wales,,2021-08-01,137.63
Wales,,2021-08-02,137.9
Wales,,2021-08-03,138.22
Wales,,2021-08-04,138.53
Wales,,2021-08-05,138.79
Wales,,2021-08-06,139.01
Wales,,2021-08-07,139.25
Wales,,2021-08-08,139.42
Wales,,2021-08-09,139.57
Wales,,2021-08-10,139.77
Wales,,2021-08-11,139.98
Wales,,2021-08-12,140.16
Wales,,2021-08-13,140.35
Wales,,2021-08-14,140.52
Wales,,2021-08-15,140.66
Wales,,2021-08-16,140.79
Wales,,2021-08-17,141.02
Wales,,2021-08-18,141.23
Wales,,2021-08-19,141.45
Wales,,2021-08-20,141.65
Wales,,2021-08-21,141.86
Wales,,2021-08-22,141.98
Wales,,2021-08-23,142.14
Wales,,2021-08-24,142.36
Wales,,2021-08-25,142.54
Wales,,2021-08-26,142.72
Wales,,2021-08-27,142.88
Wales,,2021-08-28,142.95
Wales,,2021-08-29,142.99
Wales,,2021-08-30,143
Wales,,2021-08-31,143.1
Wales,,2021-09-01,143.21
Wales,,2021-09-02,143.37
Wales,,2021-09-03,143.5
Wales,,2021-09-04,143.58
Wales,,2021-09-05,143.64
Wales,,2021-09-06,143.69
Wales,,2021-09-07,143.78
Wales,,2021-09-08,143.84
Wales,,2021-09-09,143.92
Wales,,2021-09-10,144.01
Wales,,2021-09-11,144.09
Wales,,2021-09-12,144.13
Wales,,2021-09-13,144.18
Wales,,2021-09-14,144.26
Wales,,2021-09-15,144.33
Wales,,2021-09-16,144.39
Wales,,2021-09-17,144.47
Wales,,2021-09-18,144.54
Wales,,2021-09-19,144.57
Wales,,2021-09-20,144.63
Wales,,2021-09-21,144.69
Wales,,2021-09-22,144.74
Wales,,2021-09-23,144.77
Wales,,2021-09-24,144.82
Wales,,2021-09-25,144.9
Wales,,2021-09-26,144.98
Wales,,2021-09-27,145.02
Wales,,2021-09-28,145.05
Wales,,2021-09-29,145.08
Wales,,2021-09-30,145.12
Wales,,2021-10-01,145.15
Wales,,2021-10-02,145.27
Wales,,2021-10-03,145.42
Wales,,2021-10-04,145.47
Wales,,2021-10-05,145.5
Wales,,2021-10-06,145.59
Wales,,2021-10-07,145.66
Wales,,2021-10-08,145.7
Wales,,2021-10-09,145.89
Wales,,2021-10-10,146.08
Wales,,2021-10-11,146.13
Wales,,2021-10-12,146.21
Wales,,2021-10-13,146.28
Wales,,2021-10-14,146.34
Wales,,2021-10-15,146.43
Wales,,2021-10-16,146.61
Wales,,2021-10-17,146.77
Wales,,2021-10-18,146.83
Wales,,2021-10-19,146.89
Wales,,2021-10-20,146.97
Wales,,2021-10-21,157.2
Wales,,2021-10-22,157.85
Wales,,2021-10-23,158.33
Wales,,2021-10-24,158.63
Wales,,2021-10-25,159.46
Wales,,2021-10-26,159.94
Wales,,2021-10-27,160.48
Wales,,2021-10-28,161.01
Wales,,2021-10-29,161.54
Wales,,2021-10-30,161.98
Wales,,2021-10-31,162.28
Wales,,2021-11-01,162.76
Wales,,2021-11-02,163.35
Wales,,2021-11-03,163.88
Wales,,2021-11-04,164.44
Wales,,2021-11-05,165.01
Wales,,2021-11-06,165.5
Wales,,2021-11-07,165.87
Wales,,2021-11-08,166.36
Wales,,2021-11-09,166.91
Wales,,2021-11-10,167.5
Wales,,2021-11-11,168.07
Wales,,2021-11-12,168.65
Wales,,2021-11-13,169.15
Wales,,2021-11-14,169.52
Wales,,2021-11-15,169.93
Wales,,2021-11-16,170.52
Wales,,2021-11-17,171.02
Wales,,2021-11-18,171.62
Wales,,2021-11-19,172.15
Wales,,2021-11-20,172.62
Wales,,2021-11-21,173.07
Wales,,2021-11-22,173.48
Wales,,2021-11-23,174
Wales,,2021-11-24,174.51
Wales,,2021-11-25,175.03
Wales,,2021-11-26,175.54
Wales,,2021-11-27,176.09
Wales,,2021-11-28,176.62
Wales,,2021-11-29,177.16
Wales,,2021-11-30,177.75
Wales,,2021-12-01,178.35
Wales,,2021-12-02,178.96
Wales,,2021-12-03,179.52
Wales,,2021-12-04,180.12
Wales,,2021-12-05,180.73
Wales,,2021-12-06,181.33
Wales,,2021-12-07,181.99
Wales,,2021-12-08,182.69
Wales,,2021-12-09,183.39
Wales,,2021-12-10,184.04
Wales,,2021-12-11,184.77
Wales,,2021-12-12,185.4
Wales,,2021-12-13,186.3
Wales,,2021-12-14,187.36
Wales,,2021-12-15,188.41
Wales,,2021-12-16,189.55
Wales,,2021-12-17,190.71
Wales,,2021-12-18,191.91
Wales,,2021-12-19,193.42
Wales,,2021-12-20,194.94
Wales,,2021-12-21,196.63
Wales,,2021-12-22,198.19
Wales,,2021-12-23,199.47
Wales,,2021-12-24,199.9
Wales,,2021-12-25,199.9
Wales,,2021-12-27,200.72
Wales,,2021-12-28,201.84
Wales,,2021-12-29,203.04
Wales,,2021-12-30,204.1
Wales,,2021-12-31,204.51
Wales,,2022-01-01,204.51
Wales,,2022-01-02,204.69
Wales,,2022-01-03,204.93
Wales,,2022-01-04,205.65
Wales,,2022-01-05,206.28
Wales,,2022-01-06,206.83
Wales,,2022-01-07,207.39
Wales,,2022-01-08,207.92
Wales,,2022-01-09,208.35
Wales,,2022-01-10,208.78
Wales,,2022-01-11,209.18
Wales,,2022-01-12,209.54
Wales,,2022-01-13,209.83
Wales,,2022-01-14,210.16
Wales,,2022-01-15,210.51
Wales,,2022-01-16,210.77
Wales,,2022-01-17,210.98
Wales,,2022-01-18,211.19
Wales,,2022-01-19,211.38
Wales,,2022-01-20,211.6
Wales,,2022-01-21,211.75
Wales,,2022-01-22,212.09
Wales,,2022-01-23,212.34
Wales,,2022-01-24,212.48
Wales,,2022-01-25,212.61
Wales,,2022-01-26,212.74
Wales,,2022-01-27,212.88
Wales,,2022-01-28,213.06
Wales,,2022-01-29,213.25
Wales,,2022-01-30,213.38
Wales,,2022-01-31,213.51
Wales,,2022-02-01,213.64
Wales,,2022-02-02,213.77
Wales,,2022-02-03,213.91
Wales,,2022-02-04,214.02
Wales,,2022-02-05,214.12
Wales,,2022-02-06,214.21
Wales,,2022-02-07,214.3
Wales,,2022-02-08,214.4
Wales,,2022-02-09,214.51
Wales,,2022-02-10,214.63
Wales,,2022-02-11,214.74
Wales,,2022-02-12,214.82
Wales,,2022-02-13,214.9
Wales,,2022-02-14,214.97
Wales,,2022-02-15,215.78
Wales,,2022-02-16,215.87
Wales,,2022-02-17,215.96
Wales,,2022-02-18,215.98
Wales,,2022-02-19,216.08
Wales,,2022-02-20,216.13
Wales,,2022-02-21,216.22
Wales,,2022-02-22,216.29
Wales,,2022-02-23,216.38
Wales,,2022-02-24,216.45
Wales,,2022-02-25,216.54
Wales,,2022-02-26,216.61
Wales,,2022-02-27,216.66
Wales,,2022-02-28,216.74
Wales,,2022-03-01,216.84
Wales,,2022-03-02,216.92
Wales,,2022-03-03,216.98
Wales,,2022-03-04,217.06
Wales,,2022-03-05,217.14
Wales,,2022-03-06,217.2
Wales,,2022-03-07,217.26
Wales,,2022-03-08,217.35
Wales,,2022-03-09,217.44
Wales,,2022-03-10,217.51
Wales,,2022-03-11,217.59
Wales,,2022-03-12,217.64
Wales,,2022-03-13,217.7
Wales,,2022-03-14,217.76
Wales,,2022-03-15,217.82
Wales,,2022-03-16,217.89
Wales,,2022-03-17,217.96
Wales,,2022-03-18,218.03
Wales,,2022-03-19,218.08
Wales,,2022-03-20,218.13
Wales,,2022-03-21,218.18
Wales,,2022-03-22,218.22
Wales,,2022-03-23,218.28
Wales,,2022-03-24,218.33
Wales,,2022-03-25,218.4
Wales,,2022-03-26,218.41
Wales,,2022-03-27,218.46
Wales,,2022-03-28,218.53
Wales,,2022-03-29,218.58
Wales,,2022-03-30,218.65
Wales,,2022-03-31,218.72
Wales,,2022-04-01,218.78
Wales,,2022-04-02,218.86
Wales,,2022-04-03,218.91
Wales,,2022-04-04,218.95
Wales,,2022-04-05,219.01
Wales,,2022-04-06,219.06
Wales,,2022-04-07,219.12
Wales,,2022-04-08,219.18
Wales,,2022-04-09,219.27
Wales,,2022-04-10,219.33
Wales,,2022-04-11,219.4
Wales,,2022-04-12,219.45
Wales,,2022-04-13,219.51
Wales,,2022-04-14,219.59
Wales,,2022-04-15,219.61
Wales,,2022-04-16,219.63
Wales,,2022-04-17,219.63
Wales,,2022-04-18,219.63
Wales,,2022-04-19,219.71
Wales,,2022-04-20,219.78
Wales,,2022-04-21,223.77
Wales,,2022-04-22,224.11
Wales,,2022-04-23,224.36
Wales,,2022-04-24,224.56
Wales,,2022-04-25,224.8
Wales,,2022-04-26,225.08
Wales,,2022-04-27,225.36
Wales,,2022-04-28,225.73
Wales,,2022-04-29,226.01
Wales,,2022-04-30,226.2
Wales,,2022-05-01,226.31
Wales,,2022-05-02,226.37
Wales,,2022-05-03,226.6
Wales,,2022-05-04,226.84
Wales,,2022-05-05,227.06
Wales,,2022-05-06,227.24
Wales,,2022-05-07,227.37
Wales,,2022-05-08,227.48
Wales,,2022-05-09,227.64
Wales,,2022-05-10,227.82
Wales,,2022-05-11,228.01
Wales,,2022-05-12,228.18
Wales,,2022-05-13,228.36
Wales,,2022-05-14,228.47
Wales,,2022-05-15,228.57
Wales,,2022-05-16,228.67
Wales,,2022-05-17,228.8
Wales,,2022-05-18,228.96
Wales,,2022-05-19,229.11
Wales,,2022-05-20,229.27
Wales,,2022-05-21,229.38
Wales,,2022-05-22,229.47
Wales,,2022-05-23,229.56
Wales,,2022-05-24,229.67
Wales,,2022-05-25,229.8
Wales,,2022-05-26,229.88
Wales,,2022-05-27,230.01
Wales,,2022-05-28,230.09
Wales,,2022-05-29,230.16
Wales,,2022-05-30,230.28
Wales,,2022-05-31,230.41
Wales,,2022-06-01,230.42
Wales,,2022-06-02,230.54
Wales,,2022-06-03,230.54
Wales,,2022-06-04,230.54
Wales,,2022-06-05,230.56
Wales,,2022-06-06,230.64
Wales,,2022-06-07,230.75
Wales,,2022-06-08,230.84
Wales,,2022-06-09,230.93
Wales,,2022-06-10,231.03
Wales,,2022-06-11,231.09
Wales,,2022-06-12,231.18
Wales,,2022-06-13,231.24
Wales,,2022-06-14,231.32
Wales,,2022-06-15,231.41
Wales,,2022-06-16,231.51
Wales,,2022-06-17,231.6
Wales,,2022-06-18,231.71
Wales,,2022-06-19,231.78
Wales,,2022-06-20,231.83
Wales,,2022-06-21,231.92
Wales,,2022-06-22,232.01
Wales,,2022-06-23,232.1
Wales,,2022-06-24,232.18
Wales,,2022-06-25,232.28
Wales,,2022-06-26,232.37
Wales,,2022-06-27,232.43
Wales,,2022-06-28,232.52
Wales,,2022-06-29,232.6
Wales,,2022-06-30,232.69
Wales,,2022-07-01,232.73
Wales,,2022-07-02,232.82
Wales,,2022-07-03,232.87
Wales,,2022-07-04,232.9
Wales,,2022-07-05,232.95
Wales,,2022-07-06,232.97
Wales,,2022-07-07,233.01
Wales,,2022-07-08,233.04
Wales,,2022-07-09,233.08
Wales,,2022-07-10,233.12
Wales,,2022-07-11,233.14
Wales,,2022-07-12,233.18
Wales,,2022-07-13,233.21
Wales,,2022-07-14,233.26
Wales,,2022-07-15,233.28
Wales,,2022-07-16,233.32
Wales,,2022-07-17,233.35
Wales,,2022-07-18,233.38
Wales,,2022-07-19,233.41
Wales,,2022-07-20,233.45
Wales,,2022-07-21,233.5
Wales,,2022-07-22,233.53
Wales,,2022-07-23,233.57
Wales,,2022-07-24,233.59
Wales,,2022-07-25,233.63
Wales,,2022-07-26,233.68
Wales,,2022-07-27,233.71
Wallis and Futuna,WLF,2021-03-23,11.06
Wallis and Futuna,WLF,2021-03-30,27.44
Wallis and Futuna,WLF,2021-04-07,33.47
Wallis and Futuna,WLF,2021-04-13,34.17
Wallis and Futuna,WLF,2021-04-20,34.94
Wallis and Futuna,WLF,2021-04-27,48.49
Wallis and Futuna,WLF,2021-05-04,49.06
Wallis and Futuna,WLF,2021-05-11,49.66
Wallis and Futuna,WLF,2021-05-18,70.31
Wallis and Futuna,WLF,2021-05-25,71.24
Wallis and Futuna,WLF,2021-06-01,71.94
Wallis and Futuna,WLF,2021-06-08,73.66
Wallis and Futuna,WLF,2021-06-15,74.46
Wallis and Futuna,WLF,2021-06-21,75.98
Wallis and Futuna,WLF,2021-06-29,76.83
Wallis and Futuna,WLF,2021-07-06,77.08
Wallis and Futuna,WLF,2021-07-13,78.37
Wallis and Futuna,WLF,2021-07-20,78.76
Wallis and Futuna,WLF,2021-08-02,80.61
Wallis and Futuna,WLF,2021-08-09,81.18
Wallis and Futuna,WLF,2021-08-16,82
Wallis and Futuna,WLF,2021-08-23,83.22
Wallis and Futuna,WLF,2021-08-31,84.3
Wallis and Futuna,WLF,2021-09-14,85.16
Wallis and Futuna,WLF,2021-09-21,87.99
Wallis and Futuna,WLF,2021-09-28,89.77
Wallis and Futuna,WLF,2021-10-05,93.26
Wallis and Futuna,WLF,2021-10-12,94.68
Wallis and Futuna,WLF,2021-10-18,95.48
Wallis and Futuna,WLF,2021-10-25,97.71
Wallis and Futuna,WLF,2021-11-01,99.57
Wallis and Futuna,WLF,2021-11-08,101.26
Wallis and Futuna,WLF,2021-11-15,101.99
Wallis and Futuna,WLF,2021-11-22,102.37
Wallis and Futuna,WLF,2021-11-30,102.68
Wallis and Futuna,WLF,2022-01-11,105.33
Wallis and Futuna,WLF,2022-01-18,105.68
Wallis and Futuna,WLF,2022-02-28,110.51
Wallis and Futuna,WLF,2022-03-21,111.29
Wallis and Futuna,WLF,2022-03-28,112.44
Wallis and Futuna,WLF,2022-04-04,138.47
Wallis and Futuna,WLF,2022-04-11,140.08
Wallis and Futuna,WLF,2022-04-25,140.84
Wallis and Futuna,WLF,2022-05-02,141.27
World,OWID_WRL,2020-12-02,0
World,OWID_WRL,2020-12-03,0
World,OWID_WRL,2020-12-04,0
World,OWID_WRL,2020-12-05,0
World,OWID_WRL,2020-12-06,0
World,OWID_WRL,2020-12-07,0
World,OWID_WRL,2020-12-08,0
World,OWID_WRL,2020-12-09,0
World,OWID_WRL,2020-12-10,0
World,OWID_WRL,2020-12-11,0
World,OWID_WRL,2020-12-12,0
World,OWID_WRL,2020-12-13,0
World,OWID_WRL,2020-12-14,0
World,OWID_WRL,2020-12-15,0.02
World,OWID_WRL,2020-12-16,0.02
World,OWID_WRL,2020-12-17,0.03
World,OWID_WRL,2020-12-18,0.03
World,OWID_WRL,2020-12-19,0.03
World,OWID_WRL,2020-12-20,0.04
World,OWID_WRL,2020-12-21,0.04
World,OWID_WRL,2020-12-22,0.05
World,OWID_WRL,2020-12-23,0.06
World,OWID_WRL,2020-12-24,0.06
World,OWID_WRL,2020-12-25,0.06
World,OWID_WRL,2020-12-26,0.06
World,OWID_WRL,2020-12-27,0.07
World,OWID_WRL,2020-12-28,0.08
World,OWID_WRL,2020-12-29,0.09
World,OWID_WRL,2020-12-30,0.1
World,OWID_WRL,2020-12-31,0.15
World,OWID_WRL,2021-01-01,0.15
World,OWID_WRL,2021-01-02,0.17
World,OWID_WRL,2021-01-03,0.17
World,OWID_WRL,2021-01-04,0.19
World,OWID_WRL,2021-01-05,0.22
World,OWID_WRL,2021-01-06,0.23
World,OWID_WRL,2021-01-07,0.26
World,OWID_WRL,2021-01-08,0.28
World,OWID_WRL,2021-01-09,0.35
World,OWID_WRL,2021-01-10,0.39
World,OWID_WRL,2021-01-11,0.42
World,OWID_WRL,2021-01-12,0.44
World,OWID_WRL,2021-01-13,0.49
World,OWID_WRL,2021-01-14,0.53
World,OWID_WRL,2021-01-15,0.57
World,OWID_WRL,2021-01-16,0.59
World,OWID_WRL,2021-01-17,0.6
World,OWID_WRL,2021-01-18,0.63
World,OWID_WRL,2021-01-19,0.67
World,OWID_WRL,2021-01-20,0.78
World,OWID_WRL,2021-01-21,0.82
World,OWID_WRL,2021-01-22,0.87
World,OWID_WRL,2021-01-23,0.91
World,OWID_WRL,2021-01-24,0.92
World,OWID_WRL,2021-01-25,0.97
World,OWID_WRL,2021-01-26,1.11
World,OWID_WRL,2021-01-27,1.16
World,OWID_WRL,2021-01-28,1.22
World,OWID_WRL,2021-01-29,1.28
World,OWID_WRL,2021-01-30,1.32
World,OWID_WRL,2021-01-31,1.35
World,OWID_WRL,2021-02-01,1.4
World,OWID_WRL,2021-02-02,1.45
World,OWID_WRL,2021-02-03,1.6
World,OWID_WRL,2021-02-04,1.67
World,OWID_WRL,2021-02-05,1.74
World,OWID_WRL,2021-02-06,1.78
World,OWID_WRL,2021-02-07,1.8
World,OWID_WRL,2021-02-08,1.85
World,OWID_WRL,2021-02-09,2.02
World,OWID_WRL,2021-02-10,2.09
World,OWID_WRL,2021-02-11,2.16
World,OWID_WRL,2021-02-12,2.25
World,OWID_WRL,2021-02-13,2.3
World,OWID_WRL,2021-02-14,2.33
World,OWID_WRL,2021-02-15,2.38
World,OWID_WRL,2021-02-16,2.45
World,OWID_WRL,2021-02-17,2.52
World,OWID_WRL,2021-02-18,2.6
World,OWID_WRL,2021-02-19,2.68
World,OWID_WRL,2021-02-20,2.73
World,OWID_WRL,2021-02-21,2.76
World,OWID_WRL,2021-02-22,2.81
World,OWID_WRL,2021-02-23,2.88
World,OWID_WRL,2021-02-24,2.96
World,OWID_WRL,2021-02-25,3.06
World,OWID_WRL,2021-02-26,3.15
World,OWID_WRL,2021-02-27,3.22
World,OWID_WRL,2021-02-28,3.4
World,OWID_WRL,2021-03-01,3.47
World,OWID_WRL,2021-03-02,3.62
World,OWID_WRL,2021-03-03,3.72
World,OWID_WRL,2021-03-04,3.84
World,OWID_WRL,2021-03-05,3.96
World,OWID_WRL,2021-03-06,4.05
World,OWID_WRL,2021-03-07,4.09
World,OWID_WRL,2021-03-08,4.19
World,OWID_WRL,2021-03-09,4.3
World,OWID_WRL,2021-03-10,4.43
World,OWID_WRL,2021-03-11,4.54
World,OWID_WRL,2021-03-12,4.68
World,OWID_WRL,2021-03-13,4.77
World,OWID_WRL,2021-03-14,4.98
World,OWID_WRL,2021-03-15,5.11
World,OWID_WRL,2021-03-16,5.23
World,OWID_WRL,2021-03-17,5.37
World,OWID_WRL,2021-03-18,5.5
World,OWID_WRL,2021-03-19,5.67
World,OWID_WRL,2021-03-20,5.91
World,OWID_WRL,2021-03-21,5.96
World,OWID_WRL,2021-03-22,6.16
World,OWID_WRL,2021-03-23,6.33
World,OWID_WRL,2021-03-24,6.52
World,OWID_WRL,2021-03-25,6.74
World,OWID_WRL,2021-03-26,7
World,OWID_WRL,2021-03-27,7.17
World,OWID_WRL,2021-03-28,7.28
World,OWID_WRL,2021-03-29,7.49
World,OWID_WRL,2021-03-30,7.69
World,OWID_WRL,2021-03-31,7.95
World,OWID_WRL,2021-04-01,8.22
World,OWID_WRL,2021-04-02,8.48
World,OWID_WRL,2021-04-03,8.64
World,OWID_WRL,2021-04-04,8.76
World,OWID_WRL,2021-04-05,8.95
World,OWID_WRL,2021-04-06,9.17
World,OWID_WRL,2021-04-07,9.42
World,OWID_WRL,2021-04-08,9.72
World,OWID_WRL,2021-04-09,10.02
World,OWID_WRL,2021-04-10,10.21
World,OWID_WRL,2021-04-11,10.35
World,OWID_WRL,2021-04-12,10.59
World,OWID_WRL,2021-04-13,10.81
World,OWID_WRL,2021-04-14,11.05
World,OWID_WRL,2021-04-15,11.29
World,OWID_WRL,2021-04-16,11.54
World,OWID_WRL,2021-04-17,11.7
World,OWID_WRL,2021-04-18,11.83
World,OWID_WRL,2021-04-19,12.03
World,OWID_WRL,2021-04-20,12.21
World,OWID_WRL,2021-04-21,12.45
World,OWID_WRL,2021-04-22,12.74
World,OWID_WRL,2021-04-23,12.98
World,OWID_WRL,2021-04-24,13.13
World,OWID_WRL,2021-04-25,13.35
World,OWID_WRL,2021-04-26,13.57
World,OWID_WRL,2021-04-27,13.83
World,OWID_WRL,2021-04-28,14.16
World,OWID_WRL,2021-04-29,14.47
World,OWID_WRL,2021-04-30,14.81
World,OWID_WRL,2021-05-01,14.98
World,OWID_WRL,2021-05-02,15.12
World,OWID_WRL,2021-05-03,15.3
World,OWID_WRL,2021-05-04,15.55
World,OWID_WRL,2021-05-05,15.81
World,OWID_WRL,2021-05-06,16.12
World,OWID_WRL,2021-05-07,16.48
World,OWID_WRL,2021-05-08,16.72
World,OWID_WRL,2021-05-09,16.89
World,OWID_WRL,2021-05-10,17.17
World,OWID_WRL,2021-05-11,17.49
World,OWID_WRL,2021-05-12,17.83
World,OWID_WRL,2021-05-13,18.17
World,OWID_WRL,2021-05-14,18.51
World,OWID_WRL,2021-05-15,18.8
World,OWID_WRL,2021-05-16,19.08
World,OWID_WRL,2021-05-17,19.42
World,OWID_WRL,2021-05-18,19.78
World,OWID_WRL,2021-05-19,20.14
World,OWID_WRL,2021-05-20,20.57
World,OWID_WRL,2021-05-21,20.98
World,OWID_WRL,2021-05-22,21.32
World,OWID_WRL,2021-05-23,21.6
World,OWID_WRL,2021-05-24,21.97
World,OWID_WRL,2021-05-25,22.39
World,OWID_WRL,2021-05-26,22.85
World,OWID_WRL,2021-05-27,23.27
World,OWID_WRL,2021-05-28,23.72
World,OWID_WRL,2021-05-29,24.11
World,OWID_WRL,2021-05-30,24.46
World,OWID_WRL,2021-05-31,24.93
World,OWID_WRL,2021-06-01,25.42
World,OWID_WRL,2021-06-02,25.93
World,OWID_WRL,2021-06-03,26.37
World,OWID_WRL,2021-06-04,26.9
World,OWID_WRL,2021-06-05,27.29
World,OWID_WRL,2021-06-06,27.62
World,OWID_WRL,2021-06-07,28.02
World,OWID_WRL,2021-06-08,28.46
World,OWID_WRL,2021-06-09,28.93
World,OWID_WRL,2021-06-10,29.43
World,OWID_WRL,2021-06-11,29.93
World,OWID_WRL,2021-06-12,30.3
World,OWID_WRL,2021-06-13,30.64
World,OWID_WRL,2021-06-14,31
World,OWID_WRL,2021-06-15,31.5
World,OWID_WRL,2021-06-16,32.02
World,OWID_WRL,2021-06-17,32.59
World,OWID_WRL,2021-06-18,33.17
World,OWID_WRL,2021-06-19,33.63
World,OWID_WRL,2021-06-20,34.05
World,OWID_WRL,2021-06-21,34.59
World,OWID_WRL,2021-06-22,35.15
World,OWID_WRL,2021-06-23,35.7
World,OWID_WRL,2021-06-24,36.31
World,OWID_WRL,2021-06-25,36.92
World,OWID_WRL,2021-06-26,37.43
World,OWID_WRL,2021-06-27,37.87
World,OWID_WRL,2021-06-28,38.36
World,OWID_WRL,2021-06-29,38.88
World,OWID_WRL,2021-06-30,39.37
World,OWID_WRL,2021-07-01,39.92
World,OWID_WRL,2021-07-02,40.4
World,OWID_WRL,2021-07-03,40.82
World,OWID_WRL,2021-07-04,41.13
World,OWID_WRL,2021-07-05,41.54
World,OWID_WRL,2021-07-06,41.96
World,OWID_WRL,2021-07-07,42.38
World,OWID_WRL,2021-07-08,42.88
World,OWID_WRL,2021-07-09,43.25
World,OWID_WRL,2021-07-10,43.61
World,OWID_WRL,2021-07-11,43.88
World,OWID_WRL,2021-07-12,44.25
World,OWID_WRL,2021-07-13,44.7
World,OWID_WRL,2021-07-14,45.16
World,OWID_WRL,2021-07-15,45.6
World,OWID_WRL,2021-07-16,46.04
World,OWID_WRL,2021-07-17,46.39
World,OWID_WRL,2021-07-18,46.65
World,OWID_WRL,2021-07-19,47.07
World,OWID_WRL,2021-07-20,47.5
World,OWID_WRL,2021-07-21,47.91
World,OWID_WRL,2021-07-22,48.4
World,OWID_WRL,2021-07-23,48.9
World,OWID_WRL,2021-07-24,49.28
World,OWID_WRL,2021-07-25,49.63
World,OWID_WRL,2021-07-26,50.15
World,OWID_WRL,2021-07-27,50.67
World,OWID_WRL,2021-07-28,51.21
World,OWID_WRL,2021-07-29,51.79
World,OWID_WRL,2021-07-30,52.36
World,OWID_WRL,2021-07-31,52.76
World,OWID_WRL,2021-08-01,53.26
World,OWID_WRL,2021-08-02,53.76
World,OWID_WRL,2021-08-03,54.46
World,OWID_WRL,2021-08-04,54.96
World,OWID_WRL,2021-08-05,55.48
World,OWID_WRL,2021-08-06,56
World,OWID_WRL,2021-08-07,56.4
World,OWID_WRL,2021-08-08,56.8
World,OWID_WRL,2021-08-09,57.31
World,OWID_WRL,2021-08-10,57.79
World,OWID_WRL,2021-08-11,58.27
World,OWID_WRL,2021-08-12,58.7
World,OWID_WRL,2021-08-13,59.29
World,OWID_WRL,2021-08-14,59.68
World,OWID_WRL,2021-08-15,59.97
World,OWID_WRL,2021-08-16,60.5
World,OWID_WRL,2021-08-17,60.99
World,OWID_WRL,2021-08-18,61.47
World,OWID_WRL,2021-08-19,61.92
World,OWID_WRL,2021-08-20,62.46
World,OWID_WRL,2021-08-21,62.86
World,OWID_WRL,2021-08-22,63.21
World,OWID_WRL,2021-08-23,63.63
World,OWID_WRL,2021-08-24,64.18
World,OWID_WRL,2021-08-25,64.74
World,OWID_WRL,2021-08-26,65.26
World,OWID_WRL,2021-08-27,65.93
World,OWID_WRL,2021-08-28,66.4
World,OWID_WRL,2021-08-29,66.88
World,OWID_WRL,2021-08-30,67.3
World,OWID_WRL,2021-08-31,67.82
World,OWID_WRL,2021-09-01,68.39
World,OWID_WRL,2021-09-02,68.81
World,OWID_WRL,2021-09-03,69.19
World,OWID_WRL,2021-09-04,69.52
World,OWID_WRL,2021-09-05,69.93
World,OWID_WRL,2021-09-06,70.25
World,OWID_WRL,2021-09-07,70.69
World,OWID_WRL,2021-09-08,71.18
World,OWID_WRL,2021-09-09,71.66
World,OWID_WRL,2021-09-10,72.05
World,OWID_WRL,2021-09-11,72.49
World,OWID_WRL,2021-09-12,72.92
World,OWID_WRL,2021-09-13,73.31
World,OWID_WRL,2021-09-14,73.65
World,OWID_WRL,2021-09-15,74.05
World,OWID_WRL,2021-09-16,74.44
World,OWID_WRL,2021-09-17,74.79
World,OWID_WRL,2021-09-18,75.3
World,OWID_WRL,2021-09-19,75.64
World,OWID_WRL,2021-09-20,75.96
World,OWID_WRL,2021-09-21,76.33
World,OWID_WRL,2021-09-22,76.68
World,OWID_WRL,2021-09-23,77.09
World,OWID_WRL,2021-09-24,77.47
World,OWID_WRL,2021-09-25,77.74
World,OWID_WRL,2021-09-26,77.97
World,OWID_WRL,2021-09-27,78.56
World,OWID_WRL,2021-09-28,78.9
World,OWID_WRL,2021-09-29,79.3
World,OWID_WRL,2021-09-30,79.68
World,OWID_WRL,2021-10-01,79.98
World,OWID_WRL,2021-10-02,80.25
World,OWID_WRL,2021-10-03,80.53
World,OWID_WRL,2021-10-04,80.81
World,OWID_WRL,2021-10-05,81.23
World,OWID_WRL,2021-10-06,81.53
World,OWID_WRL,2021-10-07,81.83
World,OWID_WRL,2021-10-08,82.24
World,OWID_WRL,2021-10-09,82.51
World,OWID_WRL,2021-10-10,82.86
World,OWID_WRL,2021-10-11,83.11
World,OWID_WRL,2021-10-12,83.4
World,OWID_WRL,2021-10-13,83.69
World,OWID_WRL,2021-10-14,83.98
World,OWID_WRL,2021-10-15,84.24
World,OWID_WRL,2021-10-16,84.43
World,OWID_WRL,2021-10-17,84.75
World,OWID_WRL,2021-10-18,85.13
World,OWID_WRL,2021-10-19,85.47
World,OWID_WRL,2021-10-20,85.92
World,OWID_WRL,2021-10-21,86.26
World,OWID_WRL,2021-10-22,86.61
World,OWID_WRL,2021-10-23,86.96
World,OWID_WRL,2021-10-24,87.24
World,OWID_WRL,2021-10-25,87.51
World,OWID_WRL,2021-10-26,87.86
World,OWID_WRL,2021-10-27,88.16
World,OWID_WRL,2021-10-28,88.54
World,OWID_WRL,2021-10-29,89.02
World,OWID_WRL,2021-10-30,89.44
World,OWID_WRL,2021-10-31,89.85
World,OWID_WRL,2021-11-01,90.15
World,OWID_WRL,2021-11-02,90.5
World,OWID_WRL,2021-11-03,90.87
World,OWID_WRL,2021-11-04,91.28
World,OWID_WRL,2021-11-05,91.72
World,OWID_WRL,2021-11-06,92.07
World,OWID_WRL,2021-11-07,92.42
World,OWID_WRL,2021-11-08,92.78
World,OWID_WRL,2021-11-09,93.21
World,OWID_WRL,2021-11-10,93.7
World,OWID_WRL,2021-11-11,94.12
World,OWID_WRL,2021-11-12,94.55
World,OWID_WRL,2021-11-13,94.98
World,OWID_WRL,2021-11-14,95.32
World,OWID_WRL,2021-11-15,95.64
World,OWID_WRL,2021-11-16,95.99
World,OWID_WRL,2021-11-17,96.4
World,OWID_WRL,2021-11-18,96.78
World,OWID_WRL,2021-11-19,97.21
World,OWID_WRL,2021-11-20,97.64
World,OWID_WRL,2021-11-21,97.98
World,OWID_WRL,2021-11-22,98.35
World,OWID_WRL,2021-11-23,98.74
World,OWID_WRL,2021-11-24,99.23
World,OWID_WRL,2021-11-25,99.57
World,OWID_WRL,2021-11-26,100.06
World,OWID_WRL,2021-11-27,100.43
World,OWID_WRL,2021-11-28,100.93
World,OWID_WRL,2021-11-29,101.35
World,OWID_WRL,2021-11-30,101.88
World,OWID_WRL,2021-12-01,102.42
World,OWID_WRL,2021-12-02,102.91
World,OWID_WRL,2021-12-03,103.34
World,OWID_WRL,2021-12-04,103.81
World,OWID_WRL,2021-12-05,104.21
World,OWID_WRL,2021-12-06,104.58
World,OWID_WRL,2021-12-07,104.97
World,OWID_WRL,2021-12-08,105.43
World,OWID_WRL,2021-12-09,105.93
World,OWID_WRL,2021-12-10,106.33
World,OWID_WRL,2021-12-11,106.89
World,OWID_WRL,2021-12-12,107.27
World,OWID_WRL,2021-12-13,107.64
World,OWID_WRL,2021-12-14,108.16
World,OWID_WRL,2021-12-15,108.66
World,OWID_WRL,2021-12-16,109.07
World,OWID_WRL,2021-12-17,109.64
World,OWID_WRL,2021-12-18,110.07
World,OWID_WRL,2021-12-19,110.5
World,OWID_WRL,2021-12-20,111.06
World,OWID_WRL,2021-12-21,111.55
World,OWID_WRL,2021-12-22,111.98
World,OWID_WRL,2021-12-23,112.52
World,OWID_WRL,2021-12-24,112.97
World,OWID_WRL,2021-12-25,113.31
World,OWID_WRL,2021-12-26,113.63
World,OWID_WRL,2021-12-27,114.05
World,OWID_WRL,2021-12-28,114.63
World,OWID_WRL,2021-12-29,115.14
World,OWID_WRL,2021-12-30,115.61
World,OWID_WRL,2021-12-31,116.04
World,OWID_WRL,2022-01-01,116.27
World,OWID_WRL,2022-01-02,116.49
World,OWID_WRL,2022-01-03,116.9
World,OWID_WRL,2022-01-04,117.39
World,OWID_WRL,2022-01-05,117.83
World,OWID_WRL,2022-01-06,118.28
World,OWID_WRL,2022-01-07,118.75
World,OWID_WRL,2022-01-08,119.03
World,OWID_WRL,2022-01-09,119.44
World,OWID_WRL,2022-01-10,120.16
World,OWID_WRL,2022-01-11,120.62
World,OWID_WRL,2022-01-12,121.04
World,OWID_WRL,2022-01-13,121.5
World,OWID_WRL,2022-01-14,121.84
World,OWID_WRL,2022-01-15,122.17
World,OWID_WRL,2022-01-16,122.54
World,OWID_WRL,2022-01-17,122.94
World,OWID_WRL,2022-01-18,123.24
World,OWID_WRL,2022-01-19,123.72
World,OWID_WRL,2022-01-20,124.06
World,OWID_WRL,2022-01-21,124.48
World,OWID_WRL,2022-01-22,124.76
World,OWID_WRL,2022-01-23,125.16
World,OWID_WRL,2022-01-24,125.47
World,OWID_WRL,2022-01-25,125.77
World,OWID_WRL,2022-01-26,126.11
World,OWID_WRL,2022-01-27,126.4
World,OWID_WRL,2022-01-28,126.79
World,OWID_WRL,2022-01-29,127.02
World,OWID_WRL,2022-01-30,127.24
World,OWID_WRL,2022-01-31,127.51
World,OWID_WRL,2022-02-01,127.75
World,OWID_WRL,2022-02-02,128
World,OWID_WRL,2022-02-03,128.2
World,OWID_WRL,2022-02-04,128.48
World,OWID_WRL,2022-02-05,128.67
World,OWID_WRL,2022-02-06,129.53
World,OWID_WRL,2022-02-07,129.79
World,OWID_WRL,2022-02-08,130.12
World,OWID_WRL,2022-02-09,130.48
World,OWID_WRL,2022-02-10,130.77
World,OWID_WRL,2022-02-11,131.15
World,OWID_WRL,2022-02-12,131.38
World,OWID_WRL,2022-02-13,131.72
World,OWID_WRL,2022-02-14,131.99
World,OWID_WRL,2022-02-15,132.26
World,OWID_WRL,2022-02-16,132.55
World,OWID_WRL,2022-02-17,132.86
World,OWID_WRL,2022-02-18,133.43
World,OWID_WRL,2022-02-19,133.81
World,OWID_WRL,2022-02-20,134.03
World,OWID_WRL,2022-02-21,134.39
World,OWID_WRL,2022-02-22,134.68
World,OWID_WRL,2022-02-23,134.92
World,OWID_WRL,2022-02-24,135.21
World,OWID_WRL,2022-02-25,135.47
World,OWID_WRL,2022-02-26,135.67
World,OWID_WRL,2022-02-27,135.84
World,OWID_WRL,2022-02-28,136.44
World,OWID_WRL,2022-03-01,136.61
World,OWID_WRL,2022-03-02,136.82
World,OWID_WRL,2022-03-03,137.01
World,OWID_WRL,2022-03-04,137.23
World,OWID_WRL,2022-03-05,137.5
World,OWID_WRL,2022-03-06,137.83
World,OWID_WRL,2022-03-07,138.02
World,OWID_WRL,2022-03-08,138.22
World,OWID_WRL,2022-03-09,138.44
World,OWID_WRL,2022-03-10,138.65
World,OWID_WRL,2022-03-11,138.85
World,OWID_WRL,2022-03-12,139.03
World,OWID_WRL,2022-03-13,139.2
World,OWID_WRL,2022-03-14,139.38
World,OWID_WRL,2022-03-15,139.6
World,OWID_WRL,2022-03-16,139.8
World,OWID_WRL,2022-03-17,139.98
World,OWID_WRL,2022-03-18,140.19
World,OWID_WRL,2022-03-19,140.33
World,OWID_WRL,2022-03-20,140.47
World,OWID_WRL,2022-03-21,140.62
World,OWID_WRL,2022-03-22,140.83
World,OWID_WRL,2022-03-23,141.05
World,OWID_WRL,2022-03-24,141.27
World,OWID_WRL,2022-03-25,141.45
World,OWID_WRL,2022-03-26,141.61
World,OWID_WRL,2022-03-27,141.79
World,OWID_WRL,2022-03-28,142.07
World,OWID_WRL,2022-03-29,142.33
World,OWID_WRL,2022-03-30,142.56
World,OWID_WRL,2022-03-31,143
World,OWID_WRL,2022-04-01,143.11
World,OWID_WRL,2022-04-02,143.18
World,OWID_WRL,2022-04-03,143.32
World,OWID_WRL,2022-04-04,143.5
World,OWID_WRL,2022-04-05,143.65
World,OWID_WRL,2022-04-06,143.78
World,OWID_WRL,2022-04-07,143.94
World,OWID_WRL,2022-04-08,144.09
World,OWID_WRL,2022-04-09,144.21
World,OWID_WRL,2022-04-10,144.4
World,OWID_WRL,2022-04-11,144.53
World,OWID_WRL,2022-04-12,144.68
World,OWID_WRL,2022-04-13,144.82
World,OWID_WRL,2022-04-14,144.93
World,OWID_WRL,2022-04-15,145.01
World,OWID_WRL,2022-04-16,145.06
World,OWID_WRL,2022-04-17,145.19
World,OWID_WRL,2022-04-18,145.33
World,OWID_WRL,2022-04-19,145.47
World,OWID_WRL,2022-04-20,145.58
World,OWID_WRL,2022-04-21,145.72
World,OWID_WRL,2022-04-22,145.84
World,OWID_WRL,2022-04-23,145.96
World,OWID_WRL,2022-04-24,146.08
World,OWID_WRL,2022-04-25,146.19
World,OWID_WRL,2022-04-26,146.45
World,OWID_WRL,2022-04-27,146.59
World,OWID_WRL,2022-04-28,146.71
World,OWID_WRL,2022-04-29,146.84
World,OWID_WRL,2022-04-30,146.94
World,OWID_WRL,2022-05-01,147.15
World,OWID_WRL,2022-05-02,147.21
World,OWID_WRL,2022-05-03,147.28
World,OWID_WRL,2022-05-04,147.34
World,OWID_WRL,2022-05-05,147.4
World,OWID_WRL,2022-05-06,147.56
World,OWID_WRL,2022-05-07,147.63
World,OWID_WRL,2022-05-08,147.73
World,OWID_WRL,2022-05-09,147.8
World,OWID_WRL,2022-05-10,147.9
World,OWID_WRL,2022-05-11,148.01
World,OWID_WRL,2022-05-12,148.1
World,OWID_WRL,2022-05-13,148.23
World,OWID_WRL,2022-05-14,148.3
World,OWID_WRL,2022-05-15,148.42
World,OWID_WRL,2022-05-16,148.49
World,OWID_WRL,2022-05-17,148.55
World,OWID_WRL,2022-05-18,148.66
World,OWID_WRL,2022-05-19,148.73
World,OWID_WRL,2022-05-20,148.86
World,OWID_WRL,2022-05-21,148.92
World,OWID_WRL,2022-05-22,149.13
World,OWID_WRL,2022-05-23,149.19
World,OWID_WRL,2022-05-24,149.3
World,OWID_WRL,2022-05-25,149.37
World,OWID_WRL,2022-05-26,149.46
World,OWID_WRL,2022-05-27,149.56
World,OWID_WRL,2022-05-28,149.62
World,OWID_WRL,2022-05-29,149.71
World,OWID_WRL,2022-05-30,149.79
World,OWID_WRL,2022-05-31,149.86
World,OWID_WRL,2022-06-01,149.94
World,OWID_WRL,2022-06-02,149.99
World,OWID_WRL,2022-06-03,150.1
World,OWID_WRL,2022-06-04,150.17
World,OWID_WRL,2022-06-05,150.31
World,OWID_WRL,2022-06-06,150.4
World,OWID_WRL,2022-06-07,150.64
World,OWID_WRL,2022-06-08,150.81
World,OWID_WRL,2022-06-09,150.88
World,OWID_WRL,2022-06-10,150.98
World,OWID_WRL,2022-06-11,151.04
World,OWID_WRL,2022-06-12,151.15
World,OWID_WRL,2022-06-13,151.22
World,OWID_WRL,2022-06-14,151.31
World,OWID_WRL,2022-06-15,151.41
World,OWID_WRL,2022-06-16,151.5
World,OWID_WRL,2022-06-17,151.59
World,OWID_WRL,2022-06-18,151.73
World,OWID_WRL,2022-06-19,151.92
World,OWID_WRL,2022-06-20,152.05
World,OWID_WRL,2022-06-21,152.14
World,OWID_WRL,2022-06-22,152.21
World,OWID_WRL,2022-06-23,152.33
World,OWID_WRL,2022-06-24,152.42
World,OWID_WRL,2022-06-25,152.48
World,OWID_WRL,2022-06-26,152.83
World,OWID_WRL,2022-06-27,152.94
World,OWID_WRL,2022-06-28,153
World,OWID_WRL,2022-06-29,153.13
World,OWID_WRL,2022-06-30,153.2
World,OWID_WRL,2022-07-01,153.26
World,OWID_WRL,2022-07-02,153.32
World,OWID_WRL,2022-07-03,153.45
World,OWID_WRL,2022-07-04,153.51
World,OWID_WRL,2022-07-05,153.58
World,OWID_WRL,2022-07-06,153.65
World,OWID_WRL,2022-07-07,153.76
World,OWID_WRL,2022-07-08,153.86
World,OWID_WRL,2022-07-09,153.89
World,OWID_WRL,2022-07-10,154.12
World,OWID_WRL,2022-07-11,154.23
World,OWID_WRL,2022-07-12,154.33
World,OWID_WRL,2022-07-13,154.4
World,OWID_WRL,2022-07-14,154.5
World,OWID_WRL,2022-07-15,154.61
World,OWID_WRL,2022-07-16,154.65
World,OWID_WRL,2022-07-17,154.79
World,OWID_WRL,2022-07-18,154.89
World,OWID_WRL,2022-07-19,155.1
World,OWID_WRL,2022-07-20,155.18
World,OWID_WRL,2022-07-21,155.29
World,OWID_WRL,2022-07-22,155.39
World,OWID_WRL,2022-07-23,155.48
World,OWID_WRL,2022-07-24,155.59
World,OWID_WRL,2022-07-25,155.66
World,OWID_WRL,2022-07-26,155.77
World,OWID_WRL,2022-07-27,155.86
World,OWID_WRL,2022-07-28,155.95
World,OWID_WRL,2022-07-29,156.04
World,OWID_WRL,2022-07-30,156.12
World,OWID_WRL,2022-07-31,156.17
World,OWID_WRL,2022-08-01,156.22
World,OWID_WRL,2022-08-02,156.28
World,OWID_WRL,2022-08-03,156.31
World excl. China,,2020-12-02,0
World excl. China,,2020-12-03,0
World excl. China,,2020-12-04,0
World excl. China,,2020-12-05,0
World excl. China,,2020-12-06,0
World excl. China,,2020-12-07,0
World excl. China,,2020-12-08,0
World excl. China,,2020-12-09,0
World excl. China,,2020-12-10,0
World excl. China,,2020-12-11,0
World excl. China,,2020-12-12,0
World excl. China,,2020-12-13,0
World excl. China,,2020-12-14,0
World excl. China,,2020-12-15,0
World excl. China,,2020-12-16,0
World excl. China,,2020-12-17,0.01
World excl. China,,2020-12-18,0.02
World excl. China,,2020-12-19,0.02
World excl. China,,2020-12-20,0.02
World excl. China,,2020-12-21,0.03
World excl. China,,2020-12-22,0.03
World excl. China,,2020-12-23,0.04
World excl. China,,2020-12-24,0.05
World excl. China,,2020-12-25,0.05
World excl. China,,2020-12-26,0.05
World excl. China,,2020-12-27,0.06
World excl. China,,2020-12-28,0.07
World excl. China,,2020-12-29,0.08
World excl. China,,2020-12-30,0.1
World excl. China,,2020-12-31,0.11
World excl. China,,2021-01-01,0.12
World excl. China,,2021-01-02,0.14
World excl. China,,2021-01-03,0.14
World excl. China,,2021-01-04,0.16
World excl. China,,2021-01-05,0.19
World excl. China,,2021-01-06,0.22
World excl. China,,2021-01-07,0.24
World excl. China,,2021-01-08,0.28
World excl. China,,2021-01-09,0.29
World excl. China,,2021-01-10,0.38
World excl. China,,2021-01-11,0.41
World excl. China,,2021-01-12,0.45
World excl. China,,2021-01-13,0.5
World excl. China,,2021-01-14,0.55
World excl. China,,2021-01-15,0.6
World excl. China,,2021-01-16,0.63
World excl. China,,2021-01-17,0.65
World excl. China,,2021-01-18,0.69
World excl. China,,2021-01-19,0.74
World excl. China,,2021-01-20,0.8
World excl. China,,2021-01-21,0.86
World excl. China,,2021-01-22,0.93
World excl. China,,2021-01-23,0.98
World excl. China,,2021-01-24,1.01
World excl. China,,2021-01-25,1.06
World excl. China,,2021-01-26,1.12
World excl. China,,2021-01-27,1.19
World excl. China,,2021-01-28,1.26
World excl. China,,2021-01-29,1.35
World excl. China,,2021-01-30,1.4
World excl. China,,2021-01-31,1.43
World excl. China,,2021-02-01,1.49
World excl. China,,2021-02-02,1.56
World excl. China,,2021-02-03,1.64
World excl. China,,2021-02-04,1.73
World excl. China,,2021-02-05,1.82
World excl. China,,2021-02-06,1.88
World excl. China,,2021-02-07,1.91
World excl. China,,2021-02-08,1.97
World excl. China,,2021-02-09,2.05
World excl. China,,2021-02-10,2.15
World excl. China,,2021-02-11,2.24
World excl. China,,2021-02-12,2.35
World excl. China,,2021-02-13,2.42
World excl. China,,2021-02-14,2.46
World excl. China,,2021-02-15,2.53
World excl. China,,2021-02-16,2.61
World excl. China,,2021-02-17,2.71
World excl. China,,2021-02-18,2.82
World excl. China,,2021-02-19,2.92
World excl. China,,2021-02-20,2.98
World excl. China,,2021-02-21,3.02
World excl. China,,2021-02-22,3.09
World excl. China,,2021-02-23,3.18
World excl. China,,2021-02-24,3.29
World excl. China,,2021-02-25,3.41
World excl. China,,2021-02-26,3.54
World excl. China,,2021-02-27,3.62
World excl. China,,2021-02-28,3.67
World excl. China,,2021-03-01,3.76
World excl. China,,2021-03-02,3.93
World excl. China,,2021-03-03,4.07
World excl. China,,2021-03-04,4.22
World excl. China,,2021-03-05,4.37
World excl. China,,2021-03-06,4.49
World excl. China,,2021-03-07,4.55
World excl. China,,2021-03-08,4.67
World excl. China,,2021-03-09,4.81
World excl. China,,2021-03-10,4.97
World excl. China,,2021-03-11,5.11
World excl. China,,2021-03-12,5.29
World excl. China,,2021-03-13,5.41
World excl. China,,2021-03-14,5.47
World excl. China,,2021-03-15,5.64
World excl. China,,2021-03-16,5.8
World excl. China,,2021-03-17,5.97
World excl. China,,2021-03-18,6.15
World excl. China,,2021-03-19,6.37
World excl. China,,2021-03-20,6.51
World excl. China,,2021-03-21,6.59
World excl. China,,2021-03-22,6.75
World excl. China,,2021-03-23,6.92
World excl. China,,2021-03-24,7.12
World excl. China,,2021-03-25,7.32
World excl. China,,2021-03-26,7.54
World excl. China,,2021-03-27,7.69
World excl. China,,2021-03-28,7.77
World excl. China,,2021-03-29,7.96
World excl. China,,2021-03-30,8.16
World excl. China,,2021-03-31,8.39
World excl. China,,2021-04-01,8.64
World excl. China,,2021-04-02,8.85
World excl. China,,2021-04-03,9
World excl. China,,2021-04-04,9.1
World excl. China,,2021-04-05,9.29
World excl. China,,2021-04-06,9.52
World excl. China,,2021-04-07,9.78
World excl. China,,2021-04-08,10.06
World excl. China,,2021-04-09,10.34
World excl. China,,2021-04-10,10.53
World excl. China,,2021-04-11,10.66
World excl. China,,2021-04-12,10.89
World excl. China,,2021-04-13,11.1
World excl. China,,2021-04-14,11.35
World excl. China,,2021-04-15,11.59
World excl. China,,2021-04-16,11.83
World excl. China,,2021-04-17,12
World excl. China,,2021-04-18,12.13
World excl. China,,2021-04-19,12.33
World excl. China,,2021-04-20,12.51
World excl. China,,2021-04-21,12.73
World excl. China,,2021-04-22,12.98
World excl. China,,2021-04-23,13.21
World excl. China,,2021-04-24,13.34
World excl. China,,2021-04-25,13.53
World excl. China,,2021-04-26,13.74
World excl. China,,2021-04-27,13.97
World excl. China,,2021-04-28,14.25
World excl. China,,2021-04-29,14.5
World excl. China,,2021-04-30,14.74
World excl. China,,2021-05-01,14.87
World excl. China,,2021-05-02,14.97
World excl. China,,2021-05-03,15.13
World excl. China,,2021-05-04,15.36
World excl. China,,2021-05-05,15.61
World excl. China,,2021-05-06,15.87
World excl. China,,2021-05-07,16.15
World excl. China,,2021-05-08,16.31
World excl. China,,2021-05-09,16.43
World excl. China,,2021-05-10,16.64
World excl. China,,2021-05-11,16.89
World excl. China,,2021-05-12,17.13
World excl. China,,2021-05-13,17.36
World excl. China,,2021-05-14,17.58
World excl. China,,2021-05-15,17.75
World excl. China,,2021-05-16,17.88
World excl. China,,2021-05-17,18.07
World excl. China,,2021-05-18,18.31
World excl. China,,2021-05-19,18.54
World excl. China,,2021-05-20,18.81
World excl. China,,2021-05-21,19.06
World excl. China,,2021-05-22,19.27
World excl. China,,2021-05-23,19.41
World excl. China,,2021-05-24,19.62
World excl. China,,2021-05-25,19.84
World excl. China,,2021-05-26,20.1
World excl. China,,2021-05-27,20.35
World excl. China,,2021-05-28,20.62
World excl. China,,2021-05-29,20.83
World excl. China,,2021-05-30,20.98
World excl. China,,2021-05-31,21.21
World excl. China,,2021-06-01,21.5
World excl. China,,2021-06-02,21.78
World excl. China,,2021-06-03,22.04
World excl. China,,2021-06-04,22.37
World excl. China,,2021-06-05,22.58
World excl. China,,2021-06-06,22.76
World excl. China,,2021-06-07,23
World excl. China,,2021-06-08,23.32
World excl. China,,2021-06-09,23.65
World excl. China,,2021-06-10,23.94
World excl. China,,2021-06-11,24.28
World excl. China,,2021-06-12,24.51
World excl. China,,2021-06-13,24.71
World excl. China,,2021-06-14,24.98
World excl. China,,2021-06-15,25.29
World excl. China,,2021-06-16,25.61
World excl. China,,2021-06-17,25.98
World excl. China,,2021-06-18,26.34
World excl. China,,2021-06-19,26.59
World excl. China,,2021-06-20,26.82
World excl. China,,2021-06-21,27.16
World excl. China,,2021-06-22,27.51
World excl. China,,2021-06-23,27.81
World excl. China,,2021-06-24,28.18
World excl. China,,2021-06-25,28.57
World excl. China,,2021-06-26,28.88
World excl. China,,2021-06-27,29.1
World excl. China,,2021-06-28,29.37
World excl. China,,2021-06-29,29.73
World excl. China,,2021-06-30,30.03
World excl. China,,2021-07-01,30.41
World excl. China,,2021-07-02,30.71
World excl. China,,2021-07-03,31.02
World excl. China,,2021-07-04,31.26
World excl. China,,2021-07-05,31.57
World excl. China,,2021-07-06,31.87
World excl. China,,2021-07-07,32.22
World excl. China,,2021-07-08,32.65
World excl. China,,2021-07-09,32.94
World excl. China,,2021-07-10,33.24
World excl. China,,2021-07-11,33.45
World excl. China,,2021-07-12,33.77
World excl. China,,2021-07-13,34.16
World excl. China,,2021-07-14,34.52
World excl. China,,2021-07-15,34.89
World excl. China,,2021-07-16,35.26
World excl. China,,2021-07-17,35.54
World excl. China,,2021-07-18,35.71
World excl. China,,2021-07-19,36.07
World excl. China,,2021-07-20,36.41
World excl. China,,2021-07-21,36.72
World excl. China,,2021-07-22,37.07
World excl. China,,2021-07-23,37.42
World excl. China,,2021-07-24,37.68
World excl. China,,2021-07-25,37.92
World excl. China,,2021-07-26,38.32
World excl. China,,2021-07-27,38.69
World excl. China,,2021-07-28,39.08
World excl. China,,2021-07-29,39.51
World excl. China,,2021-07-30,39.92
World excl. China,,2021-07-31,40.18
World excl. China,,2021-08-01,40.54
World excl. China,,2021-08-02,40.85
World excl. China,,2021-08-03,41.41
World excl. China,,2021-08-04,41.75
World excl. China,,2021-08-05,42.14
World excl. China,,2021-08-06,42.53
World excl. China,,2021-08-07,42.83
World excl. China,,2021-08-08,43.14
World excl. China,,2021-08-09,43.56
World excl. China,,2021-08-10,43.96
World excl. China,,2021-08-11,44.35
World excl. China,,2021-08-12,44.69
World excl. China,,2021-08-13,45.23
World excl. China,,2021-08-14,45.57
World excl. China,,2021-08-15,45.79
World excl. China,,2021-08-16,46.24
World excl. China,,2021-08-17,46.66
World excl. China,,2021-08-18,47.05
World excl. China,,2021-08-19,47.42
World excl. China,,2021-08-20,47.88
World excl. China,,2021-08-21,48.2
World excl. China,,2021-08-22,48.46
World excl. China,,2021-08-23,48.75
World excl. China,,2021-08-24,49.2
World excl. China,,2021-08-25,49.7
World excl. China,,2021-08-26,50.09
World excl. China,,2021-08-27,50.67
World excl. China,,2021-08-28,51.04
World excl. China,,2021-08-29,51.45
World excl. China,,2021-08-30,51.8
World excl. China,,2021-08-31,52.25
World excl. China,,2021-09-01,52.81
World excl. China,,2021-09-02,53.2
World excl. China,,2021-09-03,53.54
World excl. China,,2021-09-04,53.83
World excl. China,,2021-09-05,54.21
World excl. China,,2021-09-06,54.52
World excl. China,,2021-09-07,54.97
World excl. China,,2021-09-08,55.49
World excl. China,,2021-09-09,55.99
World excl. China,,2021-09-10,56.39
World excl. China,,2021-09-11,56.82
World excl. China,,2021-09-12,57.25
World excl. China,,2021-09-13,57.66
World excl. China,,2021-09-14,58.01
World excl. China,,2021-09-15,58.42
World excl. China,,2021-09-16,58.84
World excl. China,,2021-09-17,59.2
World excl. China,,2021-09-18,59.76
World excl. China,,2021-09-19,60.12
World excl. China,,2021-09-20,60.46
World excl. China,,2021-09-21,60.89
World excl. China,,2021-09-22,61.26
World excl. China,,2021-09-23,61.69
World excl. China,,2021-09-24,62.1
World excl. China,,2021-09-25,62.39
World excl. China,,2021-09-26,62.63
World excl. China,,2021-09-27,63.29
World excl. China,,2021-09-28,63.68
World excl. China,,2021-09-29,64.12
World excl. China,,2021-09-30,64.55
World excl. China,,2021-10-01,64.91
World excl. China,,2021-10-02,65.24
World excl. China,,2021-10-03,65.57
World excl. China,,2021-10-04,65.9
World excl. China,,2021-10-05,66.4
World excl. China,,2021-10-06,66.76
World excl. China,,2021-10-07,67.11
World excl. China,,2021-10-08,67.59
World excl. China,,2021-10-09,67.9
World excl. China,,2021-10-10,68.32
World excl. China,,2021-10-11,68.6
World excl. China,,2021-10-12,68.93
World excl. China,,2021-10-13,69.28
World excl. China,,2021-10-14,69.61
World excl. China,,2021-10-15,69.9
World excl. China,,2021-10-16,70.12
World excl. China,,2021-10-17,70.49
World excl. China,,2021-10-18,70.93
World excl. China,,2021-10-19,71.31
World excl. China,,2021-10-20,71.84
World excl. China,,2021-10-21,72.22
World excl. China,,2021-10-22,72.62
World excl. China,,2021-10-23,73.02
World excl. China,,2021-10-24,73.35
World excl. China,,2021-10-25,73.64
World excl. China,,2021-10-26,74.03
World excl. China,,2021-10-27,74.36
World excl. China,,2021-10-28,74.78
World excl. China,,2021-10-29,75.3
World excl. China,,2021-10-30,75.72
World excl. China,,2021-10-31,76.13
World excl. China,,2021-11-01,76.43
World excl. China,,2021-11-02,76.76
World excl. China,,2021-11-03,77.09
World excl. China,,2021-11-04,77.46
World excl. China,,2021-11-05,77.86
World excl. China,,2021-11-06,78.14
World excl. China,,2021-11-07,78.44
World excl. China,,2021-11-08,78.76
World excl. China,,2021-11-09,79.16
World excl. China,,2021-11-10,79.63
World excl. China,,2021-11-11,80.03
World excl. China,,2021-11-12,80.43
World excl. China,,2021-11-13,80.82
World excl. China,,2021-11-14,81.11
World excl. China,,2021-11-15,81.41
World excl. China,,2021-11-16,81.74
World excl. China,,2021-11-17,82.14
World excl. China,,2021-11-18,82.51
World excl. China,,2021-11-19,82.94
World excl. China,,2021-11-20,83.35
World excl. China,,2021-11-21,83.67
World excl. China,,2021-11-22,84.03
World excl. China,,2021-11-23,84.42
World excl. China,,2021-11-24,84.91
World excl. China,,2021-11-25,85.22
World excl. China,,2021-11-26,85.69
World excl. China,,2021-11-27,85.99
World excl. China,,2021-11-28,86.47
World excl. China,,2021-11-29,86.87
World excl. China,,2021-11-30,87.39
World excl. China,,2021-12-01,87.93
World excl. China,,2021-12-02,88.41
World excl. China,,2021-12-03,88.81
World excl. China,,2021-12-04,89.23
World excl. China,,2021-12-05,89.58
World excl. China,,2021-12-06,89.92
World excl. China,,2021-12-07,90.29
World excl. China,,2021-12-08,90.75
World excl. China,,2021-12-09,91.25
World excl. China,,2021-12-10,91.6
World excl. China,,2021-12-11,92.12
World excl. China,,2021-12-12,92.45
World excl. China,,2021-12-13,92.77
World excl. China,,2021-12-14,93.28
World excl. China,,2021-12-15,93.74
World excl. China,,2021-12-16,94.1
World excl. China,,2021-12-17,94.63
World excl. China,,2021-12-18,94.99
World excl. China,,2021-12-19,95.37
World excl. China,,2021-12-20,95.9
World excl. China,,2021-12-21,96.33
World excl. China,,2021-12-22,96.68
World excl. China,,2021-12-23,97.14
World excl. China,,2021-12-24,97.49
World excl. China,,2021-12-25,97.72
World excl. China,,2021-12-26,97.93
World excl. China,,2021-12-27,98.25
World excl. China,,2021-12-28,98.76
World excl. China,,2021-12-29,99.16
World excl. China,,2021-12-30,99.54
World excl. China,,2021-12-31,99.89
World excl. China,,2022-01-01,100.08
World excl. China,,2022-01-02,100.24
World excl. China,,2022-01-03,100.63
World excl. China,,2022-01-04,101.1
World excl. China,,2022-01-05,101.51
World excl. China,,2022-01-06,101.94
World excl. China,,2022-01-07,102.41
World excl. China,,2022-01-08,102.66
World excl. China,,2022-01-09,103.07
World excl. China,,2022-01-10,103.86
World excl. China,,2022-01-11,104.33
World excl. China,,2022-01-12,104.74
World excl. China,,2022-01-13,105.23
World excl. China,,2022-01-14,105.56
World excl. China,,2022-01-15,105.9
World excl. China,,2022-01-16,106.29
World excl. China,,2022-01-17,106.71
World excl. China,,2022-01-18,106.99
World excl. China,,2022-01-19,107.51
World excl. China,,2022-01-20,107.86
World excl. China,,2022-01-21,108.3
World excl. China,,2022-01-22,108.59
World excl. China,,2022-01-23,109.02
World excl. China,,2022-01-24,109.32
World excl. China,,2022-01-25,109.62
World excl. China,,2022-01-26,109.95
World excl. China,,2022-01-27,110.22
World excl. China,,2022-01-28,110.62
World excl. China,,2022-01-29,110.84
World excl. China,,2022-01-30,111.08
World excl. China,,2022-01-31,111.4
World excl. China,,2022-02-01,111.69
World excl. China,,2022-02-02,111.99
World excl. China,,2022-02-03,112.23
World excl. China,,2022-02-04,112.56
World excl. China,,2022-02-05,112.77
World excl. China,,2022-02-06,113.77
World excl. China,,2022-02-07,114.04
World excl. China,,2022-02-08,114.36
World excl. China,,2022-02-09,114.7
World excl. China,,2022-02-10,114.94
World excl. China,,2022-02-11,115.29
World excl. China,,2022-02-12,115.5
World excl. China,,2022-02-13,115.85
World excl. China,,2022-02-14,116.09
World excl. China,,2022-02-15,116.35
World excl. China,,2022-02-16,116.6
World excl. China,,2022-02-17,116.89
World excl. China,,2022-02-18,117.49
World excl. China,,2022-02-19,117.87
World excl. China,,2022-02-20,118.08
World excl. China,,2022-02-21,118.44
World excl. China,,2022-02-22,118.7
World excl. China,,2022-02-23,118.91
World excl. China,,2022-02-24,119.16
World excl. China,,2022-02-25,119.38
World excl. China,,2022-02-26,119.55
World excl. China,,2022-02-27,119.68
World excl. China,,2022-02-28,120.33
World excl. China,,2022-03-01,120.45
World excl. China,,2022-03-02,120.62
World excl. China,,2022-03-03,120.77
World excl. China,,2022-03-04,120.95
World excl. China,,2022-03-05,121.21
World excl. China,,2022-03-06,121.55
World excl. China,,2022-03-07,121.71
World excl. China,,2022-03-08,121.89
World excl. China,,2022-03-09,122.09
World excl. China,,2022-03-10,122.27
World excl. China,,2022-03-11,122.43
World excl. China,,2022-03-12,122.59
World excl. China,,2022-03-13,122.73
World excl. China,,2022-03-14,122.87
World excl. China,,2022-03-15,123.05
World excl. China,,2022-03-16,123.22
World excl. China,,2022-03-17,123.37
World excl. China,,2022-03-18,123.55
World excl. China,,2022-03-19,123.66
World excl. China,,2022-03-20,123.77
World excl. China,,2022-03-21,123.9
World excl. China,,2022-03-22,124.09
World excl. China,,2022-03-23,124.29
World excl. China,,2022-03-24,124.49
World excl. China,,2022-03-25,124.65
World excl. China,,2022-03-26,124.79
World excl. China,,2022-03-27,124.95
World excl. China,,2022-03-28,125.24
World excl. China,,2022-03-29,125.5
World excl. China,,2022-03-30,125.71
World excl. China,,2022-03-31,126.19
World excl. China,,2022-04-01,126.28
World excl. China,,2022-04-02,126.33
World excl. China,,2022-04-03,126.46
World excl. China,,2022-04-04,126.65
World excl. China,,2022-04-05,126.8
World excl. China,,2022-04-06,126.92
World excl. China,,2022-04-07,127.07
World excl. China,,2022-04-08,127.2
World excl. China,,2022-04-09,127.31
World excl. China,,2022-04-10,127.51
World excl. China,,2022-04-11,127.62
World excl. China,,2022-04-12,127.77
World excl. China,,2022-04-13,127.9
World excl. China,,2022-04-14,128
World excl. China,,2022-04-15,128.05
World excl. China,,2022-04-16,128.09
World excl. China,,2022-04-17,128.22
World excl. China,,2022-04-18,128.35
World excl. China,,2022-04-19,128.49
World excl. China,,2022-04-20,128.58
World excl. China,,2022-04-21,128.72
World excl. China,,2022-04-22,128.82
World excl. China,,2022-04-23,128.94
World excl. China,,2022-04-24,129.06
World excl. China,,2022-04-25,129.17
World excl. China,,2022-04-26,129.45
World excl. China,,2022-04-27,129.58
World excl. China,,2022-04-28,129.69
World excl. China,,2022-04-29,129.83
World excl. China,,2022-04-30,129.92
World excl. China,,2022-05-01,130.17
World excl. China,,2022-05-02,130.22
World excl. China,,2022-05-03,130.29
World excl. China,,2022-05-04,130.35
World excl. China,,2022-05-05,130.42
World excl. China,,2022-05-06,130.59
World excl. China,,2022-05-07,130.66
World excl. China,,2022-05-08,130.77
World excl. China,,2022-05-09,130.84
World excl. China,,2022-05-10,130.94
World excl. China,,2022-05-11,131.05
World excl. China,,2022-05-12,131.14
World excl. China,,2022-05-13,131.28
World excl. China,,2022-05-14,131.35
World excl. China,,2022-05-15,131.47
World excl. China,,2022-05-16,131.54
World excl. China,,2022-05-17,131.6
World excl. China,,2022-05-18,131.71
World excl. China,,2022-05-19,131.78
World excl. China,,2022-05-20,131.91
World excl. China,,2022-05-21,131.97
World excl. China,,2022-05-22,132.21
World excl. China,,2022-05-23,132.27
World excl. China,,2022-05-24,132.39
World excl. China,,2022-05-25,132.45
World excl. China,,2022-05-26,132.55
World excl. China,,2022-05-27,132.65
World excl. China,,2022-05-28,132.71
World excl. China,,2022-05-29,132.8
World excl. China,,2022-05-30,132.89
World excl. China,,2022-05-31,132.96
World excl. China,,2022-06-01,133.04
World excl. China,,2022-06-02,133.09
World excl. China,,2022-06-03,133.21
World excl. China,,2022-06-04,133.3
World excl. China,,2022-06-05,133.46
World excl. China,,2022-06-06,133.56
World excl. China,,2022-06-07,133.84
World excl. China,,2022-06-08,134.03
World excl. China,,2022-06-09,134.12
World excl. China,,2022-06-10,134.22
World excl. China,,2022-06-11,134.29
World excl. China,,2022-06-12,134.41
World excl. China,,2022-06-13,134.48
World excl. China,,2022-06-14,134.59
World excl. China,,2022-06-15,134.69
World excl. China,,2022-06-16,134.79
World excl. China,,2022-06-17,134.89
World excl. China,,2022-06-18,135.04
World excl. China,,2022-06-19,135.27
World excl. China,,2022-06-20,135.42
World excl. China,,2022-06-21,135.51
World excl. China,,2022-06-22,135.59
World excl. China,,2022-06-23,135.73
World excl. China,,2022-06-24,135.83
World excl. China,,2022-06-25,135.89
World excl. China,,2022-06-26,136.32
World excl. China,,2022-06-27,136.43
World excl. China,,2022-06-28,136.5
World excl. China,,2022-06-29,136.64
World excl. China,,2022-06-30,136.72
World excl. China,,2022-07-01,136.79
World excl. China,,2022-07-02,136.86
World excl. China,,2022-07-03,137.01
World excl. China,,2022-07-04,137.07
World excl. China,,2022-07-05,137.15
World excl. China,,2022-07-06,137.23
World excl. China,,2022-07-07,137.34
World excl. China,,2022-07-08,137.45
World excl. China,,2022-07-09,137.48
World excl. China,,2022-07-10,137.76
World excl. China,,2022-07-11,137.88
World excl. China,,2022-07-12,138
World excl. China,,2022-07-13,138.08
World excl. China,,2022-07-14,138.18
World excl. China,,2022-07-15,138.3
World excl. China,,2022-07-16,138.35
World excl. China,,2022-07-17,138.51
World excl. China,,2022-07-18,138.62
World excl. China,,2022-07-19,138.87
World excl. China,,2022-07-20,138.95
World excl. China,,2022-07-21,139.08
World excl. China,,2022-07-22,139.19
World excl. China,,2022-07-23,139.29
World excl. China,,2022-07-24,139.42
World excl. China,,2022-07-25,139.49
World excl. China,,2022-07-26,139.61
World excl. China,,2022-07-27,139.7
World excl. China,,2022-07-28,139.8
World excl. China,,2022-07-29,139.89
World excl. China,,2022-07-30,139.98
World excl. China,,2022-07-31,140.03
World excl. China,,2022-08-01,140.09
World excl. China,,2022-08-02,140.16
World excl. China,,2022-08-03,140.19
Yemen,YEM,2021-05-09,0.06
Yemen,YEM,2021-05-29,0.32
Yemen,YEM,2021-06-07,0.59
Yemen,YEM,2021-06-10,0.67
Yemen,YEM,2021-06-16,0.72
Yemen,YEM,2021-06-20,0.76
Yemen,YEM,2021-06-27,0.81
Yemen,YEM,2021-07-12,0.9
Yemen,YEM,2021-07-27,0.94
Yemen,YEM,2021-09-12,0.98
Yemen,YEM,2021-10-11,1.4
Yemen,YEM,2021-10-28,1.62
Yemen,YEM,2021-11-01,1.66
Yemen,YEM,2022-01-17,2.11
Yemen,YEM,2022-01-20,2.16
Yemen,YEM,2022-01-26,2.22
Yemen,YEM,2022-01-31,2.26
Yemen,YEM,2022-02-07,2.3
Yemen,YEM,2022-02-13,2.33
Yemen,YEM,2022-02-17,2.34
Yemen,YEM,2022-03-06,2.38
Yemen,YEM,2022-03-16,2.45
Yemen,YEM,2022-04-06,2.47
Yemen,YEM,2022-04-19,2.49
Yemen,YEM,2022-05-11,2.51
Yemen,YEM,2022-05-21,2.54
Yemen,YEM,2022-05-25,2.54
Yemen,YEM,2022-06-07,2.61
Yemen,YEM,2022-06-19,2.62
Yemen,YEM,2022-07-04,2.65
Zambia,ZMB,2021-04-14,0
Zambia,ZMB,2021-04-15,0
Zambia,ZMB,2021-04-18,0.01
Zambia,ZMB,2021-04-19,0.01
Zambia,ZMB,2021-04-20,0.02
Zambia,ZMB,2021-04-21,0.05
Zambia,ZMB,2021-04-22,0.06
Zambia,ZMB,2021-04-25,0.07
Zambia,ZMB,2021-04-28,0.11
Zambia,ZMB,2021-04-29,0.14
Zambia,ZMB,2021-04-30,0.16
Zambia,ZMB,2021-05-02,0.22
Zambia,ZMB,2021-05-03,0.23
Zambia,ZMB,2021-05-04,0.27
Zambia,ZMB,2021-05-05,0.3
Zambia,ZMB,2021-05-06,0.33
Zambia,ZMB,2021-05-08,0.4
Zambia,ZMB,2021-05-10,0.42
Zambia,ZMB,2021-05-12,0.47
Zambia,ZMB,2021-05-14,0.52
Zambia,ZMB,2021-05-15,0.55
Zambia,ZMB,2021-05-17,0.59
Zambia,ZMB,2021-05-19,0.62
Zambia,ZMB,2021-05-20,0.65
Zambia,ZMB,2021-05-21,0.67
Zambia,ZMB,2021-05-22,0.69
Zambia,ZMB,2021-05-23,0.71
Zambia,ZMB,2021-05-25,0.74
Zambia,ZMB,2021-05-26,0.75
Zambia,ZMB,2021-05-27,0.75
Zambia,ZMB,2021-05-28,0.75
Zambia,ZMB,2021-05-29,0.76
Zambia,ZMB,2021-06-02,0.76
Zambia,ZMB,2021-06-15,0.76
Zambia,ZMB,2021-06-24,0.77
Zambia,ZMB,2021-06-25,0.77
Zambia,ZMB,2021-06-26,0.77
Zambia,ZMB,2021-06-27,0.78
Zambia,ZMB,2021-06-29,0.79
Zambia,ZMB,2021-06-30,0.8
Zambia,ZMB,2021-07-01,0.8
Zambia,ZMB,2021-07-02,0.82
Zambia,ZMB,2021-07-03,0.83
Zambia,ZMB,2021-07-04,0.84
Zambia,ZMB,2021-07-07,0.87
Zambia,ZMB,2021-07-08,0.88
Zambia,ZMB,2021-07-09,0.9
Zambia,ZMB,2021-07-10,0.93
Zambia,ZMB,2021-07-11,0.98
Zambia,ZMB,2021-07-12,1.02
Zambia,ZMB,2021-07-13,1.08
Zambia,ZMB,2021-07-14,1.11
Zambia,ZMB,2021-07-15,1.25
Zambia,ZMB,2021-07-16,1.34
Zambia,ZMB,2021-07-17,1.41
Zambia,ZMB,2021-07-18,1.46
Zambia,ZMB,2021-07-19,1.49
Zambia,ZMB,2021-07-20,1.55
Zambia,ZMB,2021-07-21,1.6
Zambia,ZMB,2021-07-22,1.66
Zambia,ZMB,2021-07-24,1.76
Zambia,ZMB,2021-07-26,1.86
Zambia,ZMB,2021-07-27,1.96
Zambia,ZMB,2021-07-28,2.06
Zambia,ZMB,2021-07-29,2.12
Zambia,ZMB,2021-07-30,2.18
Zambia,ZMB,2021-07-31,2.23
Zambia,ZMB,2021-08-01,2.25
Zambia,ZMB,2021-08-02,2.27
Zambia,ZMB,2021-08-03,2.28
Zambia,ZMB,2021-08-04,2.33
Zambia,ZMB,2021-08-05,2.39
Zambia,ZMB,2021-08-06,2.46
Zambia,ZMB,2021-08-07,2.52
Zambia,ZMB,2021-08-09,2.55
Zambia,ZMB,2021-08-10,2.59
Zambia,ZMB,2021-08-11,2.63
Zambia,ZMB,2021-08-13,2.67
Zambia,ZMB,2021-08-15,2.68
Zambia,ZMB,2021-08-17,2.71
Zambia,ZMB,2021-08-18,2.73
Zambia,ZMB,2021-08-19,2.75
Zambia,ZMB,2021-08-21,2.82
Zambia,ZMB,2021-08-23,2.84
Zambia,ZMB,2021-08-24,2.86
Zambia,ZMB,2021-08-25,2.87
Zambia,ZMB,2021-08-26,2.89
Zambia,ZMB,2021-08-27,2.91
Zambia,ZMB,2021-08-28,2.93
Zambia,ZMB,2021-08-30,2.95
Zambia,ZMB,2021-09-02,3.02
Zambia,ZMB,2021-09-03,3.04
Zambia,ZMB,2021-09-07,3.1
Zambia,ZMB,2021-09-16,3.27
Zambia,ZMB,2021-09-18,3.33
Zambia,ZMB,2021-09-23,3.44
Zambia,ZMB,2021-09-26,3.59
Zambia,ZMB,2021-09-27,3.61
Zambia,ZMB,2021-09-28,3.65
Zambia,ZMB,2021-09-29,3.7
Zambia,ZMB,2021-09-30,3.76
Zambia,ZMB,2021-10-01,3.8
Zambia,ZMB,2021-10-02,3.87
Zambia,ZMB,2021-10-07,3.97
Zambia,ZMB,2021-10-08,4.05
Zambia,ZMB,2021-10-09,4.08
Zambia,ZMB,2021-10-11,4.12
Zambia,ZMB,2021-10-12,4.16
Zambia,ZMB,2021-10-13,4.2
Zambia,ZMB,2021-10-14,4.25
Zambia,ZMB,2021-10-15,4.29
Zambia,ZMB,2021-10-16,4.33
Zambia,ZMB,2021-10-18,4.36
Zambia,ZMB,2021-10-19,4.38
Zambia,ZMB,2021-10-20,4.41
Zambia,ZMB,2021-10-21,4.45
Zambia,ZMB,2021-10-22,4.48
Zambia,ZMB,2021-11-11,5.06
Zambia,ZMB,2021-11-16,5.14
Zambia,ZMB,2021-11-17,5.17
Zambia,ZMB,2021-11-19,5.26
Zambia,ZMB,2021-11-22,5.29
Zambia,ZMB,2021-11-23,5.32
Zambia,ZMB,2021-11-24,5.43
Zambia,ZMB,2021-11-27,5.46
Zambia,ZMB,2021-11-29,5.58
Zambia,ZMB,2021-12-02,5.7
Zambia,ZMB,2021-12-03,5.83
Zambia,ZMB,2021-12-06,5.88
Zambia,ZMB,2021-12-07,5.92
Zambia,ZMB,2021-12-08,6.17
Zambia,ZMB,2021-12-11,6.38
Zambia,ZMB,2021-12-12,6.44
Zambia,ZMB,2021-12-13,6.49
Zambia,ZMB,2021-12-14,6.59
Zambia,ZMB,2021-12-15,6.74
Zambia,ZMB,2021-12-16,6.9
Zambia,ZMB,2021-12-18,7.23
Zambia,ZMB,2021-12-19,7.32
Zambia,ZMB,2021-12-20,7.37
Zambia,ZMB,2021-12-21,7.55
Zambia,ZMB,2021-12-22,7.74
Zambia,ZMB,2021-12-24,8.09
Zambia,ZMB,2021-12-25,8.2
Zambia,ZMB,2021-12-29,8.57
Zambia,ZMB,2021-12-31,8.88
Zambia,ZMB,2022-01-03,9.21
Zambia,ZMB,2022-01-05,9.33
Zambia,ZMB,2022-01-06,9.46
Zambia,ZMB,2022-01-08,9.74
Zambia,ZMB,2022-01-10,9.85
Zambia,ZMB,2022-01-11,10.1
Zambia,ZMB,2022-01-12,10.29
Zambia,ZMB,2022-01-13,10.47
Zambia,ZMB,2022-01-17,11.15
Zambia,ZMB,2022-01-18,11.38
Zambia,ZMB,2022-01-19,11.49
Zambia,ZMB,2022-01-21,11.6
Zambia,ZMB,2022-01-24,11.77
Zambia,ZMB,2022-01-25,11.84
Zambia,ZMB,2022-01-27,12
Zambia,ZMB,2022-01-29,12.17
Zambia,ZMB,2022-01-31,12.25
Zambia,ZMB,2022-02-03,12.5
Zambia,ZMB,2022-02-04,12.62
Zambia,ZMB,2022-02-07,12.8
Zambia,ZMB,2022-02-08,12.89
Zambia,ZMB,2022-02-09,12.99
Zambia,ZMB,2022-02-10,13.08
Zambia,ZMB,2022-02-12,13.25
Zambia,ZMB,2022-02-14,13.34
Zambia,ZMB,2022-02-16,13.53
Zambia,ZMB,2022-02-18,13.76
Zambia,ZMB,2022-02-20,13.94
Zambia,ZMB,2022-02-21,13.99
Zambia,ZMB,2022-02-22,14.11
Zambia,ZMB,2022-02-23,14.24
Zambia,ZMB,2022-02-27,14.49
Zambia,ZMB,2022-02-28,14.7
Zambia,ZMB,2022-03-01,14.84
Zambia,ZMB,2022-03-05,15.55
Zambia,ZMB,2022-03-08,15.78
Zambia,ZMB,2022-03-09,15.85
Zambia,ZMB,2022-03-11,16.08
Zambia,ZMB,2022-03-14,16.32
Zambia,ZMB,2022-03-16,16.52
Zambia,ZMB,2022-03-18,16.63
Zambia,ZMB,2022-03-19,16.78
Zambia,ZMB,2022-03-21,16.89
Zambia,ZMB,2022-03-23,17.08
Zambia,ZMB,2022-03-24,17.18
Zambia,ZMB,2022-03-28,17.41
Zambia,ZMB,2022-03-29,17.47
Zambia,ZMB,2022-03-30,17.54
Zambia,ZMB,2022-03-31,17.62
Zambia,ZMB,2022-04-02,17.76
Zambia,ZMB,2022-04-04,17.82
Zambia,ZMB,2022-04-05,17.86
Zambia,ZMB,2022-04-06,17.93
Zambia,ZMB,2022-04-07,18.02
Zambia,ZMB,2022-04-10,18.02
Zambia,ZMB,2022-04-12,18.33
Zambia,ZMB,2022-04-13,18.41
Zambia,ZMB,2022-04-14,18.5
Zambia,ZMB,2022-04-18,18.73
Zambia,ZMB,2022-04-20,18.79
Zambia,ZMB,2022-04-21,18.98
Zambia,ZMB,2022-04-22,19.07
Zambia,ZMB,2022-04-27,19.28
Zambia,ZMB,2022-04-29,19.45
Zambia,ZMB,2022-05-02,19.58
Zambia,ZMB,2022-05-03,19.63
Zambia,ZMB,2022-05-10,20.04
Zambia,ZMB,2022-05-13,20.26
Zambia,ZMB,2022-05-14,20.33
Zambia,ZMB,2022-05-16,20.69
Zambia,ZMB,2022-05-20,22.56
Zambia,ZMB,2022-05-22,23.91
Zambia,ZMB,2022-05-23,24.24
Zambia,ZMB,2022-05-26,25.28
Zambia,ZMB,2022-05-27,26.43
Zambia,ZMB,2022-05-31,26.97
Zambia,ZMB,2022-06-02,29.12
Zambia,ZMB,2022-06-03,30.25
Zambia,ZMB,2022-06-06,30.98
Zambia,ZMB,2022-06-07,31.2
Zambia,ZMB,2022-06-08,31.89
Zambia,ZMB,2022-06-17,34.28
Zambia,ZMB,2022-06-22,35.02
Zambia,ZMB,2022-06-23,35.52
Zambia,ZMB,2022-06-29,36.48
Zambia,ZMB,2022-06-30,36.97
Zambia,ZMB,2022-07-07,37.69
Zambia,ZMB,2022-07-08,38.03
Zambia,ZMB,2022-07-11,38.3
Zambia,ZMB,2022-07-18,39.12
Zambia,ZMB,2022-07-25,40
Zambia,ZMB,2022-08-01,41.75
Zimbabwe,ZWE,2021-02-18,0
Zimbabwe,ZWE,2021-02-21,0.01
Zimbabwe,ZWE,2021-02-23,0.03
Zimbabwe,ZWE,2021-02-24,0.04
Zimbabwe,ZWE,2021-02-25,0.07
Zimbabwe,ZWE,2021-02-26,0.08
Zimbabwe,ZWE,2021-02-27,0.1
Zimbabwe,ZWE,2021-02-28,0.12
Zimbabwe,ZWE,2021-03-01,0.14
Zimbabwe,ZWE,2021-03-02,0.16
Zimbabwe,ZWE,2021-03-03,0.18
Zimbabwe,ZWE,2021-03-04,0.19
Zimbabwe,ZWE,2021-03-05,0.2
Zimbabwe,ZWE,2021-03-06,0.2
Zimbabwe,ZWE,2021-03-07,0.2
Zimbabwe,ZWE,2021-03-08,0.23
Zimbabwe,ZWE,2021-03-09,0.23
Zimbabwe,ZWE,2021-03-10,0.23
Zimbabwe,ZWE,2021-03-11,0.23
Zimbabwe,ZWE,2021-03-12,0.23
Zimbabwe,ZWE,2021-03-13,0.23
Zimbabwe,ZWE,2021-03-15,0.24
Zimbabwe,ZWE,2021-03-16,0.25
Zimbabwe,ZWE,2021-03-17,0.25
Zimbabwe,ZWE,2021-03-18,0.25
Zimbabwe,ZWE,2021-03-19,0.26
Zimbabwe,ZWE,2021-03-20,0.27
Zimbabwe,ZWE,2021-03-21,0.27
Zimbabwe,ZWE,2021-03-22,0.28
Zimbabwe,ZWE,2021-03-23,0.29
Zimbabwe,ZWE,2021-03-24,0.33
Zimbabwe,ZWE,2021-03-25,0.37
Zimbabwe,ZWE,2021-03-26,0.43
Zimbabwe,ZWE,2021-03-27,0.46
Zimbabwe,ZWE,2021-03-28,0.5
Zimbabwe,ZWE,2021-03-29,0.51
Zimbabwe,ZWE,2021-03-30,0.54
Zimbabwe,ZWE,2021-03-31,0.58
Zimbabwe,ZWE,2021-04-01,0.66
Zimbabwe,ZWE,2021-04-02,0.78
Zimbabwe,ZWE,2021-04-03,0.83
Zimbabwe,ZWE,2021-04-04,0.87
Zimbabwe,ZWE,2021-04-05,0.91
Zimbabwe,ZWE,2021-04-06,1.02
Zimbabwe,ZWE,2021-04-07,1.12
Zimbabwe,ZWE,2021-04-08,1.14
Zimbabwe,ZWE,2021-04-09,1.21
Zimbabwe,ZWE,2021-04-10,1.32
Zimbabwe,ZWE,2021-04-11,1.32
Zimbabwe,ZWE,2021-04-12,1.39
Zimbabwe,ZWE,2021-04-13,1.56
Zimbabwe,ZWE,2021-04-15,1.83
Zimbabwe,ZWE,2021-04-17,1.88
Zimbabwe,ZWE,2021-04-18,1.91
Zimbabwe,ZWE,2021-04-20,1.96
Zimbabwe,ZWE,2021-04-21,2.08
Zimbabwe,ZWE,2021-04-23,2.17
Zimbabwe,ZWE,2021-04-24,2.32
Zimbabwe,ZWE,2021-04-25,2.44
Zimbabwe,ZWE,2021-04-26,2.57
Zimbabwe,ZWE,2021-04-27,2.71
Zimbabwe,ZWE,2021-04-28,2.86
Zimbabwe,ZWE,2021-04-29,3.13
Zimbabwe,ZWE,2021-05-01,3.25
Zimbabwe,ZWE,2021-05-02,3.28
Zimbabwe,ZWE,2021-05-03,3.36
Zimbabwe,ZWE,2021-05-04,3.5
Zimbabwe,ZWE,2021-05-05,3.6
Zimbabwe,ZWE,2021-05-06,3.8
Zimbabwe,ZWE,2021-05-07,4.01
Zimbabwe,ZWE,2021-05-08,4.11
Zimbabwe,ZWE,2021-05-09,4.28
Zimbabwe,ZWE,2021-05-10,4.32
Zimbabwe,ZWE,2021-05-11,4.44
Zimbabwe,ZWE,2021-05-12,4.57
Zimbabwe,ZWE,2021-05-13,4.7
Zimbabwe,ZWE,2021-05-14,4.85
Zimbabwe,ZWE,2021-05-15,4.96
Zimbabwe,ZWE,2021-05-16,4.98
Zimbabwe,ZWE,2021-05-17,5.09
Zimbabwe,ZWE,2021-05-18,5.2
Zimbabwe,ZWE,2021-05-19,5.42
Zimbabwe,ZWE,2021-05-21,5.65
Zimbabwe,ZWE,2021-05-23,5.7
Zimbabwe,ZWE,2021-05-24,5.8
Zimbabwe,ZWE,2021-05-26,5.86
Zimbabwe,ZWE,2021-05-27,5.96
Zimbabwe,ZWE,2021-05-28,6.11
Zimbabwe,ZWE,2021-05-29,6.27
Zimbabwe,ZWE,2021-05-30,6.33
Zimbabwe,ZWE,2021-05-31,6.38
Zimbabwe,ZWE,2021-06-01,6.45
Zimbabwe,ZWE,2021-06-02,6.5
Zimbabwe,ZWE,2021-06-03,6.56
Zimbabwe,ZWE,2021-06-04,6.6
Zimbabwe,ZWE,2021-06-05,6.64
Zimbabwe,ZWE,2021-06-06,6.68
Zimbabwe,ZWE,2021-06-07,6.71
Zimbabwe,ZWE,2021-06-08,6.75
Zimbabwe,ZWE,2021-06-09,6.78
Zimbabwe,ZWE,2021-06-10,6.81
Zimbabwe,ZWE,2021-06-11,6.9
Zimbabwe,ZWE,2021-06-13,6.92
Zimbabwe,ZWE,2021-06-14,6.93
Zimbabwe,ZWE,2021-06-15,6.96
Zimbabwe,ZWE,2021-06-16,7.01
Zimbabwe,ZWE,2021-06-17,7.04
Zimbabwe,ZWE,2021-06-18,7.09
Zimbabwe,ZWE,2021-06-20,7.12
Zimbabwe,ZWE,2021-06-21,7.13
Zimbabwe,ZWE,2021-06-22,7.17
Zimbabwe,ZWE,2021-06-23,7.3
Zimbabwe,ZWE,2021-06-24,7.46
Zimbabwe,ZWE,2021-06-25,7.64
Zimbabwe,ZWE,2021-06-26,7.81
Zimbabwe,ZWE,2021-06-27,7.97
Zimbabwe,ZWE,2021-06-28,8.12
Zimbabwe,ZWE,2021-06-29,8.23
Zimbabwe,ZWE,2021-06-30,8.33
Zimbabwe,ZWE,2021-07-01,8.39
Zimbabwe,ZWE,2021-07-02,8.46
Zimbabwe,ZWE,2021-07-03,8.5
Zimbabwe,ZWE,2021-07-04,8.51
Zimbabwe,ZWE,2021-07-05,8.56
Zimbabwe,ZWE,2021-07-06,8.64
Zimbabwe,ZWE,2021-07-07,8.75
Zimbabwe,ZWE,2021-07-08,9.15
Zimbabwe,ZWE,2021-07-10,9.24
Zimbabwe,ZWE,2021-07-11,9.33
Zimbabwe,ZWE,2021-07-12,9.58
Zimbabwe,ZWE,2021-07-13,10.09
Zimbabwe,ZWE,2021-07-15,10.83
Zimbabwe,ZWE,2021-07-17,11.08
Zimbabwe,ZWE,2021-07-18,11.16
Zimbabwe,ZWE,2021-07-19,11.43
Zimbabwe,ZWE,2021-07-20,11.86
Zimbabwe,ZWE,2021-07-21,12.19
Zimbabwe,ZWE,2021-07-22,12.61
Zimbabwe,ZWE,2021-07-23,13.23
Zimbabwe,ZWE,2021-07-25,13.62
Zimbabwe,ZWE,2021-07-27,14.23
Zimbabwe,ZWE,2021-07-28,14.53
Zimbabwe,ZWE,2021-07-29,14.85
Zimbabwe,ZWE,2021-07-30,15.09
Zimbabwe,ZWE,2021-07-31,15.21
Zimbabwe,ZWE,2021-08-02,15.46
Zimbabwe,ZWE,2021-08-03,16.28
Zimbabwe,ZWE,2021-08-05,17.41
Zimbabwe,ZWE,2021-08-07,17.84
Zimbabwe,ZWE,2021-08-08,18.05
Zimbabwe,ZWE,2021-08-09,18.39
Zimbabwe,ZWE,2021-08-10,18.59
Zimbabwe,ZWE,2021-08-11,18.87
Zimbabwe,ZWE,2021-08-12,19.97
Zimbabwe,ZWE,2021-08-14,20.23
Zimbabwe,ZWE,2021-08-15,20.57
Zimbabwe,ZWE,2021-08-16,20.92
Zimbabwe,ZWE,2021-08-17,21.58
Zimbabwe,ZWE,2021-08-18,22.15
Zimbabwe,ZWE,2021-08-19,22.64
Zimbabwe,ZWE,2021-08-20,23.13
Zimbabwe,ZWE,2021-08-21,23.47
Zimbabwe,ZWE,2021-08-22,23.59
Zimbabwe,ZWE,2021-08-23,23.94
Zimbabwe,ZWE,2021-08-24,24.32
Zimbabwe,ZWE,2021-08-25,25.11
Zimbabwe,ZWE,2021-08-27,25.49
Zimbabwe,ZWE,2021-08-28,25.7
Zimbabwe,ZWE,2021-08-29,25.87
Zimbabwe,ZWE,2021-08-30,26.09
Zimbabwe,ZWE,2021-08-31,26.38
Zimbabwe,ZWE,2021-09-01,26.7
Zimbabwe,ZWE,2021-09-02,27.03
Zimbabwe,ZWE,2021-09-03,27.34
Zimbabwe,ZWE,2021-09-04,27.51
Zimbabwe,ZWE,2021-09-05,27.71
Zimbabwe,ZWE,2021-09-07,28.1
Zimbabwe,ZWE,2021-09-08,28.41
Zimbabwe,ZWE,2021-09-09,28.71
Zimbabwe,ZWE,2021-09-10,29.05
Zimbabwe,ZWE,2021-09-11,29.38
Zimbabwe,ZWE,2021-09-13,29.65
Zimbabwe,ZWE,2021-09-14,29.96
Zimbabwe,ZWE,2021-09-15,30.3
Zimbabwe,ZWE,2021-09-16,30.98
Zimbabwe,ZWE,2021-09-18,31.16
Zimbabwe,ZWE,2021-09-19,31.3
Zimbabwe,ZWE,2021-09-20,31.48
Zimbabwe,ZWE,2021-09-21,31.73
Zimbabwe,ZWE,2021-09-22,31.98
Zimbabwe,ZWE,2021-09-23,32.24
Zimbabwe,ZWE,2021-09-24,32.44
Zimbabwe,ZWE,2021-09-25,32.57
Zimbabwe,ZWE,2021-09-26,32.67
Zimbabwe,ZWE,2021-09-27,32.85
Zimbabwe,ZWE,2021-09-28,33.02
Zimbabwe,ZWE,2021-09-29,33.21
Zimbabwe,ZWE,2021-09-30,33.43
Zimbabwe,ZWE,2021-10-01,33.61
Zimbabwe,ZWE,2021-10-02,33.73
Zimbabwe,ZWE,2021-10-03,33.83
Zimbabwe,ZWE,2021-10-04,33.91
Zimbabwe,ZWE,2021-10-05,34.14
Zimbabwe,ZWE,2021-10-06,34.31
Zimbabwe,ZWE,2021-10-07,34.48
Zimbabwe,ZWE,2021-10-08,34.66
Zimbabwe,ZWE,2021-10-09,34.76
Zimbabwe,ZWE,2021-10-10,34.82
Zimbabwe,ZWE,2021-10-11,34.9
Zimbabwe,ZWE,2021-10-12,35.01
Zimbabwe,ZWE,2021-10-13,35.11
Zimbabwe,ZWE,2021-10-14,35.26
Zimbabwe,ZWE,2021-10-15,35.37
Zimbabwe,ZWE,2021-10-16,35.45
Zimbabwe,ZWE,2021-10-17,35.53
Zimbabwe,ZWE,2021-10-18,35.79
Zimbabwe,ZWE,2021-10-19,35.88
Zimbabwe,ZWE,2021-10-20,36
Zimbabwe,ZWE,2021-10-21,36.11
Zimbabwe,ZWE,2021-10-22,36.22
Zimbabwe,ZWE,2021-10-23,36.29
Zimbabwe,ZWE,2021-10-24,36.36
Zimbabwe,ZWE,2021-10-25,36.44
Zimbabwe,ZWE,2021-10-26,36.54
Zimbabwe,ZWE,2021-10-27,36.64
Zimbabwe,ZWE,2021-10-28,36.73
Zimbabwe,ZWE,2021-10-29,36.84
Zimbabwe,ZWE,2021-10-30,36.91
Zimbabwe,ZWE,2021-10-31,36.96
Zimbabwe,ZWE,2021-11-01,37.04
Zimbabwe,ZWE,2021-11-02,37.15
Zimbabwe,ZWE,2021-11-03,37.26
Zimbabwe,ZWE,2021-11-04,37.36
Zimbabwe,ZWE,2021-11-05,37.45
Zimbabwe,ZWE,2021-11-06,37.56
Zimbabwe,ZWE,2021-11-07,37.65
Zimbabwe,ZWE,2021-11-08,37.73
Zimbabwe,ZWE,2021-11-09,37.87
Zimbabwe,ZWE,2021-11-10,38.01
Zimbabwe,ZWE,2021-11-11,38.15
Zimbabwe,ZWE,2021-11-12,38.33
Zimbabwe,ZWE,2021-11-13,38.49
Zimbabwe,ZWE,2021-11-14,38.55
Zimbabwe,ZWE,2021-11-15,38.71
Zimbabwe,ZWE,2021-11-16,38.94
Zimbabwe,ZWE,2021-11-18,39.46
Zimbabwe,ZWE,2021-11-19,39.78
Zimbabwe,ZWE,2021-11-20,39.99
Zimbabwe,ZWE,2021-11-21,40.14
Zimbabwe,ZWE,2021-11-22,40.23
Zimbabwe,ZWE,2021-11-23,40.36
Zimbabwe,ZWE,2021-11-24,40.56
Zimbabwe,ZWE,2021-11-25,40.72
Zimbabwe,ZWE,2021-11-26,40.92
Zimbabwe,ZWE,2021-11-27,41.02
Zimbabwe,ZWE,2021-11-28,41.07
Zimbabwe,ZWE,2021-11-29,41.18
Zimbabwe,ZWE,2021-11-30,41.34
Zimbabwe,ZWE,2021-12-01,41.52
Zimbabwe,ZWE,2021-12-02,41.78
Zimbabwe,ZWE,2021-12-03,41.96
Zimbabwe,ZWE,2021-12-04,42.16
Zimbabwe,ZWE,2021-12-05,42.26
Zimbabwe,ZWE,2021-12-06,42.36
Zimbabwe,ZWE,2021-12-07,42.57
Zimbabwe,ZWE,2021-12-08,42.74
Zimbabwe,ZWE,2021-12-09,42.96
Zimbabwe,ZWE,2021-12-10,43.14
Zimbabwe,ZWE,2021-12-11,43.22
Zimbabwe,ZWE,2021-12-12,43.35
Zimbabwe,ZWE,2021-12-13,43.49
Zimbabwe,ZWE,2021-12-14,43.65
Zimbabwe,ZWE,2021-12-15,43.85
Zimbabwe,ZWE,2021-12-16,44.13
Zimbabwe,ZWE,2021-12-17,44.35
Zimbabwe,ZWE,2021-12-18,44.47
Zimbabwe,ZWE,2021-12-19,44.54
Zimbabwe,ZWE,2021-12-20,44.61
Zimbabwe,ZWE,2021-12-21,44.72
Zimbabwe,ZWE,2021-12-22,44.82
Zimbabwe,ZWE,2021-12-23,44.94
Zimbabwe,ZWE,2021-12-24,45.02
Zimbabwe,ZWE,2021-12-25,45.07
Zimbabwe,ZWE,2021-12-26,45.11
Zimbabwe,ZWE,2021-12-27,45.16
Zimbabwe,ZWE,2021-12-28,45.18
Zimbabwe,ZWE,2021-12-29,45.26
Zimbabwe,ZWE,2021-12-31,45.42
Zimbabwe,ZWE,2022-01-01,45.49
Zimbabwe,ZWE,2022-01-02,45.57
Zimbabwe,ZWE,2022-01-03,45.62
Zimbabwe,ZWE,2022-01-04,45.69
Zimbabwe,ZWE,2022-01-05,45.79
Zimbabwe,ZWE,2022-01-06,45.89
Zimbabwe,ZWE,2022-01-07,45.99
Zimbabwe,ZWE,2022-01-08,46.05
Zimbabwe,ZWE,2022-01-09,46.1
Zimbabwe,ZWE,2022-01-10,46.17
Zimbabwe,ZWE,2022-01-11,46.23
Zimbabwe,ZWE,2022-01-12,46.37
Zimbabwe,ZWE,2022-01-13,46.5
Zimbabwe,ZWE,2022-01-14,46.61
Zimbabwe,ZWE,2022-01-15,46.67
Zimbabwe,ZWE,2022-01-16,46.71
Zimbabwe,ZWE,2022-01-17,46.77
Zimbabwe,ZWE,2022-01-18,46.86
Zimbabwe,ZWE,2022-01-19,46.97
Zimbabwe,ZWE,2022-01-20,47.05
Zimbabwe,ZWE,2022-01-21,47.16
Zimbabwe,ZWE,2022-01-22,47.23
Zimbabwe,ZWE,2022-01-23,47.28
Zimbabwe,ZWE,2022-01-24,47.32
Zimbabwe,ZWE,2022-01-25,47.38
Zimbabwe,ZWE,2022-01-26,47.44
Zimbabwe,ZWE,2022-01-27,47.5
Zimbabwe,ZWE,2022-01-28,47.61
Zimbabwe,ZWE,2022-01-29,47.65
Zimbabwe,ZWE,2022-01-30,47.68
Zimbabwe,ZWE,2022-01-31,47.72
Zimbabwe,ZWE,2022-02-01,47.79
Zimbabwe,ZWE,2022-02-02,47.91
Zimbabwe,ZWE,2022-02-03,47.97
Zimbabwe,ZWE,2022-02-04,48.05
Zimbabwe,ZWE,2022-02-05,48.1
Zimbabwe,ZWE,2022-02-06,48.12
Zimbabwe,ZWE,2022-02-07,48.16
Zimbabwe,ZWE,2022-02-08,48.21
Zimbabwe,ZWE,2022-02-09,48.3
Zimbabwe,ZWE,2022-02-10,48.37
Zimbabwe,ZWE,2022-02-11,48.43
Zimbabwe,ZWE,2022-02-12,48.48
Zimbabwe,ZWE,2022-02-13,48.51
Zimbabwe,ZWE,2022-02-14,48.55
Zimbabwe,ZWE,2022-02-15,48.59
Zimbabwe,ZWE,2022-02-16,48.66
Zimbabwe,ZWE,2022-02-17,48.74
Zimbabwe,ZWE,2022-02-18,48.84
Zimbabwe,ZWE,2022-02-19,48.9
Zimbabwe,ZWE,2022-02-20,48.92
Zimbabwe,ZWE,2022-02-21,48.95
Zimbabwe,ZWE,2022-02-22,49
Zimbabwe,ZWE,2022-02-23,49.07
Zimbabwe,ZWE,2022-02-24,49.14
Zimbabwe,ZWE,2022-02-25,49.21
Zimbabwe,ZWE,2022-02-26,49.25
Zimbabwe,ZWE,2022-02-27,49.28
Zimbabwe,ZWE,2022-02-28,49.34
Zimbabwe,ZWE,2022-03-01,49.4
Zimbabwe,ZWE,2022-03-02,49.46
Zimbabwe,ZWE,2022-03-03,49.53
Zimbabwe,ZWE,2022-03-04,49.59
Zimbabwe,ZWE,2022-03-05,49.62
Zimbabwe,ZWE,2022-03-06,49.63
Zimbabwe,ZWE,2022-03-07,49.67
Zimbabwe,ZWE,2022-03-08,49.71
Zimbabwe,ZWE,2022-03-09,49.79
Zimbabwe,ZWE,2022-03-10,49.85
Zimbabwe,ZWE,2022-03-11,49.93
Zimbabwe,ZWE,2022-03-12,49.97
Zimbabwe,ZWE,2022-03-13,50
Zimbabwe,ZWE,2022-03-14,51.04
Zimbabwe,ZWE,2022-03-15,51.11
Zimbabwe,ZWE,2022-03-16,51.19
Zimbabwe,ZWE,2022-03-17,51.24
Zimbabwe,ZWE,2022-03-18,51.3
Zimbabwe,ZWE,2022-03-19,51.32
Zimbabwe,ZWE,2022-03-20,51.34
Zimbabwe,ZWE,2022-03-21,51.46
Zimbabwe,ZWE,2022-03-22,51.98
Zimbabwe,ZWE,2022-03-23,52.61
Zimbabwe,ZWE,2022-03-24,53.47
Zimbabwe,ZWE,2022-03-25,54.34
Zimbabwe,ZWE,2022-03-26,54.97
Zimbabwe,ZWE,2022-03-27,55.3
Zimbabwe,ZWE,2022-03-28,55.86
Zimbabwe,ZWE,2022-03-29,56.52
Zimbabwe,ZWE,2022-03-30,57.54
Zimbabwe,ZWE,2022-03-31,58.58
Zimbabwe,ZWE,2022-04-01,59.28
Zimbabwe,ZWE,2022-04-02,60.03
Zimbabwe,ZWE,2022-04-03,60.61
Zimbabwe,ZWE,2022-04-04,61.09
Zimbabwe,ZWE,2022-04-05,61.32
Zimbabwe,ZWE,2022-04-06,61.65
Zimbabwe,ZWE,2022-04-07,61.8
Zimbabwe,ZWE,2022-04-08,62.15
Zimbabwe,ZWE,2022-04-09,62.56
Zimbabwe,ZWE,2022-04-10,62.68
Zimbabwe,ZWE,2022-04-11,62.8
Zimbabwe,ZWE,2022-04-12,62.99
Zimbabwe,ZWE,2022-04-13,63.04
Zimbabwe,ZWE,2022-04-14,63.2
Zimbabwe,ZWE,2022-04-15,63.3
Zimbabwe,ZWE,2022-04-16,63.38
Zimbabwe,ZWE,2022-04-17,63.43
Zimbabwe,ZWE,2022-04-18,63.48
Zimbabwe,ZWE,2022-04-19,63.58
Zimbabwe,ZWE,2022-04-21,63.67
Zimbabwe,ZWE,2022-04-22,63.76
Zimbabwe,ZWE,2022-04-23,63.86
Zimbabwe,ZWE,2022-04-25,63.97
Zimbabwe,ZWE,2022-04-26,64.05
Zimbabwe,ZWE,2022-04-27,64.1
Zimbabwe,ZWE,2022-04-28,64.31
Zimbabwe,ZWE,2022-04-29,64.43
Zimbabwe,ZWE,2022-04-30,64.49
Zimbabwe,ZWE,2022-05-01,64.53
Zimbabwe,ZWE,2022-05-02,64.59
Zimbabwe,ZWE,2022-05-03,64.66
Zimbabwe,ZWE,2022-05-04,64.96
Zimbabwe,ZWE,2022-05-06,65.54
Zimbabwe,ZWE,2022-05-07,65.96
Zimbabwe,ZWE,2022-05-08,66.34
Zimbabwe,ZWE,2022-05-09,66.42
Zimbabwe,ZWE,2022-05-10,67.15
Zimbabwe,ZWE,2022-05-11,67.61
Zimbabwe,ZWE,2022-05-12,68.33
Zimbabwe,ZWE,2022-05-13,68.82
Zimbabwe,ZWE,2022-05-14,69.74
Zimbabwe,ZWE,2022-05-15,70.88
Zimbabwe,ZWE,2022-05-16,71.63
Zimbabwe,ZWE,2022-05-17,71.84
Zimbabwe,ZWE,2022-05-18,72.33
Zimbabwe,ZWE,2022-05-19,72.55
Zimbabwe,ZWE,2022-05-20,72.65
Zimbabwe,ZWE,2022-05-21,72.87
Zimbabwe,ZWE,2022-05-22,73.02
Zimbabwe,ZWE,2022-05-23,73.08
Zimbabwe,ZWE,2022-05-24,73.17
Zimbabwe,ZWE,2022-05-25,73.22
Zimbabwe,ZWE,2022-05-26,73.29
Zimbabwe,ZWE,2022-05-27,73.38
Zimbabwe,ZWE,2022-05-28,73.42
Zimbabwe,ZWE,2022-05-30,73.55
Zimbabwe,ZWE,2022-05-31,73.6
Zimbabwe,ZWE,2022-06-01,73.63
Zimbabwe,ZWE,2022-06-02,73.66
Zimbabwe,ZWE,2022-06-03,73.82
Zimbabwe,ZWE,2022-06-04,73.83
Zimbabwe,ZWE,2022-06-05,73.84
Zimbabwe,ZWE,2022-06-07,73.87
Zimbabwe,ZWE,2022-06-08,73.94
Zimbabwe,ZWE,2022-06-09,73.96
Zimbabwe,ZWE,2022-06-10,74
Zimbabwe,ZWE,2022-06-11,74.1
Zimbabwe,ZWE,2022-06-12,74.12
Zimbabwe,ZWE,2022-06-14,74.15
Zimbabwe,ZWE,2022-06-15,74.2
Zimbabwe,ZWE,2022-06-16,74.24
Zimbabwe,ZWE,2022-06-17,74.32
Zimbabwe,ZWE,2022-06-18,74.34
Zimbabwe,ZWE,2022-06-19,74.38
Zimbabwe,ZWE,2022-06-21,74.47
Zimbabwe,ZWE,2022-06-22,74.54
Zimbabwe,ZWE,2022-06-23,74.59
Zimbabwe,ZWE,2022-06-24,74.64
Zimbabwe,ZWE,2022-06-25,74.67
Zimbabwe,ZWE,2022-06-26,74.69
Zimbabwe,ZWE,2022-06-28,74.72
Zimbabwe,ZWE,2022-06-29,74.77
Zimbabwe,ZWE,2022-07-01,74.87
Zimbabwe,ZWE,2022-07-02,74.94
Zimbabwe,ZWE,2022-07-03,75.07
Zimbabwe,ZWE,2022-07-04,75.18
Zimbabwe,ZWE,2022-07-05,75.19
Zimbabwe,ZWE,2022-07-07,75.29
Zimbabwe,ZWE,2022-07-08,75.32
Zimbabwe,ZWE,2022-07-09,75.35
Zimbabwe,ZWE,2022-07-10,75.38
Zimbabwe,ZWE,2022-07-11,75.41
Zimbabwe,ZWE,2022-07-13,75.47
Zimbabwe,ZWE,2022-07-14,75.5
Zimbabwe,ZWE,2022-07-18,75.55
Zimbabwe,ZWE,2022-07-19,75.58
Zimbabwe,ZWE,2022-07-20,75.67
Zimbabwe,ZWE,2022-07-21,75.8
Zimbabwe,ZWE,2022-07-22,75.9
Zimbabwe,ZWE,2022-07-23,75.92
Zimbabwe,ZWE,2022-07-24,75.96
Zimbabwe,ZWE,2022-07-25,75.99
Zimbabwe,ZWE,2022-07-26,76.01
Zimbabwe,ZWE,2022-07-27,76.09
Zimbabwe,ZWE,2022-07-28,76.11
Zimbabwe,ZWE,2022-07-29,76.13
Zimbabwe,ZWE,2022-07-30,76.16
Zimbabwe,ZWE,2022-07-31,76.17